Theta(deg),Phi(deg),rEPhi_Real,rEPhi_Imag,rETheta_Real,rETheta_Imag,rETotal,RealizedGain,RealizedGain_Total,RealizedGain_dB,RealizedGain_Theta,RealizedGain_Phi,Gain,Gain_Total,Gain_dB,Gain_Theta,Gain_Phi,Directivity,Directivity_Total,Directivity_dB,Directivity_Theta,Directivity_Phi
0.0,-180.0,0.005410924689719054,0.0008821389801721272,0.4112920011704616,1.75300709235773,1.800617958468282,5.403581083789041,5.403581083789041,7.326816726869923,5.403530991177214,5.009261182702939e-05,5.559811795235149,5.559811795235149,7.450600905615086,5.55976025432371,5.154091143844983e-05,5.553526293719466,5.553526293719466,7.4456883241864045,5.553474811076272,5.1482643193247055e-05
0.0,-175.0,-0.03045612536051038,-0.1519058530013229,0.4101985040938417,1.746413254602021,1.800617958468282,5.403581083789041,5.403581083789041,7.326816726869923,5.363577086666915,0.04000399712212613,5.559811795235149,5.559811795235149,7.450600905615086,5.518651184964415,0.04116061027073375,5.553526293719466,5.553526293719466,7.4456883241864045,5.512412216512759,0.04111407720670722
0.0,-170.0,-0.06609138590683494,-0.303537749718216,0.4059831487164388,1.726528157465636,1.8006179584682815,5.403581083789038,5.403581083789038,7.326816726869922,5.242746144922687,0.1608349388663521,5.559811795235145,5.559811795235145,7.450600905615083,5.3943267259210685,0.1654850693140777,5.553526293719463,5.553526293719463,7.445688324186401,5.3882283092730585,0.16529798444640506
0.0,-165.0,-0.1012236510993388,-0.4528595408786499,0.3986780164379766,1.693503138544734,1.8006179584682827,5.403581083789045,5.403581083789045,7.326816726869927,5.04470955296603,0.3588715308230146,5.559811795235152,5.559811795235152,7.450600905615089,5.190564412970502,0.36924738226465126,5.55352629371947,5.55352629371947,7.445688324186407,5.1846963545385725,0.36882993918089885
0.0,-160.0,-0.1355855431864649,-0.5987347974889294,0.3883387037260536,1.647589538174352,1.800617958468282,5.403581083789041,5.403581083789041,7.326816726869923,4.775484552432181,0.6280965313568593,5.559811795235149,5.559811795235149,7.450600905615086,4.913555460882993,0.6462563343521548,5.553526293719466,5.553526293719466,7.4456883241864045,4.908000567761747,0.6455257259577176
0.0,-155.0,-0.1689155474211526,-0.7400533207643631,0.3750438989934545,1.589136786576701,1.8006179584682822,5.403581083789042,5.403581083789042,7.326816726869925,4.443251408727953,0.9603296750610897,5.55981179523515,5.55981179523515,7.450600905615087,4.571716646494447,0.9880951487407035,5.553526293719467,5.553526293719467,7.4456883241864045,4.566548210408995,0.9869780833104723
0.0,-150.0,-0.2009600023459691,-0.8757395914123672,0.3588947837318177,1.518589744486174,1.800617958468282,5.403581083789041,5.403581083789041,7.326816726869923,4.058104857806705,1.3454762259823347,5.559811795235149,5.559811795235149,7.450600905615086,4.17543456920126,1.3843772260338871,5.553526293719466,5.553526293719466,7.4456883241864045,4.170714139575236,1.3828121541442289
0.0,-145.0,-0.231475030309966,-1.004760954983701,0.3400142624593865,1.43648531749055,1.8006179584682827,5.403581083789045,5.403581083789045,7.326816726869927,3.631747382724629,1.7718337010644147,5.559811795235152,5.559811795235152,7.450600905615089,3.736750059393589,1.8230617358415624,5.55352629371947,5.55352629371947,7.445688324186407,3.7325255732010576,1.8210007205184116
0.0,-140.0,-0.2602283935248595,-1.126135480996357,0.3185460273434144,1.343448369855272,1.8006179584682822,5.403581083789042,5.403581083789042,7.326816726869925,3.1771336396147913,2.2264474441742506,5.55981179523515,5.55981179523515,7.450600905615087,3.268992323916855,2.2908194713182946,5.553526293719467,5.553526293719467,7.4456883241864045,3.2652966491416144,2.2882296445778527
0.0,-135.0,-0.2870012615348285,-1.238939436019435,0.2946534646160086,1.240186968929092,1.8006179584682822,5.403581083789042,5.403581083789042,7.326816726869925,2.708076837015943,2.6955042467731,5.55981179523515,5.55981179523515,7.450600905615087,2.786373944866697,2.7734378503684534,5.553526293719467,5.553526293719467,7.4456883241864045,2.7832238818252235,2.770302411894244
0.0,-130.0,-0.3115898766484173,-1.34231431384232,0.2685184111062485,1.127486996323996,1.8006179584682822,5.403581083789042,5.403581083789042,7.326816726869925,2.2388290285208488,3.164752055268193,5.55981179523515,5.55981179523515,7.450600905615087,2.303559037473865,3.256252757761285,5.553526293719467,5.553526293719467,7.4456883241864045,2.300954808346196,3.2525714853732715
0.0,-125.0,-0.3338071046576002,-1.435473369225322,0.2403397703521203,1.006206166881612,1.8006179584682822,5.403581083789042,5.403581083789042,7.326816726869925,1.7836480713397835,3.619933012449258,5.55981179523515,5.55981179523515,7.450600905615087,1.8352176883833557,3.724594106851794,5.553526293719467,5.553526293719467,7.4456883241864045,1.8331429304622642,3.7203833632572025
0.0,-120.0,-0.3534838590420988,-1.517707605506002,0.2103319988244917,0.8772675009453625,1.8006179584682822,5.403581083789042,5.403581083789042,7.326816726869925,1.3563644085240114,4.047216675265029,5.55981179523515,5.55981179523515,7.450600905615087,1.3955802124951242,4.164231582740024,5.553526293719467,5.553526293719467,7.4456883241864045,1.3940024753586964,4.15952381836077
0.0,-115.0,-0.370470387819897,-1.588391170491873,0.1787234737838753,0.7416522996183202,1.8006179584682827,5.403581083789045,5.403581083789045,7.326816726869927,0.9699608379522324,4.433620245836811,5.559811795235152,5.559811795235152,7.450600905615089,0.998004772046746,4.561807023188405,5.55352629371947,5.55352629371947,7.445688324186407,0.9968765035480293,4.55664979017144
0.0,-110.0,-0.3846374132502494,-1.646986119573489,0.1457547551915795,0.6003926764692802,1.8006179584682822,5.403581083789042,5.403581083789042,7.326816726869925,0.6361780365866255,4.767403047202417,5.55981179523515,5.55981179523515,7.450600905615087,0.654571495613361,4.90524029962179,5.553526293719467,5.553526293719467,7.4456883241864045,0.6538314867282893,4.899694806991179
0.0,-105.0,-0.3958771157153472,-1.693046509807742,0.1116767549031484,0.4545637025252991,1.8006179584682827,5.403581083789045,5.403581083789045,7.326816726869927,0.3651578259444369,5.038423257844608,5.559811795235152,5.559811795235152,7.450600905615089,0.37571542951377396,5.184096365721378,5.55352629371947,5.55352629371947,7.445688324186407,0.3752906741463894,5.178235619573081
0.0,-100.0,-0.4041039542927133,-1.726221793812925,0.0767488270776361,0.3052752243320321,1.8006179584682822,5.403581083789042,5.403581083789042,7.326816726869925,0.16513501798318514,5.238446065805857,5.55981179523515,5.55981179523515,7.450600905615087,0.16990947420844235,5.389902321026708,5.553526293719467,5.553526293719467,7.4456883241864045,0.16971738744417794,5.3838089062752905
0.0,-95.0,-0.4092553177732729,-1.746259487645974,0.04123679433585417,0.1536634173513785,1.8006179584682822,5.403581083789042,5.403581083789042,7.326816726869925,0.04218720450634936,5.361393879282692,5.55981179523515,5.55981179523515,7.450600905615087,0.04340693950648148,5.516404855728668,5.553526293719467,5.553526293719467,7.4456883241864045,0.04335786691300036,5.510168426806467
0.0,-90.0,-0.4112920011704606,-1.75300709235773,0.005410924689719117,0.000882138980172193,1.800617958468282,5.403581083789041,5.403581083789041,7.326816726869923,5.009261182703074e-05,5.403530991177211,5.559811795235149,5.559811795235149,7.450600905615086,5.154091143845122e-05,5.559760254323708,5.553526293719466,5.553526293719466,7.4456883241864045,5.1482643193248444e-05,5.553474811076271
0.0,-85.0,-0.4101985040938411,-1.746413254602021,-0.03045612536051025,-0.1519058530013228,1.8006179584682815,5.403581083789038,5.403581083789038,7.326816726869922,0.04000399712212608,5.363577086666913,5.559811795235145,5.559811795235145,7.450600905615083,0.04116061027073369,5.518651184964413,5.553526293719463,5.553526293719463,7.445688324186401,0.04111407720670717,5.5124122165127565
0.0,-80.0,-0.4059831487164388,-1.726528157465636,-0.06609138590683498,-0.3035377497182163,1.8006179584682815,5.403581083789038,5.403581083789038,7.326816726869922,0.16083493886635242,5.242746144922687,5.559811795235145,5.559811795235145,7.450600905615083,0.165485069314078,5.3943267259210685,5.553526293719463,5.553526293719463,7.445688324186401,0.16529798444640534,5.3882283092730585
0.0,-75.0,-0.3986780164379768,-1.693503138544734,-0.1012236510993387,-0.4528595408786495,1.8006179584682827,5.403581083789045,5.403581083789045,7.326816726869927,0.358871530823014,5.044709552966032,5.559811795235152,5.559811795235152,7.450600905615089,0.36924738226465065,5.190564412970502,5.55352629371947,5.55352629371947,7.445688324186407,0.36882993918089824,5.1846963545385725
0.0,-70.0,-0.3883387037260536,-1.647589538174352,-0.1355855431864649,-0.5987347974889294,1.800617958468282,5.403581083789041,5.403581083789041,7.326816726869923,0.6280965313568593,4.775484552432181,5.559811795235149,5.559811795235149,7.450600905615086,0.6462563343521548,4.913555460882993,5.553526293719466,5.553526293719466,7.4456883241864045,0.6455257259577176,4.908000567761747
0.0,-65.0,-0.3750438989934545,-1.589136786576701,-0.1689155474211526,-0.7400533207643631,1.8006179584682822,5.403581083789042,5.403581083789042,7.326816726869925,0.9603296750610897,4.443251408727953,5.55981179523515,5.55981179523515,7.450600905615087,0.9880951487407035,4.571716646494447,5.553526293719467,5.553526293719467,7.4456883241864045,0.9869780833104723,4.566548210408995
0.0,-60.0,-0.3588947837318177,-1.518589744486174,-0.2009600023459693,-0.8757395914123678,1.8006179584682822,5.403581083789042,5.403581083789042,7.326816726869925,1.3454762259823372,4.058104857806705,5.55981179523515,5.55981179523515,7.450600905615087,1.3843772260338896,4.17543456920126,5.553526293719467,5.553526293719467,7.4456883241864045,1.3828121541442313,4.170714139575236
0.0,-55.0,-0.3400142624593864,-1.43648531749055,-0.231475030309966,-1.004760954983701,1.8006179584682827,5.403581083789045,5.403581083789045,7.326816726869927,1.7718337010644147,3.631747382724629,5.559811795235152,5.559811795235152,7.450600905615089,1.8230617358415624,3.736750059393589,5.55352629371947,5.55352629371947,7.445688324186407,1.8210007205184116,3.7325255732010576
0.0,-50.0,-0.3185460273434143,-1.343448369855273,-0.2602283935248593,-1.126135480996357,1.800617958468283,5.403581083789047,5.403581083789047,7.326816726869928,2.2264474441742506,3.1771336396147962,5.559811795235155,5.559811795235155,7.450600905615091,2.2908194713182946,3.26899232391686,5.5535262937194725,5.5535262937194725,7.445688324186409,2.2882296445778527,3.2652966491416193
0.0,-45.0,-0.2946534646160085,-1.240186968929093,-0.2870012615348283,-1.238939436019435,1.8006179584682827,5.403581083789045,5.403581083789045,7.326816726869927,2.6955042467731,2.7080768370159465,5.559811795235152,5.559811795235152,7.450600905615089,2.7734378503684534,2.7863739448667006,5.55352629371947,5.55352629371947,7.445688324186407,2.770302411894244,2.783223881825227
0.0,-40.0,-0.2685184111062485,-1.127486996323996,-0.3115898766484173,-1.34231431384232,1.8006179584682822,5.403581083789042,5.403581083789042,7.326816726869925,3.164752055268193,2.2388290285208488,5.55981179523515,5.55981179523515,7.450600905615087,3.256252757761285,2.303559037473865,5.553526293719467,5.553526293719467,7.4456883241864045,3.2525714853732715,2.300954808346196
0.0,-35.0,-0.2403397703521204,-1.006206166881611,-0.3338071046576005,-1.435473369225323,1.8006179584682824,5.403581083789043,5.403581083789043,7.326816726869926,3.6199330124492635,1.7836480713397795,5.559811795235151,5.559811795235151,7.450600905615088,3.724594106851799,1.8352176883833518,5.553526293719468,5.553526293719468,7.445688324186406,3.7203833632572074,1.8331429304622604
0.0,-30.0,-0.2103319988244916,-0.8772675009453627,-0.3534838590420987,-1.517707605506002,1.8006179584682822,5.403581083789042,5.403581083789042,7.326816726869925,4.047216675265029,1.3563644085240116,5.55981179523515,5.55981179523515,7.450600905615087,4.164231582740024,1.3955802124951247,5.553526293719467,5.553526293719467,7.4456883241864045,4.15952381836077,1.3940024753586964
0.0,-25.0,-0.1787234737838752,-0.7416522996183204,-0.3704703878198967,-1.588391170491873,1.8006179584682822,5.403581083789042,5.403581083789042,7.326816726869925,4.433620245836811,0.9699608379522328,5.55981179523515,5.55981179523515,7.450600905615087,4.561807023188405,0.9980047720467463,5.553526293719467,5.553526293719467,7.4456883241864045,4.55664979017144,0.9968765035480294
0.0,-20.0,-0.1457547551915795,-0.6003926764692802,-0.3846374132502491,-1.646986119573489,1.8006179584682822,5.403581083789042,5.403581083789042,7.326816726869925,4.767403047202416,0.6361780365866255,5.55981179523515,5.55981179523515,7.450600905615087,4.905240299621789,0.654571495613361,5.553526293719467,5.553526293719467,7.4456883241864045,4.899694806991178,0.6538314867282893
0.0,-15.0,-0.1116767549031484,-0.4545637025252989,-0.3958771157153471,-1.693046509807742,1.8006179584682827,5.403581083789045,5.403581083789045,7.326816726869927,5.038423257844608,0.3651578259444365,5.559811795235152,5.559811795235152,7.450600905615089,5.184096365721378,0.37571542951377357,5.55352629371947,5.55352629371947,7.445688324186407,5.178235619573081,0.375290674146389
0.0,-10.0,-0.07674882707763606,-0.3052752243320321,-0.4041039542927133,-1.726221793812925,1.8006179584682822,5.403581083789042,5.403581083789042,7.326816726869925,5.238446065805857,0.16513501798318514,5.55981179523515,5.55981179523515,7.450600905615087,5.389902321026708,0.16990947420844235,5.553526293719467,5.553526293719467,7.4456883241864045,5.3838089062752905,0.16971738744417794
0.0,-5.0,-0.04123679433585414,-0.1536634173513783,-0.4092553177732734,-1.746259487645974,1.800617958468282,5.403581083789041,5.403581083789041,7.326816726869923,5.361393879282692,0.04218720450634925,5.559811795235149,5.559811795235149,7.450600905615086,5.516404855728668,0.04340693950648138,5.553526293719466,5.553526293719466,7.4456883241864045,5.510168426806467,0.043357866913000254
0.0,0.0,-0.005410924689719116,-0.0008821389801723003,-0.4112920011704616,-1.753007092357729,1.800617958468281,5.403581083789036,5.403581083789036,7.32681672686992,5.403530991177208,5.009261182703103e-05,5.559811795235143,5.559811795235143,7.450600905615082,5.559760254323703,5.154091143845151e-05,5.553526293719461,5.553526293719461,7.4456883241864,5.553474811076267,5.148264319324875e-05
0.0,5.0,0.03045612536051036,0.1519058530013228,-0.4101985040938416,-1.746413254602021,1.800617958468282,5.403581083789041,5.403581083789041,7.326816726869923,5.363577086666915,0.04000399712212608,5.559811795235149,5.559811795235149,7.450600905615086,5.518651184964415,0.0411606102707337,5.553526293719466,5.553526293719466,7.4456883241864045,5.512412216512759,0.04111407720670717
0.0,10.0,0.06609138590683494,0.3035377497182161,-0.4059831487164388,-1.726528157465636,1.8006179584682815,5.403581083789038,5.403581083789038,7.326816726869922,5.242746144922687,0.16083493886635222,5.559811795235145,5.559811795235145,7.450600905615083,5.3943267259210685,0.1654850693140778,5.553526293719463,5.553526293719463,7.445688324186401,5.3882283092730585,0.16529798444640514
0.0,15.0,0.1012236510993386,0.4528595408786495,-0.3986780164379766,-1.693503138544734,1.8006179584682827,5.403581083789045,5.403581083789045,7.326816726869927,5.04470955296603,0.35887153082301404,5.559811795235152,5.559811795235152,7.450600905615089,5.190564412970502,0.36924738226465076,5.55352629371947,5.55352629371947,7.445688324186407,5.1846963545385725,0.3688299391808983
0.0,20.0,0.1355855431864648,0.5987347974889292,-0.3883387037260535,-1.647589538174352,1.800617958468282,5.403581083789041,5.403581083789041,7.326816726869923,4.775484552432181,0.6280965313568586,5.559811795235149,5.559811795235149,7.450600905615086,4.913555460882993,0.6462563343521541,5.553526293719466,5.553526293719466,7.4456883241864045,4.908000567761747,0.6455257259577171
0.0,25.0,0.1689155474211526,0.740053320764363,-0.3750438989934546,-1.589136786576701,1.8006179584682822,5.403581083789042,5.403581083789042,7.326816726869925,4.443251408727953,0.9603296750610896,5.55981179523515,5.55981179523515,7.450600905615087,4.571716646494447,0.9880951487407034,5.553526293719467,5.553526293719467,7.4456883241864045,4.566548210408995,0.9869780833104723
0.0,30.0,0.2009600023459692,0.8757395914123672,-0.3588947837318179,-1.518589744486174,1.800617958468282,5.403581083789041,5.403581083789041,7.326816726869923,4.058104857806705,1.3454762259823352,5.559811795235149,5.559811795235149,7.450600905615086,4.17543456920126,1.3843772260338876,5.553526293719466,5.553526293719466,7.4456883241864045,4.170714139575236,1.3828121541442293
0.0,35.0,0.2314750303099661,1.004760954983701,-0.3400142624593865,-1.43648531749055,1.8006179584682827,5.403581083789045,5.403581083789045,7.326816726869927,3.631747382724629,1.771833701064415,5.559811795235152,5.559811795235152,7.450600905615089,3.736750059393589,1.823061735841563,5.55352629371947,5.55352629371947,7.445688324186407,3.7325255732010576,1.8210007205184122
0.0,40.0,0.2602283935248593,1.126135480996356,-0.3185460273434143,-1.343448369855273,1.8006179584682824,5.403581083789043,5.403581083789043,7.326816726869926,3.1771336396147962,2.2264474441742466,5.559811795235151,5.559811795235151,7.450600905615088,3.26899232391686,2.2908194713182906,5.553526293719468,5.553526293719468,7.445688324186406,3.2652966491416193,2.2882296445778483
0.0,45.0,0.2870012615348283,1.238939436019435,-0.2946534646160086,-1.240186968929093,1.8006179584682827,5.403581083789045,5.403581083789045,7.326816726869927,2.7080768370159465,2.6955042467731,5.559811795235152,5.559811795235152,7.450600905615089,2.7863739448667006,2.7734378503684534,5.55352629371947,5.55352629371947,7.445688324186407,2.783223881825227,2.770302411894244
0.0,50.0,0.3115898766484173,1.34231431384232,-0.2685184111062485,-1.127486996323996,1.8006179584682822,5.403581083789042,5.403581083789042,7.326816726869925,2.2388290285208488,3.164752055268193,5.55981179523515,5.55981179523515,7.450600905615087,2.303559037473865,3.256252757761285,5.553526293719467,5.553526293719467,7.4456883241864045,2.300954808346196,3.2525714853732715
0.0,55.0,0.3338071046576004,1.435473369225323,-0.2403397703521204,-1.006206166881611,1.8006179584682824,5.403581083789043,5.403581083789043,7.326816726869926,1.7836480713397795,3.6199330124492635,5.559811795235151,5.559811795235151,7.450600905615088,1.8352176883833518,3.724594106851799,5.553526293719468,5.553526293719468,7.445688324186406,1.8331429304622604,3.7203833632572074
0.0,60.0,0.3534838590420987,1.517707605506002,-0.2103319988244918,-0.8772675009453632,1.8006179584682824,5.403581083789043,5.403581083789043,7.326816726869926,1.3563644085240132,4.047216675265029,5.559811795235151,5.559811795235151,7.450600905615088,1.3955802124951264,4.164231582740024,5.553526293719468,5.553526293719468,7.445688324186406,1.3940024753586981,4.15952381836077
0.0,65.0,0.3704703878198969,1.588391170491873,-0.1787234737838753,-0.7416522996183206,1.8006179584682824,5.403581083789043,5.403581083789043,7.326816726869926,0.9699608379522333,4.433620245836811,5.559811795235151,5.559811795235151,7.450600905615088,0.998004772046747,4.561807023188405,5.553526293719468,5.553526293719468,7.445688324186406,0.9968765035480301,4.55664979017144
0.0,70.0,0.3846374132502493,1.646986119573489,-0.1457547551915796,-0.6003926764692805,1.8006179584682824,5.403581083789043,5.403581083789043,7.326816726869926,0.6361780365866262,4.767403047202417,5.559811795235151,5.559811795235151,7.450600905615088,0.6545714956133616,4.90524029962179,5.553526293719468,5.553526293719468,7.445688324186406,0.65383148672829,4.899694806991179
0.0,75.0,0.3958771157153472,1.693046509807742,-0.1116767549031484,-0.4545637025252989,1.8006179584682827,5.403581083789045,5.403581083789045,7.326816726869927,0.3651578259444365,5.038423257844608,5.559811795235152,5.559811795235152,7.450600905615089,0.37571542951377357,5.184096365721378,5.55352629371947,5.55352629371947,7.445688324186407,0.375290674146389,5.178235619573081
0.0,80.0,0.4041039542927134,1.726221793812925,-0.07674882707763615,-0.3052752243320322,1.8006179584682822,5.403581083789042,5.403581083789042,7.326816726869925,0.16513501798318528,5.238446065805857,5.55981179523515,5.55981179523515,7.450600905615087,0.1699094742084425,5.389902321026708,5.553526293719467,5.553526293719467,7.4456883241864045,0.16971738744417808,5.3838089062752905
0.0,85.0,0.4092553177732728,1.746259487645974,-0.04123679433585408,-0.1536634173513783,1.800617958468282,5.403581083789041,5.403581083789041,7.326816726869923,0.042187204506349246,5.361393879282692,5.559811795235149,5.559811795235149,7.450600905615086,0.04340693950648137,5.516404855728668,5.553526293719466,5.553526293719466,7.4456883241864045,0.04335786691300025,5.510168426806467
0.0,90.0,0.4112920011704607,1.75300709235773,-0.005410924689719171,-0.0008821389801724024,1.800617958468282,5.403581083789041,5.403581083789041,7.326816726869923,5.0092611827032316e-05,5.403530991177212,5.559811795235149,5.559811795235149,7.450600905615086,5.154091143845284e-05,5.559760254323708,5.553526293719466,5.553526293719466,7.4456883241864045,5.1482643193250064e-05,5.5534748110762715
0.0,95.0,0.4101985040938412,1.746413254602021,0.03045612536051032,0.151905853001323,1.8006179584682815,5.403581083789038,5.403581083789038,7.326816726869922,0.040003997122126184,5.363577086666913,5.559811795235145,5.559811795235145,7.450600905615083,0.0411606102707338,5.518651184964413,5.553526293719463,5.553526293719463,7.445688324186401,0.041114077206707275,5.5124122165127565
0.0,100.0,0.4059831487164388,1.726528157465636,0.06609138590683494,0.3035377497182161,1.8006179584682815,5.403581083789038,5.403581083789038,7.326816726869922,0.16083493886635222,5.242746144922687,5.559811795235145,5.559811795235145,7.450600905615083,0.1654850693140778,5.3943267259210685,5.553526293719463,5.553526293719463,7.445688324186401,0.16529798444640514,5.3882283092730585
0.0,105.0,0.3986780164379768,1.693503138544733,0.1012236510993388,0.4528595408786496,1.8006179584682815,5.403581083789038,5.403581083789038,7.326816726869922,0.3588715308230142,5.044709552966025,5.559811795235145,5.559811795235145,7.450600905615083,0.3692473822646509,5.190564412970496,5.553526293719463,5.553526293719463,7.445688324186401,0.36882993918089846,5.184696354538566
0.0,110.0,0.3883387037260535,1.647589538174352,0.1355855431864648,0.5987347974889291,1.800617958468282,5.403581083789041,5.403581083789041,7.326816726869923,0.6280965313568586,4.775484552432181,5.559811795235149,5.559811795235149,7.450600905615086,0.6462563343521541,4.913555460882993,5.553526293719466,5.553526293719466,7.4456883241864045,0.6455257259577168,4.908000567761747
0.0,115.0,0.3750438989934545,1.589136786576701,0.1689155474211525,0.7400533207643629,1.8006179584682822,5.403581083789042,5.403581083789042,7.326816726869925,0.9603296750610895,4.443251408727953,5.55981179523515,5.55981179523515,7.450600905615087,0.9880951487407031,4.571716646494447,5.553526293719467,5.553526293719467,7.4456883241864045,0.9869780833104721,4.566548210408995
0.0,120.0,0.3588947837318178,1.518589744486174,0.2009600023459691,0.8757395914123671,1.800617958468282,5.403581083789041,5.403581083789041,7.326816726869923,1.3454762259823347,4.058104857806705,5.559811795235149,5.559811795235149,7.450600905615086,1.3843772260338871,4.17543456920126,5.553526293719466,5.553526293719466,7.4456883241864045,1.3828121541442289,4.170714139575236
0.0,125.0,0.3400142624593863,1.436485317490549,0.2314750303099661,1.004760954983701,1.8006179584682815,5.403581083789038,5.403581083789038,7.326816726869922,1.771833701064415,3.6317473827246247,5.559811795235145,5.559811795235145,7.450600905615083,1.823061735841563,3.736750059393584,5.553526293719463,5.553526293719463,7.445688324186401,1.8210007205184122,3.7325255732010527
0.0,130.0,0.3185460273434141,1.343448369855273,0.2602283935248592,1.126135480996356,1.8006179584682824,5.403581083789043,5.403581083789043,7.326816726869926,2.2264474441742466,3.1771336396147962,5.559811795235151,5.559811795235151,7.450600905615088,2.2908194713182906,3.26899232391686,5.553526293719468,5.553526293719468,7.445688324186406,2.2882296445778483,3.2652966491416193
0.0,135.0,0.2946534646160083,1.240186968929093,0.2870012615348281,1.238939436019435,1.8006179584682827,5.403581083789045,5.403581083789045,7.326816726869927,2.6955042467731,2.708076837015946,5.559811795235152,5.559811795235152,7.450600905615089,2.7734378503684534,2.7863739448667,5.55352629371947,5.55352629371947,7.445688324186407,2.770302411894244,2.783223881825227
0.0,140.0,0.2685184111062485,1.127486996323996,0.3115898766484173,1.34231431384232,1.8006179584682822,5.403581083789042,5.403581083789042,7.326816726869925,3.164752055268193,2.2388290285208488,5.55981179523515,5.55981179523515,7.450600905615087,3.256252757761285,2.303559037473865,5.553526293719467,5.553526293719467,7.4456883241864045,3.2525714853732715,2.300954808346196
0.0,145.0,0.2403397703521204,1.006206166881611,0.3338071046576006,1.435473369225323,1.8006179584682824,5.403581083789043,5.403581083789043,7.326816726869926,3.6199330124492635,1.7836480713397795,5.559811795235151,5.559811795235151,7.450600905615088,3.724594106851799,1.8352176883833518,5.553526293719468,5.553526293719468,7.445688324186406,3.7203833632572074,1.8331429304622604
0.0,150.0,0.2103319988244916,0.8772675009453627,0.3534838590420987,1.517707605506002,1.8006179584682822,5.403581083789042,5.403581083789042,7.326816726869925,4.047216675265029,1.3563644085240116,5.55981179523515,5.55981179523515,7.450600905615087,4.164231582740024,1.3955802124951247,5.553526293719467,5.553526293719467,7.4456883241864045,4.15952381836077,1.3940024753586964
0.0,155.0,0.1787234737838753,0.7416522996183205,0.3704703878198969,1.588391170491873,1.8006179584682824,5.403581083789043,5.403581083789043,7.326816726869926,4.433620245836811,0.9699608379522331,5.559811795235151,5.559811795235151,7.450600905615088,4.561807023188405,0.9980047720467466,5.553526293719468,5.553526293719468,7.445688324186406,4.55664979017144,0.9968765035480298
0.0,160.0,0.1457547551915796,0.6003926764692805,0.3846374132502492,1.646986119573489,1.8006179584682824,5.403581083789043,5.403581083789043,7.326816726869926,4.767403047202416,0.6361780365866262,5.559811795235151,5.559811795235151,7.450600905615088,4.905240299621789,0.6545714956133616,5.553526293719468,5.553526293719468,7.445688324186406,4.899694806991178,0.65383148672829
0.0,165.0,0.1116767549031485,0.4545637025252994,0.395877115715347,1.693046509807742,1.8006179584682827,5.403581083789045,5.403581083789045,7.326816726869927,5.038423257844608,0.3651578259444374,5.559811795235152,5.559811795235152,7.450600905615089,5.184096365721378,0.37571542951377446,5.55352629371947,5.55352629371947,7.445688324186407,5.178235619573081,0.3752906741463899
0.0,170.0,0.07674882707763604,0.305275224332032,0.4041039542927133,1.726221793812925,1.8006179584682822,5.403581083789042,5.403581083789042,7.326816726869925,5.238446065805857,0.16513501798318506,5.55981179523515,5.55981179523515,7.450600905615087,5.389902321026708,0.1699094742084423,5.553526293719467,5.553526293719467,7.4456883241864045,5.3838089062752905,0.16971738744417786
0.0,175.0,0.04123679433585413,0.1536634173513783,0.4092553177732734,1.746259487645974,1.800617958468282,5.403581083789041,5.403581083789041,7.326816726869923,5.361393879282692,0.04218720450634925,5.559811795235149,5.559811795235149,7.450600905615086,5.516404855728668,0.04340693950648138,5.553526293719466,5.553526293719466,7.4456883241864045,5.510168426806467,0.043357866913000254
0.0,180.0,0.005410924689719154,0.0008821389801725566,0.4112920011704616,1.75300709235773,1.800617958468282,5.403581083789041,5.403581083789041,7.326816726869923,5.403530991177214,5.0092611827032465e-05,5.559811795235149,5.559811795235149,7.450600905615086,5.55976025432371,5.1540911438452995e-05,5.553526293719466,5.553526293719466,7.4456883241864045,5.553474811076272,5.148264319325022e-05
5.0,-180.0,0.006383263729933529,0.00029398227035440675,0.4111614490225457,1.7416533162804304,1.789539282540163,5.3372923311517955,5.3372923311517955,7.273209903863529,5.337224278619349,6.805253244593209e-05,5.491606473044342,5.491606473044342,7.396994082608693,5.491536452947164,7.002009717659439e-05,5.485398079292699,5.485398079292699,7.3920815011800105,5.485328138354932,6.994093776560337e-05
5.0,-175.0,-0.02936622798518875,-0.15217214715332816,0.4102620111307185,1.7349621043479093,1.7895326649758814,5.33725285751729,5.33725285751729,7.273177784121952,5.29722257106902,0.04003028644826943,5.491565858130765,5.491565858130765,7.396961962867113,5.4503781984453346,0.041187659685430006,5.4853575102952625,5.4853575102952625,7.392049381438431,5.444216414253875,0.04114109604138687
5.0,-170.0,-0.06491777933280392,-0.3034523194805588,0.40624899465290454,1.7149603875701593,1.789532063099994,5.337249267347273,5.337249267347273,7.273174862784714,5.1767570012802775,0.16049226606699488,5.4915621641601735,5.4915621641601735,7.3969590415298745,5.32642967515205,0.16513248900812313,5.485353820500794,5.485353820500794,7.392046460101193,5.320408017759791,0.1649458027410019
5.0,-165.0,-0.0999993271110441,-0.4523774143405887,0.39914903220314524,1.6818089128558764,1.789538029687637,5.337284857901108,5.337284857901108,7.273203822889121,4.979551301732714,0.35773355616839325,5.491598783723744,5.491598783723744,7.396988001634282,5.123522277737128,0.36807650598661723,5.485390398665064,5.485390398665064,7.392075420205602,5.1177300120582885,0.3676603866067762
5.0,-160.0,-0.1343418406481622,-0.597798701786749,0.38901280453945647,1.635772442529974,1.7895511906181363,5.337363362959064,5.337363362959064,7.273267701928068,4.711693073173183,0.6256702897858802,5.491679558554444,5.491679558554444,7.39705188067323,4.847919614336027,0.6437599442184178,5.485471082177867,5.485471082177867,7.392139299244549,4.842438924124546,0.6430321580533198
5.0,-155.0,-0.16768153386749335,-0.7385974640903825,0.3759147008129923,1.5772170330170667,1.789572223266605,5.3374888240776315,5.3374888240776315,7.273369786847907,4.381439163140037,0.9560496609375957,5.491808647060017,5.491808647060017,7.397153965593067,4.508117258092434,0.9836913889675847,5.485600024745767,5.485600024745767,7.392241384164386,4.50302072265163,0.9825793020941372
5.0,-150.0,-0.1997620312001356,-0.8736941883734879,0.35995225532178426,1.5066063495106994,1.7896018334825228,5.3376654534441155,5.3376654534441155,7.27351350216521,3.9989529857857278,1.338712467658387,5.491990383212384,5.491990383212384,7.397297680910373,4.114572472256125,1.3774179109562577,5.485781555441024,5.485781555441024,7.392385099481691,4.109920848700645,1.3758607067403767
5.0,-145.0,-0.23033646006791925,-1.0020572184274725,0.3412453703271832,1.4244971007091773,1.7896407311351101,5.3378974882005945,5.3378974882005945,7.2737022911122935,3.575983074242655,1.7619144139579408,5.492229126659733,5.492229126659733,7.397486469857457,3.6793734687135045,1.8128556579462298,5.4860200289831385,5.4860200289831385,7.392573888428775,3.6752138481425023,1.810806180840638
5.0,-140.0,-0.2591694453048595,-1.1227107736729587,0.31993533868336443,1.3315336929521182,1.7896896041230466,5.338189035612494,5.338189035612494,7.273939489325235,3.1254940268674294,2.2126950087450648,5.492529103418556,5.492529103418556,7.397723668070398,3.215859683987478,2.276669419431078,5.486319666610991,5.486319666610991,7.392811086641716,3.2122240769449424,2.2740955896660475
5.0,-135.0,-0.286038984324716,-1.2347422651652327,0.2961836834339815,1.2284422134031145,1.789749090778411,5.33854390864541,5.33854390864541,7.27422819074885,2.661262379741342,2.677281528904068,5.492894236696585,5.492894236696585,7.398012369494014,2.7382059674260133,2.754688269270571,5.486684387097029,5.486684387097029,7.3930997880653315,2.7351103594463946,2.7515740276506353
5.0,-130.0,-0.31073818584175333,-1.3373088615570787,0.27017083397803887,1.1160238569441674,1.7898197507403473,5.338965452377704,5.338965452377704,7.27457110614367,2.197450778051934,3.1415146743257707,5.493327968286557,5.493327968286557,7.398355284888833,2.2609844408395245,3.232343527447032,5.487117628342964,5.487117628342964,7.393442703460151,2.2584283433216177,3.2286892850213467
5.0,-125.0,-0.33307685923823316,-1.4296432806716795,0.24209465979951275,0.9951479111581755,1.7899020346140764,5.339456363104579,5.339456363104579,7.274970415748822,1.7481741302444076,3.59128223286017,5.493833072440147,5.493833072440147,7.398754594493983,1.79871810911041,3.6951149633297353,5.48762216146411,5.48762216146411,7.393842013065303,1.796684614845229,3.6909375466188794
5.0,-120.0,-0.35288294595321257,-1.5110588035355497,0.21216888307028867,0.8667444084876319,1.7899962530337246,5.340018503792993,5.340018503792993,7.27542761912689,1.3270712430501876,4.012947260742805,5.494411465987235,5.494411465987235,7.399211797872053,1.3654401101452696,4.128971355841964,5.488199901123322,5.488199901123322,7.394299216443371,1.363896447122495,4.124303454000827
5.0,-115.0,-0.3700037882536268,-1.5809535262238146,0.1806213907334599,0.7317965449873448,1.7901025460703228,5.340652721472529,5.340652721472529,7.275943386784301,0.9468948087592942,4.393757912713235,5.495064020447091,5.495064020447091,7.399727565529463,0.9742718476790763,4.520792172768016,5.488851717854603,5.488851717854603,7.3948149841007815,0.973170409824557,4.515681308030046
5.0,-110.0,-0.3843072341784417,-1.6388138797268734,0.14769246509318426,0.5913329519174642,1.7902208542233147,5.341358673921932,5.341358673921932,7.276517419599583,0.6191316209344362,4.722227052987496,5.495790383704015,5.495790383704015,7.400301598344745,0.6370322264990598,4.8587581572049565,5.4895772599403205,5.4895772599403205,7.395389016916063,0.6363120461813321,4.85326521375899
5.0,-105.0,-0.39568258010792634,-1.6842174585674543,0.11363294968667165,0.44641989083563954,1.7903508924600446,5.342134674367439,5.342134674367439,7.2771483231833525,0.35366361165269855,4.98847106271474,5.496588820215494,5.496588820215494,7.400932501928514,0.36388888944613496,5.132699930769359,5.49037479380004,5.49037479380004,7.396019920499834,0.3634775042679327,5.126897289532106
5.0,-100.0,-0.40404135416037723,-1.7168352046923483,0.07870236455444242,0.298153426061161,1.790492128885586,5.342977563624331,5.342977563624331,7.277833504856187,0.15847881248019538,5.184498751144135,5.497456079457074,5.497456079457074,7.40161768360135,0.16306082156620577,5.334395257890868,5.491241072584101,5.491241072584101,7.396705102172668,0.16287647736916278,5.328364595214937
5.0,-95.0,-0.4093179443983814,-1.7364329941721381,0.04316698224762384,0.14765161166772264,1.7906437696092918,5.3438826190342725,5.3438826190342725,7.278569100839621,0.03943971547677049,5.304442903557504,5.498387302226846,5.498387302226846,7.4023532795847835,0.0405800138664168,5.457807288360432,5.492171242584041,5.492171242584041,7.397440698156101,0.04053413718064798,5.451637105403396
5.0,-90.0,-0.4114700756654989,-1.742872670731644,0.007297873310316717,-0.003953285250814997,1.7908047512139769,5.3448435086132156,5.3448435086132156,7.279349940460721,0.00011480966040131724,5.344728698952813,5.499375973467657,5.499375973467657,7.403134119205884,0.00011812908776758642,5.499257844379888,5.493158796108135,5.493158796108135,7.398221537777202,0.0001179955399807988,5.493040800568152
5.0,-85.0,-0.4104791378878589,-1.7361125626786056,-0.028631072177802922,-0.1555225162875552,1.7909737419342862,5.3458522970596505,5.3458522970596505,7.280169552701043,0.04167733706380101,5.304174959995848,5.500413928449069,5.500413928449069,7.403953731446205,0.042882330552321234,5.457531597896747,5.494195577656372,5.494195577656372,7.399041150017523,0.042833851041933206,5.451361726614437
5.0,-80.0,-0.4063503670545758,-1.7162075092410132,-0.06434514189561946,-0.30591853929008544,1.7911491522337208,5.3468995078041095,5.3468995078041095,7.281020218380865,0.16287357945759737,5.184025928346514,5.501491416610875,5.501491416610875,7.4048043971260284,0.16758265197818434,5.333908764632692,5.495271847691788,5.495271847691788,7.399891815697346,0.16739319574264888,5.327878651949141
5.0,-75.0,-0.39911287808369295,-1.6833084097172344,-0.09957081296545642,-0.4540126682952331,1.7913291549696198,5.347974242311997,5.347974242311997,7.281893068830087,0.3600612668946724,4.987912975417328,5.502597224315256,5.502597224315256,7.405677247575248,0.37047151650856297,5.132125707806695,5.4963764052538515,5.4963764052538515,7.400764666146568,0.37005268951148235,5.1263237157423704
5.0,-70.0,-0.38881954666667384,-1.6376612953770275,-0.13403777334193945,-0.5986926935601462,1.7915117147958621,5.349064354641003,5.349064354641003,7.28277822927237,0.6273169976544507,4.721747356986551,5.503718854451078,5.503718854451078,7.406562408017533,0.6454542624286971,4.85826459202238,5.497496767359714,5.497496767359714,7.4016498265888515,0.644724560795941,4.852772206563773
5.0,-65.0,-0.3755467352506035,-1.5796059109708867,-0.16748094709312214,-0.7388704761926631,1.7916946259226023,5.350156676088771,5.350156676088771,7.283665002575804,0.9566098768518875,4.3935467992368835,5.504842757576675,5.504842757576675,7.407449181320965,0.9842678020906342,4.520574955486041,5.498619399885683,5.498619399885683,7.402536599892283,0.9831550635682296,4.5154643363174545
5.0,-60.0,-0.3593938568296317,-1.5095737812247858,-0.19964251584912118,-0.8734895144856758,1.7918755568786477,5.351237281929393,5.351237281929393,7.284542086733494,1.3380369204806275,4.0132003614487655,5.505954606368343,5.505954606368343,7.408326265478657,1.3767228320615574,4.129231774306786,5.499729991705439,5.499729991705439,7.403413684049975,1.3751664136491544,4.124563578056285
5.0,-55.0,-0.34048276939949546,-1.4280857289178748,-0.2302739261595002,-1.0015324680746704,1.792052100546605,5.3522917899766975,5.3522917899766975,7.285397817632102,1.7601141427664126,3.5921776472102858,5.507039602815822,5.507039602815822,7.4091819963772645,1.8110033365227005,3.696036266293122,5.500813761538229,5.500813761538229,7.404269414948582,1.8089559535112154,3.691857808027015
5.0,-50.0,-0.3189569939449292,-1.335748805972433,-0.25913786956635976,-1.1220286123193037,1.7922218274950623,5.353305679217455,5.353305679217455,7.286220427495972,2.210115668854663,3.143190010362791,5.508082806067965,5.508082806067965,7.410004606241134,2.2740155045320125,3.2340673015359513,5.501855785423899,5.501855785423899,7.4050920248124505,2.2714446750818733,3.230411110342026
5.0,-45.0,-0.29498074977274485,-1.2332525980840972,-0.2860102191191314,-1.2340611799246968,1.7923823405332284,5.3542646161351595,5.3542646161351595,7.286998308941487,2.6744517277363262,2.679812888398834,5.509069468191336,5.509069468191336,7.4107824876866495,2.7517766516476243,2.7572928165437123,5.50284133210191,5.50284133210191,7.405869906257967,2.7486657016817326,2.7541756304201788
5.0,-40.0,-0.2687378028926689,-1.1213648671400176,-0.3106819030942781,-1.3367745309713615,1.79253132846361,5.355154776610686,5.355154776610686,7.287720274846906,3.139075032175983,2.2160797444347016,5.509985365377801,5.509985365377801,7.411504453592068,3.229833349291061,2.2801520160867392,5.503756193844486,5.503756193844486,7.406591872163387,3.2261819446824074,2.2775742491620776
5.0,-35.0,-0.24043012593189167,-1.000926504038635,-0.3329606940942696,-1.42938107747631,1.7926666171939791,5.355963152363068,5.355963152363068,7.288375805168874,3.5899039058812834,1.7660592464817835,5.51081711324526,5.51081711324526,7.412159983914036,3.6936967855553897,1.8171203276898689,5.504587001400891,5.504587001400891,7.407247402485354,3.68952097212876,1.8150660292721308
5.0,-30.0,-0.2102763716328658,-0.8728457772287169,-0.3526728897152099,-1.5111678755937126,1.7927862166637651,5.356677832622302,5.356677832622302,7.2889552732828635,4.0132496437515774,1.3434281888707242,5.511552456654288,5.511552456654288,7.412739452028027,4.1292824814812,1.3822699751730878,5.505321513486436,5.505321513486436,7.407826870599345,4.124614227905012,1.3807072855814224
5.0,-25.0,-0.17851016616014315,-0.7380918787030611,-0.36966485978192976,-1.5815027886971749,1.7928883624042158,5.357288253882819,5.357288253882819,7.289450146205225,4.396235060708849,0.9610531931739704,5.5121805266826005,5.5121805266826005,7.4132343249503885,4.523340941155314,0.9888395855272872,5.505948873466412,5.505948873466412,7.408321743521706,4.518227194973123,0.9877216784932893
5.0,-20.0,-0.14537823302467492,-0.5976877884134827,-0.3838044348957311,-1.6398401187885676,1.792971550942767,5.357785412912938,5.357785412912938,7.289853154957714,4.727191064051233,0.6305943488617061,5.5126920597931255,5.5126920597931255,7.413637333702877,4.863865689938505,0.6488263698546209,5.506459828276402,5.506459828276402,7.408724752274196,4.858366972303425,0.6480928559729763
5.0,-15.0,-0.11113836319049458,-0.45270249900120024,-0.39498211181229903,-1.6857256026102867,1.7930345686355607,5.358162040426601,5.358162040426601,7.290158433145567,4.996018424911119,0.36214361551548313,5.51307957652701,5.51307957652701,7.413942611890731,5.140465505619013,0.37261407090799786,5.5068469069132595,5.5068469069132595,7.409030030462048,5.134654085211838,0.3721928217014215
5.0,-10.0,-0.07605725161281,-0.304242664101486,-0.403112052998736,-1.7188006728500584,1.7930765138289924,5.3584127347255075,5.3584127347255075,7.29036162334946,5.19450275599201,0.16390997873349764,5.51333751900968,5.51333751900968,7.414145802094621,5.34468850292418,0.1686490160855002,5.507104557785722,5.507104557785722,7.409233220665941,5.338646203486136,0.16845835429958647
5.0,-5.0,-0.040408224820140684,-0.15344375396816137,-0.40813286058594633,-1.7388058939332838,1.7930968124817328,5.358534056012317,5.358534056012317,7.290459952036594,5.316572027491433,0.04196202852088359,5.513462347990861,5.513462347990861,7.414244130781756,5.4702870948569124,0.043175253133947517,5.507229245644726,5.507229245644726,7.409331549353075,5.4641028031772185,0.04312644246750626
5.0,0.0,-0.00446888795747359,-0.0014608204912410472,-0.4100081087573828,-1.7455834957704326,1.7930952275071765,5.3585245828636,5.3585245828636,7.290452274302707,5.358487742138062,3.684072553935156e-05,5.513452600950304,5.513452600950304,7.414236453047868,5.513414695069515,3.790588078953757e-05,5.507219509623432,5.507219509623432,7.409323871619188,5.507181646596157,3.78630272757981e-05
5.0,5.0,0.03148127726601956,0.15054101130832598,-0.4087266232662547,-1.7390789468174428,1.7930718621221893,5.358384932529172,5.358384932529172,7.290339089863566,5.318963083098841,0.03942184943032984,5.513308912984023,5.513308912984023,7.414123268608728,5.472747281715034,0.040561631268988416,5.507075984099868,5.507075984099868,7.409210687180046,5.466560208734677,0.04051577536518997
5.0,10.0,0.0671633302195807,0.30139619748387686,-0.4043025020708472,-1.7193415289884517,1.7930271574265175,5.358117746381639,5.358117746381639,7.290122531396657,5.1992038556090705,0.15891389077257162,5.513034001833152,5.513034001833152,7.41390671014182,5.349525522799743,0.16350847903341045,5.506801383742692,5.506801383742692,7.408994128713138,5.343477754993906,0.1633236287487889
5.0,15.0,0.1023012701271439,0.4499484414626493,-0.3967748767991423,-1.6865239001893892,1.7929618843169248,5.357727641145966,5.357727641145966,7.289806325730818,5.002870751512322,0.35485688963364376,5.512632617703432,5.512632617703432,7.41359050447598,5.14751594969886,0.36511666800457226,5.5064004533874265,5.5064004533874265,7.408677923047299,5.14169655859437,0.36470389479305626
5.0,20.0,0.1366243817716883,0.5950602383752669,-0.3862074206431009,-1.64088065423666,1.7928771296989798,5.357221125719602,5.357221125719602,7.289395727678286,4.735964246985976,0.6212568787336246,5.512111457680422,5.512111457680422,7.41317990642345,4.872892526994522,0.6392189306858982,5.505879882548409,5.505879882548409,7.4082673249947675,4.867383604302134,0.6384962782462739
5.0,25.0,0.16986949540645563,0.7356221682400992,-0.3726876140613759,-1.5827659113549057,1.7927742768396124,5.356606482700273,5.356606482700273,7.288897425705016,4.406636163347215,0.9499703193530582,5.511479043831951,5.511479043831951,7.412681604450178,4.534042765044979,0.977436278786972,5.505248183659067,5.505248183659067,7.407769023021497,4.528916920192409,0.9763312634666579
5.0,30.0,0.2017831308322428,0.8705618187466199,-0.35632578505115603,-1.5126299940189625,1.7926549796449995,5.355893613408525,5.355893613408525,7.288319418335299,4.024934449354208,1.3309591640543177,5.5107455637498965,5.5107455637498965,7.412103597080462,4.141305123319485,1.3694404404304124,5.5045155327939606,5.5045155327939606,7.4071910156517795,4.136623277856328,1.3678922549376338
5.0,35.0,0.23212349936811424,0.9988522326906628,-0.3372539454595448,-1.4310152614517377,1.7925211306832163,5.355093845416705,5.355093845416705,7.28767086034262,3.6024899656596836,1.752603879757021,5.5099226725143575,5.5099226725143575,7.411455039087782,3.706646739026323,1.8032759334880348,5.503693571856839,5.503693571856839,7.406542457659101,3.702456285364525,1.8012372864923134
5.0,40.0,0.26066234212147554,1.1195197928964675,-0.3156244485952285,-1.3385511906510408,1.7923748229183438,5.354219702486934,5.354219702486934,7.286961878483159,3.1521558756371193,2.202063826849814,5.5090232559799714,5.5090232559799714,7.410746057228321,3.2432923918480494,2.2657308641319203,5.502795172134568,5.502795172134568,7.40583347579964,3.2396257714667205,2.263169400667845
5.0,45.0,0.2871865883138419,1.2316514775858036,-0.29160849607203476,-1.2359488017021867,1.7922183053850058,5.353284638392093,5.353284638392093,7.2862033577957614,2.6876116079893966,2.665673030402697,5.508061156901012,5.508061156901012,7.409987536540924,2.765317016143015,2.742744140757997,5.501834160731853,5.501834160731853,7.405074955112243,2.762190758468033,2.7396434022638205
5.0,50.0,0.31149982315355407,1.3344014403571665,-0.2653945232307915,-1.123994529961144,1.792053933394709,5.352302738255347,5.352302738255347,7.285406701251171,2.2229442233537036,3.129358514901643,5.5070508676359164,5.5070508676359164,7.409190879996333,2.2872149638375388,3.219835903798378,5.500825013623173,5.500825013623173,7.404278298567651,2.28462921207986,3.2161958015433125
5.0,55.0,0.3334235605483732,1.4269968899016665,-0.23718649258439395,-1.0035436474240738,1.7918841142963136,5.351288393605782,5.351288393605782,7.284583567631911,1.7722203890092993,3.5790680045964818,5.506007195807986,5.506007195807986,7.408367746377072,1.823459603878279,3.6825475919297066,5.4997825216914515,5.4997825216914515,7.403455164948392,1.8213981387557034,3.678384382935747
5.0,60.0,0.3527983214922224,1.5087432640290013,-0.2072021235366516,-0.8755133305313968,1.791711250267992,5.3502559600446595,5.3502559600446595,7.283745594746688,1.3490620705468939,4.001193889497766,5.504944912073938,5.504944912073938,7.407529773491851,1.3880667461126595,4.116878165961277,5.49872143889482,5.49872143889482,7.402617192063169,1.3864975031314426,4.112223935763376
5.0,65.0,0.36948452392862285,1.579028709354103,-0.1756710842465472,-0.740875462403001,1.7915376800442862,5.349219408934152,5.349219408934152,7.28290411717253,0.9662385373474288,4.382980871586724,5.503878391742105,5.503878391742105,7.406688295917691,0.994174850650714,4.509703541091391,5.49765612428998,5.49765612428998,7.401775714489009,0.9930509119706359,4.504605212319345
5.0,70.0,0.38336319401308283,1.6373278911532911,-0.14283316813316912,-0.6006492449561696,1.7913656218253633,5.348191986538138,5.348191986538138,7.282069889410225,0.6352864155365292,4.71290557100161,5.5028212640581735,5.5028212640581735,7.405854068155389,0.6536540956235509,4.849167168434623,5.496600191714427,5.496600191714427,7.4009414867267065,0.6529151238813249,4.843685067833103
5.0,75.0,0.3943365117508032,1.6832051667567292,-0.10893647339649974,-0.4558936816224172,1.7911971198267507,5.347185895270531,5.347185895270531,7.281252826391171,0.366168380370193,4.98101751490034,5.501786084237608,5.501786084237608,7.405037005136334,0.3767552015332782,5.125030882704332,5.495566182189651,5.495566182189651,7.400124423707652,0.37632927067851285,5.119236911511139
5.0,80.0,0.4023282058320957,1.7163171600361158,-0.07423559936752254,-0.30769997569456226,1.791033996968902,5.34621201191893,5.34621201191893,7.2804617734995505,0.1669797315352785,5.179232280383651,5.500784043542474,5.500784043542474,7.404245952244713,0.1718075229296003,5.328976520612873,5.494565274325725,5.494565274325725,7.399333370816032,0.1716132903754147,5.322951983950309
5.0,85.0,0.40728381306916156,1.736414774048908,-0.03898986882604728,-0.15718387399236283,1.790877816054963,5.345279656783361,5.345279656783361,7.279704317563325,0.043710603741639965,5.301569053041724,5.499824731745406,5.499824731745406,7.403488496308485,0.04497438393007508,5.454850347815335,5.493607047053814,5.493607047053814,7.398575914879806,0.04492353930281599,5.448683507751
5.0,90.0,0.4091708171867044,1.743344674034127,-0.00346158096627269,-0.00547797178527926,1.790729851439926,5.34439642559193,5.34439642559193,7.278986648607595,6.998288071069134e-05,5.344326442711218,5.498915964185545,5.498915964185545,7.402770827352758,7.200625651887163e-05,5.498843957929023,5.492699306877626,5.492699306877626,7.397858245924076,7.192485170677424e-05,5.492627382025916
5.0,95.0,0.40797867995392445,1.7370502643643904,0.03208570424418014,0.14627601612431806,1.7905910726727619,5.343568092935585,5.343568092935585,7.278313479639027,0.03737606163725896,5.306192031298327,5.4980636824113445,5.4980636824113445,7.40209765838419,0.0384566947600154,5.459606987651329,5.491847988628555,5.491847988628555,7.397185076955508,0.038413218537779,5.4534347700907775
5.0,100.0,0.4037187749609672,1.717572171668074,0.06738885271374305,0.2969350206647607,1.7904621409322856,5.342798592025049,5.342798592025049,7.277688028520429,0.15451579969316617,5.188282792331885,5.4972719333522475,5.4972719333522475,7.401472207265592,0.1589832284115302,5.338288704940719,5.491057134660894,5.491057134660894,7.39655962583691,0.15880349403203103,5.332253640628863
5.0,105.0,0.39642423099349217,1.6850482332821293,0.10218681844865983,0.4453624257680152,1.7903434183297455,5.342090071125184,5.342090071125184,7.277112062354986,0.34797486227853397,4.994115208846648,5.496542927384693,5.496542927384693,7.400896241100147,0.3580356644495668,5.138507262935125,5.490328952852193,5.490328952852193,7.395983659671465,0.3576308964835909,5.1326980563686
5.0,110.0,0.3861496882389446,1.639712976749741,0.13622228696328031,0.5904359219108521,1.7902349893789793,5.341443022435924,5.341443022435924,7.276586001035849,0.6119373988896247,4.729505623546302,5.495877170939319,5.495877170939319,7.400370179781012,0.6296300019442584,4.866247168995063,5.489663949060559,5.489663949060559,7.39545759835233,0.6289181900201692,4.860745759040392
5.0,115.0,0.37297096677967445,1.581896563547645,0.16924330539739232,0.7310554042699876,1.7901366932049083,5.340856474857538,5.340856474857538,7.276109073054214,0.938453391778574,4.402403083078961,5.4952736648395275,5.4952736648395275,7.3998932517993765,0.9655863687401729,4.529687296099353,5.48906112523899,5.48906112523899,7.394980670370695,0.9644947500293668,4.524566375209621
5.0,120.0,0.35698464329820967,1.5120231598682075,0.20100490365266485,0.8661509038147277,1.7900481644358275,5.340328238371429,5.340328238371429,7.275679513604764,1.3176695560181138,4.022658682353315,5.494730155747947,5.494730155747947,7.3994636923499275,1.3557665974051998,4.138963558342747,5.488518230597562,5.488518230597562,7.394551110921245,1.3542338705222134,4.134284360075349
5.0,125.0,0.33830752891994414,1.4306086901948838,0.23127070866328261,0.9946905262549595,1.789968880257985,5.339855185002721,5.339855185002721,7.275294792744335,1.7381180243589245,3.601737160643796,5.49424342525231,5.49424342525231,7.399078971489495,1.7883712566713907,3.7058721685809197,5.488032050362508,5.488032050362508,7.394166390060814,1.7863494597727898,3.701682590589718
5.0,130.0,0.31707603888495134,1.338257926467734,0.2598145509117142,1.1156883579719603,1.7898982108400225,5.33943354972988,5.33943354972988,7.274951860032214,2.187055329923775,3.152378219806107,5.493809599475131,5.493809599475131,7.3987360387773755,2.2502884349457504,3.243521164529383,5.487598715035848,5.487598715035848,7.393823457348695,2.247744429520837,3.2398542855150123
5.0,135.0,0.2934454434522566,1.2356608674118275,0.2864220587231555,1.2282122810852591,1.7898354702786814,5.339059234380736,5.339059234380736,7.2746473918006425,2.6508425537706732,2.688216680610061,5.4934244617560815,5.4934244617560815,7.398431570545805,2.7274848788668304,2.765939582889249,5.487214012724292,5.487214012724292,7.393518989117124,2.724401391336765,2.762812621387524
5.0,140.0,0.2675889892080391,1.1235883693284883,0.310892231988411,1.3313916229666263,1.789779965373418,5.3387280984892715,5.3387280984892715,7.27437802795964,3.1153559943957863,2.223372104093486,5.4930837519181726,5.4930837519181726,7.398162206704804,3.205428536264828,2.2876552156533454,5.486873688067083,5.486873688067083,7.3932496252761215,3.2018047218867283,2.285068966180356
5.0,145.0,0.23969688081358473,1.002887001200624,0.33303898305644253,1.424424550138767,1.7897310398834345,5.338436223149201,5.338436223149201,7.274140586920411,3.566416417248943,1.7720198059002583,5.492783437749976,5.492783437749976,7.397924765665573,3.6695302163277526,1.823253221422223,5.486573713411306,5.486573713411306,7.393012184236891,3.665381723791308,1.8211919896199982
5.0,150.0,0.20997511515794756,0.8744731128605234,0.35269262888284314,1.5065851038523945,1.7896881124150623,5.338180136844944,5.338180136844944,7.273932249624958,3.990223936635929,1.3479562002090146,5.492519947365926,5.492519947365926,7.397716428370121,4.105591045000441,1.3869289023654845,5.4863105209095,5.4863105209095,7.392803846941439,4.100949575165394,1.3853609457441052
5.0,155.0,0.17864416277605116,0.7393261244152004,0.36970131537740436,1.5772297658174839,1.7896507066769243,5.33795699575099,5.33795699575099,7.27375070653573,4.373784952209607,0.9641720435413821,5.492290354718581,5.492290354718581,7.397534885280891,4.500241745251164,0.9920486094674164,5.4860811878221885,5.4860811878221885,7.39262230385221,4.495154113267838,0.9909270745543495
5.0,160.0,0.1459374950986701,0.5984810670612821,0.38393235248669233,1.6358034384267666,1.7896184734633476,5.33776471470107,5.33776471470107,7.273594264467963,4.705317381076492,0.6324473336245778,5.492092514354429,5.492092514354429,7.397378443213125,4.841359585426991,0.6507329289274388,5.485883571121346,5.485883571121346,7.392465861784444,4.8358863114866315,0.649997259634715
5.0,165.0,0.11209996041152498,0.4530204286000778,0.3952734370535974,1.681844724905919,1.7895912043221756,5.337602048576691,5.337602048576691,7.273461913042888,4.974620750331803,0.36298129824488634,5.4919251451555615,5.4919251451555615,7.39724609178805,5.118449172066882,0.3734759730886782,5.4857163911374,5.4857163911374,7.392333510359369,5.112662641656528,0.37305374948086983
5.0,170.0,0.07738601607656803,0.3040653800313399,0.4036337400373883,1.7149904013707624,1.7895688373762617,5.337468626921534,5.337468626921534,7.273353353033563,5.173398574233662,0.1640700526878704,5.491787865954866,5.491787865954866,7.397137531778726,5.322974147786462,0.16881371816840252,5.485579267134155,5.485579267134155,7.392224950350044,5.3169563969513485,0.16862287018280614
5.0,175.0,0.04205782934793777,0.1527664811963485,0.40894483531584036,1.7349789846314936,1.7895514561562635,5.337364946902105,5.337364946902105,7.273268990762224,5.295521834710296,0.04184311219180772,5.491681188293142,5.491681188293142,7.397053169507386,5.448628289649447,0.043052898643695554,5.485472710074106,5.485472710074106,7.3921405880787034,5.442468483772144,0.04300422630196065
5.0,180.0,0.006383263729933629,0.00029398227035483165,0.4111614490225457,1.7416533162804304,1.789539282540163,5.3372923311517955,5.3372923311517955,7.273209903863529,5.337224278619349,6.805253244593464e-05,5.491606473044342,5.491606473044342,7.396994082608693,5.491536452947164,7.002009717659702e-05,5.485398079292699,5.485398079292699,7.3920815011800105,5.485328138354932,6.9940937765606e-05
10.0,-180.0,0.0073522417939818506,-0.00026961603344916903,0.4095502351851562,1.7118427323349872,1.7601679077691805,5.163530124475591,5.163530124475591,7.1294671507541185,5.163439913013886,9.021146170413088e-05,5.312820377071295,5.312820377071295,7.253251329499282,5.3127275573761565,9.281969513749448e-05,5.30681410531921,5.30681410531921,7.2483387480706,5.3067213905589785,9.271476023035033e-05
10.0,-175.0,-0.028252954546007646,-0.15131088717889865,0.4088321385339025,1.705047873990449,1.7601207867975988,5.163253665282825,5.163253665282825,7.129234620075908,5.123765905546266,0.03948775973656048,5.312535924768829,5.312535924768829,7.253018798821071,5.271906477565867,0.040629447202963756,5.306529974596942,5.306529974596942,7.2481062173923885,5.26594645996533,0.040583514631614054
10.0,-170.0,-0.06369072058452635,-0.30111721097616073,0.40499633430720133,1.6849677383549608,1.7600756781269207,5.16298901921255,5.16298901921255,7.129012013787222,5.005112600913547,0.15787641829900542,5.312263627135046,5.312263627135046,7.252796192532386,5.149822616435381,0.16244101069966604,5.30625798480221,5.30625798480221,7.2478836111037035,5.144000617588434,0.1622573672137774
10.0,-165.0,-0.0986822464037319,-0.4484883680791789,0.39806612130734476,1.6517827509764353,1.7600349131234772,5.162749862646239,5.162749862646239,7.1288108381071735,4.811291472591495,0.35145839005474494,5.312017555968967,5.312017555968967,7.252595016852336,4.950397646456935,0.361619909512033,5.306012191825528,5.306012191825528,7.247682435423654,4.944801102355082,0.36121108947044694
10.0,-160.0,-0.13295162114777395,-0.592251231757587,0.3880909143656908,1.6057867428033705,1.7600009307555655,5.162550502087813,5.162550502087813,7.128643131236892,4.548502210035623,0.6140482920521876,5.311812431410446,5.311812431410446,7.252427309982053,4.68001050523266,0.6318019261777833,5.3058072991652745,5.3058072991652745,7.247514728553373,4.674719640324381,0.6310876588408916
10.0,-155.0,-0.16622863923254627,-0.7312718573153617,0.37514576216650797,1.5473821813782147,1.7599762634538156,5.162405791597723,5.162405791597723,7.128521393254598,4.2251103904239855,0.9372954011737382,5.3116635369870595,5.3116635369870595,7.252305571999759,4.347268639185086,0.9643948978019736,5.30565857307063,5.30565857307063,7.247392990571079,4.34235394699279,0.9633046260778398
10.0,-150.0,-0.19825149266707648,-0.8644665294197967,0.35933049461315547,1.477073878745015,1.7599635457763352,5.162331184256664,5.162331184256664,7.128458628350062,3.851352011685269,1.3109791725713957,5.311586772565762,5.311586772565762,7.252242807095223,3.96270399391426,1.348882778651503,5.305581895433364,5.305581895433364,7.247330225666543,3.9582240613414896,1.3473578340918761
10.0,-145.0,-0.22876928381792278,-0.9908115306383077,0.3407685331508255,1.3954614321272982,1.7599655326752643,5.162342840220921,5.162342840220921,7.128468434220826,3.438978650346011,1.7233641898749097,5.3115987655323815,5.3115987655323815,7.252252612965989,3.5384079126926755,1.7731908528397053,5.305593874841645,5.305593874841645,7.247340031537307,3.53440765708737,1.771186217754275
10.0,-140.0,-0.2575443029281132,-1.1093514624794565,0.31960541109052654,1.3032306938863123,1.7599851123125387,5.1624577031096095,5.1624577031096095,7.12856506430782,3.0008590696217765,2.1615986334878343,5.311716949387396,5.311716949387396,7.252349243052983,3.087621226074469,2.2240957233129275,5.305711925086958,5.305711925086958,7.247436661624302,3.084130595705833,2.221581329381124
10.0,-135.0,-0.28435402810948035,-1.2192060254167807,0.2960070617955521,1.2011445899992745,1.7600252988045462,5.162693459005835,5.162693459005835,7.128763390672669,2.550554089118538,2.6121393698872972,5.31195952156172,5.31195952156172,7.252547569417831,2.6242968300427387,2.6876626915189807,5.305954223027579,5.305954223027579,7.247634987989149,2.621329999094078,2.684624223933502
10.0,-130.0,-0.3089928215815415,-1.3195752420549596,0.27015793966955326,1.090033610177714,1.760089192886794,5.163068307649498,5.163068307649498,7.129078708227425,2.101881454383011,3.061186853266486,5.312345207994133,5.312345207994133,7.252862886972587,2.162651974877056,3.1496932331170764,5.306339473432166,5.306339473432166,7.247950305543905,2.1602070445868558,3.146132428845309
10.0,-125.0,-0.3312733135454017,-1.4097431829582057,0.24225904149855104,0.9707862778244368,1.7601799028975715,5.163600501190864,5.163600501190864,7.129526342837972,1.6684864259713619,3.495114075219502,5.312892788549092,5.312892788549092,7.253310521583134,1.7167264389045807,3.596166349644512,5.306886434934083,5.306886434934083,7.248397940154452,1.7147856382028386,3.592100796731245
10.0,-120.0,-0.35102748291834174,-1.4890803230407132,0.21252589343210407,0.8443398755252077,1.7603004240788158,5.164307638610604,5.164307638610604,7.130121053549305,1.2634320359875348,3.9008756026230693,5.313620371036737,5.313620371036737,7.253905232294468,1.2999609383553192,4.0136594326814174,5.307613194872152,5.307613194872152,7.2489926508657865,1.298491301117713,4.009121893754439
10.0,-115.0,-0.3681074607219324,-1.5570447136081962,0.18118656173491454,0.7116716540187914,1.7604534802435257,5.165205739267971,5.165205739267971,7.130876249164824,0.8988206800776449,4.266385059190325,5.31454443797507,5.31454443797507,7.254660427909987,0.924807778657933,4.389736659317137,5.308536217130493,5.308536217130493,7.249747846481305,0.9237622611281037,4.384773956002389
10.0,-110.0,-0.3823860957133619,-1.6131821976474943,0.1484797338658845,0.5737906928921919,1.7606413375870433,5.166308152494032,5.166308152494032,7.131803067804742,0.5854561915468155,4.580851960947219,5.315678724656891,5.315678724656891,7.255587246549905,0.6023831582949022,4.71329556636199,5.3096692214738255,5.3096692214738255,7.250674665121223,0.6017021495856274,4.707967071888199
10.0,-105.0,-0.39375733154038817,-1.6571259212492524,0.11465290139604198,0.4317305136894271,1.7608656051121727,5.167624387562668,5.167624387562668,7.132909391323057,0.3325530391001119,4.835071348462557,5.317033015292385,5.317033015292385,7.2566935700682205,0.3421679587407263,4.974865056551659,5.311021981051047,5.311021981051047,7.251780988639538,0.3417811295992928,4.969240851451754
10.0,-100.0,-0.4021364492913221,-1.6885954007081234,0.07996065913295874,0.2865424753048546,1.7611270392291611,5.169158966471068,5.169158966471068,7.134198881745819,0.14749702037517184,5.021661946095896,5.31861196262071,5.31861196262071,7.257983060490981,0.15176151906077975,5.166850443559929,5.3125991433412825,5.3125991433412825,7.253070479062299,0.1515899489981211,5.16100919434316
10.0,-95.0,-0.40746022830393436,-1.7073953927042094,0.04466311724690868,0.13928991228097526,1.7614253712214178,5.170910408672741,5.170910408672741,7.135670132398473,0.035659949392985675,5.135250459279754,5.3204140432891665,5.3204140432891665,7.259454311143635,0.03669096552421615,5.283723077764949,5.314399186714019,5.314399186714019,7.254541729714954,0.0366494855015269,5.277749701212491
10.0,-90.0,-0.4096870715847636,-1.713414785118878,0.009024406973578463,-0.008957086331000052,1.7617591753143889,5.172870451532449,5.172870451532449,7.137316021498325,0.0002694425134547434,5.172601009018995,5.322430755769575,5.322430755769575,7.2611002002434875,0.00027723275383757936,5.3221535230157375,5.316413619252261,5.316413619252261,7.256187618814806,0.00027691933551361085,5.316136699916747
10.0,-85.0,-0.4087971308786215,-1.7066256807664086,-0.026688752727163558,-0.15712641226356672,1.7621257921666524,5.1750235934972375,5.1750235934972375,7.139123341294002,0.042334000904210106,5.132689592593026,5.324646150321264,5.324646150321264,7.262907520039162,0.04355798014632175,5.281088170174942,5.318626509246903,5.318626509246903,7.257994938610482,0.04350873679774934,5.275117772449153
10.0,-80.0,-0.4047924515653736,-1.687082788966208,-0.0622084689980548,-0.30414838040663683,1.7625213180524557,5.177347020710086,5.177347020710086,7.141072753022367,0.16062310073036282,5.016723919979723,5.3270367534829575,5.3270367534829575,7.264856931767529,0.16526710642078693,5.161769647062171,5.321014409773983,5.321014409773983,7.259944350338847,0.1650802679654294,5.1559341418085545
10.0,-75.0,-0.3976971407856217,-1.654923174595519,-0.0972671144380785,-0.4489600926411656,1.762940664327034,5.179810944909728,5.179810944909728,7.143139089574287,0.3517018081164731,4.8281091367932545,5.32957191574208,5.32957191574208,7.26692326831945,0.3618703653837566,4.967701550358323,5.3235467059709425,5.3235467059709425,7.2620106868907675,0.3614612621957585,4.962085443775184
10.0,-70.0,-0.38755754532372255,-1.6103663457414583,-0.13159883516308005,-0.5905099407511587,1.763377685572851,5.182379344464595,5.182379344464595,7.145291996914713,0.610019367733355,4.572359976731239,5.332214573993821,5.332214573993821,7.269076175659875,0.6276565158281253,4.704558058165694,5.326186376633704,5.326186376633704,7.264163594231193,0.6269469349777543,4.699239441655949
10.0,-65.0,-0.3744424105584942,-1.5537145942201402,-0.16494116381381713,-0.727762450862087,1.7638253687716818,5.185011065040801,5.185011065040801,7.147496875295022,0.9280510899654777,4.256959975075322,5.334922384032103,5.334922384032103,7.271281054040185,0.9548833110047101,4.380039073027392,5.328891125427338,5.328891125427338,7.266368472611503,0.9538037923591753,4.375087333068163
10.0,-60.0,-0.35844297969707617,-1.4853534428400847,-0.19703676265695402,-0.8597036393304546,1.764276070564744,5.187661205347253,5.187661205347253,7.149716055283366,1.2964925113382253,3.8911686940090253,5.3376491463599685,5.3376491463599685,7.273500234028529,1.333977272701127,4.003671873658838,5.331614805084536,5.331614805084536,7.268587652599847,1.3324691791759766,3.999145625908556
10.0,-55.0,-0.33967298455228867,-1.4057520037147362,-0.22763530797865789,-0.9853470023718046,1.7647217856943611,5.190282689815655,5.190282689815655,7.151910124310406,1.7045040909638347,3.4857785988518204,5.3403464243395975,5.3403464243395975,7.275694303055569,1.7537854624589306,3.5865609618806675,5.334309033726264,5.334309033726264,7.270781721626887,1.751802765636007,3.5825062680902575
10.0,-50.0,-0.31826847578935663,-1.3154630168173236,-0.2564955116529864,-1.1037402022329108,1.7651544274704944,5.192827916376414,5.192827916376414,7.154039308741925,2.1400035526604375,3.0528243637159758,5.342965239609439,5.342965239609439,7.277823487487087,2.201876276016501,3.1410889635929378,5.336924888362193,5.336924888362193,7.272910906058405,2.1993870017065134,3.137537886655679
10.0,-45.0,-0.29438744180837456,-1.2151223200123853,-0.28338726052021895,-1.213972445477841,1.765566100799221,5.19525036509351,5.19525036509351,7.156064815483582,2.59000137825488,2.6052489868386295,5.345457727228634,5.345457727228634,7.279848994228743,2.664884636541702,2.680573090686932,5.339414558163936,5.339414558163936,7.274936412800061,2.6618719200975125,2.6775426380664227
10.0,-40.0,-0.26820917076449735,-1.1054475025562347,-0.3080938402614181,-1.3151824786175086,1.7659493499700145,5.197506062564907,5.197506062564907,7.157950045810825,3.040972968214296,2.1565330943506122,5.34777864241682,5.34777864241682,7.281734224555988,3.1288949153352155,2.218883727081605,5.341732849501446,5.341732849501446,7.276821643127306,3.125357624064024,2.2163752254374223
10.0,-35.0,-0.23993331889204278,-0.987235513855924,-0.3304141987061802,-1.4065670577861527,1.7662973668351438,5.199554816680193,5.199554816680193,7.159661611471343,3.4792587497422023,1.7202960669379892,5.3498866310116195,5.3498866310116195,7.283445790216505,3.5798526080277835,1.770034022983835,5.343838454964227,5.343838454964227,7.278533208787824,3.575805498193425,1.7680329567708009
10.0,-30.0,-0.20977865940476997,-0.8613590371502751,-0.35016519450325084,-1.487389687327288,1.7666041498397929,5.201361164361635,5.201361164361635,7.161170107145697,3.891481229242738,1.3098799351188997,5.351745204611211,5.351745204611211,7.28495428589086,4.0039934450486045,1.347751759562609,5.345694927401475,5.345694927401475,7.280041704462178,3.999466833754099,1.3462280936473787
10.0,-25.0,-0.1779814989318092,-0.7287614915102063,-0.36718377104323763,-1.5569893714977052,1.7668646100209677,5.202895008081282,5.202895008081282,7.162450621307075,4.264965895724486,0.9379291123567959,5.353323395494683,5.353323395494683,7.286234800052237,4.388276464373377,0.9650469311213045,5.347271334102038,5.347271334102038,7.281322218623556,4.383315411844281,0.9639559222577552
10.0,-20.0,-0.14479376197901064,-0.5904505917893643,-0.3813289924485942,-1.6147890878485391,1.7670746259196362,5.204131951314147,5.204131951314147,7.163482996115147,4.588151238507634,0.615980712806513,5.354596101773996,5.354596101773996,7.287267174860309,4.72080588384364,0.633790217930356,5.348542601556163,5.348542601556163,7.282354593431628,4.715468898774546,0.6330737027816167
10.0,-15.0,-0.11048075769679216,-0.44749047058351626,-0.3924838782243815,-1.6603036730431997,1.7672310546363503,5.205053374443061,5.205053374443061,7.16425187277342,4.850972184467932,0.3540811899751251,5.355544165493426,5.355544165493426,7.288036051518583,4.991225624516855,0.3643185409765667,5.34948959346666,5.34948959346666,7.283123470089901,4.985582923399725,0.3639066700669322
10.0,-10.0,-0.07531865683518874,-0.30099244390068436,-0.4005569756633723,-1.6931468135627685,1.7673317103427721,5.205646316993873,5.205646316993873,7.164746578577668,5.045201178014723,0.16044513897914933,5.3561542514598965,5.3561542514598965,7.288530757322831,5.1910702520986955,0.16508399936119902,5.35009898971621,5.35009898971621,7.283618175894149,5.185201621803414,0.16489736791279477
10.0,-5.0,-0.03959171978421942,-0.15210457780038653,-0.4054836142294742,-1.7130368552060826,1.7673753239100765,5.205903246246085,5.205903246246085,7.164960923149184,5.164732038096942,0.041171208149143976,5.356418609163582,5.356418609163582,7.288745101894348,5.314057040947569,0.04236156821601397,5.350363048557127,5.350363048557127,7.2838325204656655,5.308049371117105,0.04231367744002464
10.0,0.0,-0.0035893286254917826,-0.002000281491634279,-0.40722679385609895,-1.719801185370738,1.7673614976124552,5.2058217942928415,5.2058217942928415,7.164892972576736,5.205793654279083,2.8140013759350855e-05,5.356334802235663,5.356334802235663,7.288677151321897,5.356305848625458,2.895361020614349e-05,5.350279336374965,5.350279336374965,7.283764569893215,5.3502504154975155,2.8920877450514754e-05
10.0,5.0,0.03239711332731539,0.1481337914836928,-0.4057776693395769,-1.7133789982990653,1.7672906670602448,5.205404535181928,5.205404535181928,7.1645448611751466,5.167083449439862,0.03832108574206441,5.355905479145929,5.355905479145929,7.28832903992031,5.316476437328801,0.039429041817125636,5.349850498645353,5.349850498645353,7.283416458491628,5.310466032312293,0.03938446633305694
10.0,10.0,0.06807734253344255,0.2971102122372411,-0.40115560565035824,-1.6938223221056776,1.7671640788535314,5.204658852269551,5.204658852269551,7.163922682495545,5.049814162300044,0.1548446899695054,5.355138236721423,5.355138236721423,7.287706861240707,5.195816609013319,0.1593216277081031,5.3490841236069375,5.3490841236069375,7.282794279812025,5.189942612846911,0.1591415107600261
10.0,15.0,0.10316537904686751,0.4437532726176794,-0.39340779372984913,-1.66129526288831,1.7669837874342005,5.203596916396234,5.203596916396234,7.163036476580226,4.85767162876132,0.3459252876349126,5.354045597691361,5.354045597691361,7.286820655325387,4.998118766088403,0.35592683160295563,5.347992719831689,5.347992719831689,7.281908073896705,4.992468272108242,0.35552444772344566
10.0,20.0,0.13738257304924925,0.5869111641932746,-0.38260843266212596,-1.6160715004420614,1.766752668971399,5.202235762234211,5.202235762234211,7.161900302737701,4.596685551728024,0.6055502105061851,5.352645089241908,5.352645089241908,7.285684481482862,4.729586944879128,0.6230581443627792,5.346593794690864,5.346593794690864,7.28077190005418,4.724240032608452,0.6223537620824102
10.0,25.0,0.17046047555305843,0.7254675149793072,-0.368857501227336,-1.5585301467898263,1.7664744446723302,5.200597418103539,5.200597418103539,7.160532360353241,4.275019408856224,0.925578009247316,5.350959376585593,5.350959376585593,7.284316539098404,4.3986206490958155,0.9523387274897788,5.34490998777342,5.34490998777342,7.279403957669722,4.393647902216057,0.9512620855573648
10.0,30.0,0.2021434605786882,0.8583519965286528,-0.3522791587491854,-1.4891501479038318,1.766153701491037,5.19870901860931,5.19870901860931,7.158955098457983,3.902689337326483,1.2960196812828249,5.349016378855139,5.349016378855139,7.282739277203145,4.015525606879805,1.3334907719753317,5.342969186648827,5.342969186648827,7.277826695774463,4.010985958197824,1.3319832284510018
10.0,35.0,0.2321910362578974,0.9845497678067537,-0.3330198306820513,-1.4085034662242404,1.7657958955100248,5.19660281374552,5.19660281374552,7.157195241365921,3.491224786562151,1.7053780271833712,5.346849278470542,5.346849278470542,7.280979420111083,3.592164612163958,1.754684666306586,5.340804536223556,5.340804536223556,7.276066838682401,3.588103583311563,1.7527009529119948
10.0,40.0,0.26037979641763037,1.103109588381973,-0.3112460473441397,-1.3172473233651145,1.7654073227622689,5.194315985392111,5.194315985392111,7.155283654969803,3.053285755520161,2.1410302298719497,5.344496332330601,5.344496332330601,7.279067833714965,3.1415636953597703,2.20293263697083,5.338454250146054,5.338454250146054,7.274155252286283,3.138012081726784,2.20044216841927
10.0,45.0,0.2865049815160916,1.2131505074168556,-0.28714211348563706,-1.2161158063002475,1.7649950441147448,5.191890193353187,5.191890193353187,7.153254987142928,2.602252439407137,2.58963775394605,5.3420004047259875,5.3420004047259875,7.277039165888089,2.677489905758964,2.664510498967023,5.33596114424788,5.33596114424788,7.272126584459409,2.6744629387534804,2.6614982054943983
10.0,50.0,0.310381637253593,1.3138671118528242,-0.26090769110408557,-1.1059111450992383,1.7645667548961348,5.18937079726632,5.18937079726632,7.15114703543894,2.151803112354666,3.0375676849116546,5.339408166752053,5.339408166752053,7.274931214184102,2.214016989767122,3.125391176984931,5.333371836861582,5.333371836861582,7.270018632755421,2.211513990087015,3.121857846774568
10.0,55.0,0.3318453794208125,1.4045333920260927,-0.2327553775389341,-0.987494955924253,1.764130595763363,5.186805735069732,5.186805735069732,7.1489998237431145,1.7154951740696975,3.4713105610000357,5.336768942349761,5.336768942349761,7.272784002488278,1.765094324590696,3.5716746177590655,5.33073559616622,5.33073559616622,7.267871421059596,1.7630988428259993,3.5676367533402216
10.0,60.0,0.3507527930941186,1.4845053508945416,-0.2029083552618838,-0.8617797106921771,1.7636949081668367,5.184244079062074,5.184244079062074,7.146854403344555,1.306362673938493,3.8778814051235813,5.33413322261763,5.33413322261763,7.270638582089719,1.3441328057809374,3.990000416836692,5.328102856178904,5.328102856178904,7.2657260006610365,1.3426132311803627,3.985489624998542
10.0,65.0,0.366981511659887,1.553222539699472,-0.17159817924264553,-0.7297206468750478,1.7632679448472326,5.181734331909705,5.181734331909705,7.144751428946325,0.9365415319218259,4.24519279998788,5.331550912552427,5.331550912552427,7.268535607691487,0.9636192323508858,4.3679316802015435,5.325523465477599,5.325523465477599,7.263623026262806,0.9625298375352782,4.3629936279423225
10.0,70.0,0.3804300350093601,1.6102087445400792,-0.1390627530543937,-0.5923082706799603,1.762857552195728,5.1793225620750345,5.1793225620750345,7.1427295920614355,0.616931360327631,4.562391201747403,5.3290694125682005,5.3290694125682005,7.266513770806597,0.634768350990463,4.694301061577737,5.323044770889037,5.323044770889037,7.261601189377915,0.6340507300386752,4.688994040850362
10.0,75.0,0.39101735552828154,1.6550720722428678,-0.10554452710254293,-0.45056153847895086,1.7624708462270944,5.177050506380835,5.177050506380835,7.140824019019839,0.3569005036771557,4.820150002703679,5.326731666201086,5.326731666201086,7.264608197765002,0.36721936791558357,4.959512298285501,5.320709667400653,5.320709667400653,7.2596956163363195,0.36680421755103365,4.953905449849618
10.0,80.0,0.39868246452423234,1.6875046884372784,-0.07128893289885072,-0.30552172962333995,1.7621139067162501,5.17495378318166,5.17495378318166,7.139064755204907,0.16403886743604681,5.010914915745614,5.324574321619158,5.324574321619158,7.262848933950069,0.16878163127487067,5.155792690344288,5.31855476174888,5.31855476174888,7.257936352521388,0.16859081956428243,5.149963942184598
10.0,85.0,0.40338381024513315,1.7072824455649902,-0.0365430476886533,-0.15824695378273546,1.7617915143450278,5.173060360747879,5.173060360747879,7.1374754591087815,0.043961452167830005,5.129098908580048,5.322626155723715,5.322626155723715,7.261259637853944,0.04523248499622389,5.27739367072749,5.316608798302034,5.316608798302034,7.256347056425262,0.045181348579475845,5.271427449722556
10.0,90.0,0.4050987718653648,1.714264604690563,-0.001554465503013775,-0.009807172808061078,1.7615069533962127,5.171389411522362,5.171389411522362,7.1360724187335665,0.00016432446447653656,5.171225087057884,5.320906895279723,5.320906895279723,7.25985659747873,0.00016907548562252966,5.320737819794098,5.314891481523497,5.314891481523497,7.254944016050048,0.00016888434170250416,5.314722597181793
10.0,95.0,0.4038232024105175,1.7083938048542553,0.033429664759748255,0.13872043441902496,1.7612618978110088,5.16995065511421,5.16995065511421,7.134863979655326,0.03393403623043501,5.136016618883776,5.31942654091389,5.31942654091389,7.258648158400488,0.034915152001682284,5.284511388912209,5.313412800734028,5.313412800734028,7.253735576971806,0.034875679579069896,5.27853712115496
10.0,100.0,0.39957107858532426,1.6896963709835429,0.06816348519272351,0.286255971605515,1.7610563917575808,5.168744253984917,5.168744253984917,7.133850440982604,0.14431117014862643,5.024433083836291,5.318185259784872,5.318185259784872,7.257634619727767,0.14848355813213954,5.169701701652732,5.312172922903306,5.312172922903306,7.252722038299085,0.1483156938834804,5.1638572290198255
10.0,105.0,0.3923742781504304,1.6582829807633677,0.10240321656698514,0.4317214139545765,1.7608889279207007,5.167761279682042,5.167761279682042,7.1330244358777115,0.3281086001089624,4.839652679573079,5.317173865296884,5.317173865296884,7.256808614622874,0.3375950201759053,4.979578845120979,5.311162671821214,5.311162671821214,7.251896033194192,0.33721336085196546,4.973949310969248
10.0,110.0,0.3822824872820101,1.6143496377646245,0.13590794764897712,0.5740455084168435,1.760756618332302,5.166984718855927,5.166984718855927,7.132371771395533,0.5799850293576466,4.586999689498279,5.316374852202826,5.316374852202826,7.256155950140696,0.5967538114596631,4.719621040743163,5.310364562030757,5.310364562030757,7.251243368712014,0.596079166862946,4.71428539516781
10.0,115.0,0.36936322265844546,1.558178828242749,0.16844048293969777,0.712169184408574,1.7606554445861093,5.166390942094281,5.166390942094281,7.131872662527705,0.8925742109504148,4.2738167311438655,5.315763907906452,5.315763907906452,7.2556568412728675,0.918380708869652,4.3973831990368,5.309754308421665,5.309754308421665,7.250744259844186,0.9173424572974458,4.392411851124219
10.0,120.0,0.35370193713454395,1.4901406778687523,0.1997682981478587,0.8450516325521789,1.7605805675389774,5.165951519521941,5.165951519521941,7.131503261689096,1.2566697850383028,3.909281734483637,5.315311780555551,5.315311780555551,7.255287440434258,1.2930031742342862,4.022308606321265,5.309302692211655,5.309302692211655,7.250374859005576,1.2915414029170635,4.017761289294591
10.0,125.0,0.33540216484119023,1.4106938771407431,0.22966464153364402,0.9716771517994242,1.7605266717895407,5.1656352391173685,5.1656352391173685,7.131237360936982,1.6614647488953744,3.504170490221995,5.314986355712901,5.314986355712901,7.255021539682144,1.7095017480145844,3.605484607698318,5.308977635269649,5.308977635269649,7.250108958253463,1.7075691150003849,3.601408520269265
10.0,130.0,0.3145856521497577,1.3203861142065827,0.2579098053696805,1.0910627967179403,1.7604883178299842,5.165410169642286,5.165410169642286,7.131048132398686,2.094843137539782,3.0705670321025034,5.314754778930225,5.314754778930225,7.254832311143847,2.1554101631235536,3.1593446158066705,5.308746320290118,5.308746320290118,7.249919729715165,2.152973419876446,3.1557729004136723
10.0,135.0,0.29139241561215884,1.2198537438211545,0.28429257625165555,1.202266781886745,1.7604602750221003,5.165245611377532,5.165245611377532,7.130909773812638,2.5437195451721215,2.6215260662054107,5.314585462884589,5.314585462884589,7.2546939525578,2.6172646827576105,2.697320780126979,5.308577195660361,5.308577195660361,7.249781371129118,2.6143058018212963,2.6942713938390654
10.0,140.0,0.2659806668684246,1.1098204321410476,0.3086118569544051,1.3043975248470083,1.7604378114052655,5.165113794307143,5.165113794307143,7.13079894044461,2.994419755983013,2.17069403832413,5.3144498346611195,5.3144498346611195,7.254583119189771,3.0809957361693723,2.2334540984917486,5.308441720767875,5.308441720767875,7.249670537761091,3.077512596077094,2.2309291246907814
10.0,145.0,0.23852654747171534,0.9910945484141332,0.33067843700542066,1.3966231384890666,1.7604169214729757,5.164991213166757,5.164991213166757,7.130695870218665,3.4330931522077863,1.7318980609589711,5.314323709400923,5.314323709400923,7.254480048963828,3.5323522504452995,1.781971458955624,5.30831573809533,5.30831573809533,7.249567467535146,3.528358840912422,1.7799568971829096
10.0,150.0,0.2092236232602868,0.8645651242405865,0.3503168750501674,1.478181123295713,1.760394479881141,5.1648595285817995,5.1648595285817995,7.130585142793784,3.8461449653300828,1.3187145632517174,5.3141882174933635,5.3141882174933635,7.254369321538947,3.957346399146088,1.3568418183472757,5.308180399364645,5.308180399364645,7.249456740110265,3.9528725234635997,1.3553078759010455
10.0,155.0,0.17828209778123708,0.7311962655600985,0.367367444171935,1.5483879638659843,1.7603683168134963,5.164706008939898,5.164706008939898,7.1304560517238755,4.220674107545752,0.9440319013941457,5.314030259224095,5.314030259224095,7.254240230469038,4.3427040925463025,0.9713261666777916,5.308022619671015,5.308022619671015,7.249327649040357,4.337794560684225,0.970228058986789
10.0,160.0,0.14592771669368657,0.5920199774548598,0.3816880821941452,1.6066483058714474,1.7603372185617512,5.164523533593753,5.164523533593753,7.130302607489538,4.544900544341571,0.6196229892521806,5.313842508070535,5.313842508070535,7.254086786234701,4.676304706596945,0.6375378014735884,5.307835080774669,5.307835080774669,7.249174204806019,4.671018031183526,0.6368170495911414
10.0,165.0,0.11240034932001636,0.44812744220299516,0.3931562830547599,1.652463381012791,1.7603008639083033,5.164310219323571,5.164310219323571,7.130123223809482,4.8085651953829585,0.3557450239406148,5.313623026364412,5.313623026364412,7.2539074025546455,4.947592545923406,0.36603048044100706,5.307615847197915,5.307615847197915,7.2489948211259625,4.941999173055456,0.36561667414246124
10.0,170.0,0.07795224879599666,0.30065887145829057,0.40167086285297615,1.6854383592358313,1.7602597123514334,5.164068764097425,5.164068764097425,7.129920166441952,5.003285368543691,0.16078339555373478,5.313374590078634,5.313374590078634,7.253704345187115,5.147942554320085,0.16543203575855003,5.307367691775359,5.307367691775359,7.248791763758433,5.142122680928767,0.16524501084659277
10.0,175.0,0.04284600779693695,0.15079212875523657,0.40715353521893893,1.705288338659428,1.7602148635004145,5.163805621563878,5.163805621563878,7.129698859818671,5.122849842313816,0.04095577925006207,5.313103839452492,5.313103839452492,7.253483038563832,5.270963928710582,0.04213991074190974,5.307097247239339,5.307097247239339,7.248570457135152,5.265004976684291,0.042092270555048376
10.0,180.0,0.0073522417939819494,-0.00026961603344875627,0.4095502351851562,1.7118427323349872,1.7601679077691805,5.163530124475591,5.163530124475591,7.1294671507541185,5.163439913013886,9.021146170413293e-05,5.312820377071295,5.312820377071295,7.253251329499282,5.3127275573761565,9.281969513749658e-05,5.30681410531921,5.30681410531921,7.2483387480706,5.3067213905589785,9.271476023035242e-05
15.0,-180.0,0.008288115052219715,-0.0007746847261623814,0.4062535466135194,1.6646170752261857,1.7134938705049947,4.893320124907813,4.893320124907813,6.896036285809492,4.893204639315978,0.00011548559183704469,5.034797947224831,5.034797947224831,7.0198204645546545,5.034679122662802,0.00011882456203009022,5.029105986544515,5.029105986544515,7.014907883125972,5.028987296316523,0.00011869022799285167
15.0,-175.0,-0.02714734496397966,-0.14932336310024644,0.40568287242137313,1.6577182767912861,1.713371799490726,4.8926229397193675,4.8926229397193675,6.8954174723160575,4.854233102305556,0.03838983741381107,5.034080604711768,5.034080604711768,7.01920165106122,4.994580823444341,0.03949978126742573,5.028389455004488,5.028389455004488,7.014289069632538,4.988934329193787,0.039455125810699966
15.0,-170.0,-0.062441330781757405,-0.2965715756106616,0.4019813281731188,1.6376143963940886,1.7132494035390722,4.891923948581795,4.891923948581795,6.894796967354654,4.738838189726944,0.15308575885485085,5.033361404035183,5.033361404035183,7.018581146099817,4.875849562431263,0.157511841603921,5.027671067401639,5.027671067401639,7.013668564671135,4.870337296738894,0.15733377066274493
15.0,-165.0,-0.09730253887299353,-0.4412749745401197,0.3951714953056252,1.604514212733504,1.7131309806294475,4.891247694622769,4.891247694622769,6.894196562140581,4.550936733329866,0.3403109612929041,5.032665597924445,5.032665597924445,7.017980740885742,4.6825154165344856,0.35015018138996207,5.026976047916514,5.026976047916514,7.013068159457061,4.67722171976348,0.34975432815303603
15.0,-160.0,-0.1314430582155135,-0.5822264990942589,0.38530544201464134,1.5587534120305515,1.713019981484042,4.890613876506908,4.890613876506908,6.893633757793714,4.29685290864307,0.5937609678638395,5.032013454580624,5.032013454580624,7.017417936538877,4.421085408625444,0.6109280459551801,5.026324641836494,5.026324641836494,7.0125053551101955,4.416087264792465,0.6102373770440281
15.0,-155.0,-0.16458217155910682,-0.718272185819335,0.37246390645690736,1.5007867428974397,1.7129192722912083,4.890038850759086,4.890038850759086,6.893123095537353,3.9850564644629327,0.9049823862961519,5.031421803435627,5.031421803435627,7.0169072742825165,4.10027416860061,0.931147634835016,5.025733659567406,5.025733659567406,7.011994692853834,4.0956387096227465,0.9300949499446577
15.0,-150.0,-0.19644993078469974,-0.8483249902341001,0.35675487721728183,1.4311778324624038,1.7128315430628611,4.8895379651002635,4.8895379651002635,6.8926782258216654,3.6258212965184766,1.263716668581785,5.030906435950472,5.030906435950472,7.016462404566828,3.730652635578225,1.3002538003722455,5.025218874717639,5.025218874717639,7.011549823138146,3.7264350426705817,1.2987838320470557
15.0,-145.0,-0.22679037466669083,-0.9713761964773876,0.33831163593247654,1.3505871757712389,1.7127597821905367,4.889128269049452,4.889128269049452,6.892314313750287,3.2308246886389513,1.6583035804105004,5.0304848945873575,5.0304848945873575,7.01609849249545,3.324235712150377,1.7062491824369794,5.024797809917216,5.024797809917216,7.011185911066767,3.3204775833904945,1.7043202265267217
15.0,-140.0,-0.2553642748741503,-1.0865041328207008,0.3172903570160846,1.259758886739991,1.7127077295599036,4.88883110172522,4.88883110172522,6.8920503361159735,2.8127097740654508,2.0761213276597683,5.030179135430827,5.030179135430827,7.015834514861137,2.8940320753837336,2.1361470600470915,5.024492396428798,5.024492396428798,7.010921933432455,2.89076030222554,2.133732094203256
15.0,-135.0,-0.2819513225545012,-1.192880066178269,0.2938673856952229,1.1595068394248271,1.7126802245673303,4.888674079974113,4.888674079974113,6.891910845154254,2.384634071928724,2.5040400080453877,5.030017573797831,5.030017573797831,7.015695023899417,2.453579660385558,2.576437913412273,5.024331017445131,5.024331017445131,7.010782442470735,2.450805829320374,2.5735251881247563
15.0,-130.0,-0.3063517027050653,-1.2897713088000846,0.26823633529453633,1.0507008308393857,1.7126833806203043,4.888692097264631,4.888692097264631,6.89192685112091,1.9598254407860984,2.9288666564785313,5.030036112012173,5.030036112012173,7.015711029866073,2.016488775374111,3.013547336638061,5.024349534701573,5.024349534701573,7.010798448437391,2.014209086111098,3.010140448590474
15.0,-125.0,-0.3283870449933774,-1.3765417253692465,0.24060515504992375,0.9342533609086583,1.712724541777733,4.888927081319871,4.888927081319871,6.892135597803884,1.5511637609965636,3.337763320323308,5.030277890029706,5.030277890029706,7.015919776549047,1.5960116894706897,3.4342662005590165,5.024591039383218,5.024591039383218,7.011007195120365,1.5942073597086983,3.4303836796745197
15.0,-120.0,-0.3479007847320602,-1.452649969159456,0.21119331825383253,0.811107553561241,1.7128120066239954,4.889426426268376,4.889426426268376,6.89257915459639,1.1708025521511398,3.7186238741172377,5.03079167225885,5.03079167225885,7.016363333341554,1.2046533101668278,3.8261383620920237,5.025104240769143,5.025104240769143,7.0114507519128715,1.2032914205047684,3.8218128202643755
15.0,-115.0,-0.3647580122279551,-1.5176458929002359,0.18022926572235398,0.6822266397932685,1.712954535295049,4.890240190351099,4.890240190351099,6.8933019057194445,0.8298400768302838,4.060400113520814,5.031628964246423,5.031628964246423,7.017086084464607,0.8538327778889636,4.177796186357457,5.025940586177901,5.025940586177901,7.012173503035925,0.8528674993116996,4.1730730868662
15.0,-110.0,-0.37884492787430574,-1.5711656659960418,0.14794821138523306,0.5485852952179504,1.7131606838712852,4.891417310576632,4.891417310576632,6.894347161742578,0.5380448231204875,4.353372487456143,5.032840117889322,5.032840117889322,7.01813134048774,0.5536010115448992,4.479239106344422,5.027150370582355,5.027150370582355,7.013218759059058,0.5529751522307168,4.474175218351638
15.0,-105.0,-0.3900680492387589,-1.612926179027914,0.11459037698455009,0.4111629793673769,1.7134380327663552,4.893001212207858,4.893001212207858,6.895753233534634,0.30363609677483017,4.589365115433026,5.034469813980716,5.034469813980716,7.019537412279796,0.31241495706845374,4.72205485691226,5.028778224262958,5.028778224262958,7.014624830851115,0.31206176441400835,4.716716459848946
15.0,-100.0,-0.39835333084872404,-1.6427193256196584,0.08039967502574305,0.27093927141847135,1.7137923898487808,4.89502527014515,4.89502527014515,6.897549381526945,0.1331171914479255,4.761908078697224,5.036552392370769,5.036552392370769,7.021333560272107,0.13696593419891503,4.899586458171853,5.030858448247842,5.030858448247842,7.016420978843425,0.13681109090228727,4.894047357345553
15.0,-95.0,-0.4036453547475889,-1.6604067200380683,0.04562280839697204,0.12889104740892,1.7142270535448558,4.897508604309184,4.897508604309184,6.899752076684517,0.03115650389465248,4.866352100414533,5.039107525783706,5.039107525783706,7.023536255429679,0.0320573144301394,5.007050211353568,5.033410693020744,5.033410693020744,7.018623674000998,0.03202107286192444,5.001389620158821
15.0,-90.0,-0.405906729703044,-1.665915338438375,0.01050870748578487,-0.01400879225667708,1.7147422159776606,4.900452661868022,4.900452661868022,6.902361982880212,0.0005111199476646134,4.899941541920358,5.04213670322875,5.04213670322875,7.026146161625374,0.0005258976722549784,5.041610805556496,5.036436445907525,5.036436445907525,7.021233580196692,0.0005253031322349572,5.03591114277529
15.0,-85.0,-0.40511780115253354,-1.6592344673760255,-0.024691812827638646,-0.15679144957885816,1.7153345722689266,4.903838961364945,4.903838961364945,6.905361998180818,0.04198775127620893,4.861851210088737,5.045620908905181,5.045620908905181,7.02914617692598,0.04320171959688129,5.0024191893083,5.0399167126052875,5.0399167126052875,7.024233595497299,0.04315287900946446,4.996763833595825
15.0,-80.0,-0.4012767268354728,-1.6404142124621928,-0.0597263182730031,-0.29849169707806295,1.715997181310837,4.907628257835415,4.907628257835415,6.9087165843858696,0.15443723879687926,4.753191019038534,5.049519763180795,5.049519763180795,7.032500763131032,0.15890239612807827,4.890617367052715,5.043811159131978,5.043811159131978,7.027588181702351,0.1587227531314278,4.8850884060005475
15.0,-75.0,-0.3943999205629087,-1.6095656721105047,-0.09434109157971822,-0.4381472201993143,1.7167195980431427,4.911761247197049,4.911761247197049,6.912372482909089,0.334780826415081,4.576980420781966,5.0537722473475135,5.0537722473475135,7.0361566616542515,0.3444601568217729,4.70931209052574,5.04805883576264,5.04805883576264,7.031244080225569,0.34407073629504725,4.703988099467591
15.0,-70.0,-0.3845228154433502,-1.5668627266138602,-0.12828167889637748,-0.574798373152535,1.7174882702852954,4.916160777318382,4.916160777318382,6.9162607754240835,0.5780686460918414,4.33809213122654,5.058298978617534,5.058298978617534,7.040044954169246,0.594782020878528,4.463516957739007,5.05258044945363,5.05258044945363,7.035132372740565,0.5941096054386859,4.458470844014944
15.0,-65.0,-0.37170085446829354,-1.5125452420290872,-0.16129375893506143,-0.7074888536151596,1.718287167227406,4.920735387029401,4.920735387029401,6.920300114387077,0.877572916278931,4.043162470750471,5.063005851455295,5.063005851455295,7.04408429313224,0.9029456901727864,4.16006016128251,5.057282001057966,5.057282001057966,7.039171711703558,0.9019248882620052,4.155357112795961
15.0,-60.0,-0.35601058555260406,-1.4469233517954803,-0.19312441016516205,-0.8352677305959294,1.7190985843089661,4.925383866706611,4.925383866706611,6.924400835028414,1.224919841292417,3.700464025414193,5.067788730020179,5.067788730020179,7.048185013773577,1.2603352621590873,3.8074534678610896,5.062059472463115,5.062059472463115,7.043272432344895,1.2589104227054644,3.803149049757649
15.0,-55.0,-0.33755072256997787,-1.370382365811112,-0.22352380832665708,-0.9571931561665191,1.7199040525373643,4.930000436879996,4.930000436879996,6.928469577629426,1.610264782121968,3.3197356547580275,5.072538776499635,5.072538776499635,7.052253756374588,1.6568214652968085,3.4157173112028265,5.066804148900304,5.066804148900304,7.047341174945907,1.6549483886145613,3.411855760285742
15.0,-50.0,-0.3164430337142872,-1.283387774369349,-0.25224734370062435,-1.0723379626543783,1.7206852709141134,4.9344800840207785,4.9344800840207785,6.932414004634434,2.0225147323080916,2.9119653517126878,5.0771479411675875,5.0771479411675875,7.056198183379596,2.0809905672477536,2.9961573739198353,5.071408102796278,5.071408102796278,7.051285601950915,2.0786379571511735,2.9927701456451055
15.0,-45.0,-0.2928329314208164,-1.1864897685135007,-0.2790581100363792,-1.179797200713424,1.7214249795155283,4.938723581646587,4.938723581646587,6.9361471955595775,2.449600395614344,2.489123186032243,5.08151412866199,5.08151412866199,7.059931374304741,2.520424318977615,2.5610898096843737,5.075769354210264,5.075769354210264,7.055018792876058,2.5175749184114533,2.5581944357988107
15.0,-40.0,-0.2668896602462719,-1.0803266924522221,-0.3037296881708607,-1.2786975199436805,1.7221076981877808,4.9426417627670896,4.9426417627670896,6.939591344155655,2.87879729645448,2.0638444663126077,5.085545593957289,5.085545593957289,7.0633755229008175,2.9620303492689373,2.1235152446883507,5.079796261836679,5.079796261836679,7.058462941472135,2.958681702419815,2.121114559416863
15.0,-35.0,-0.23880600606205957,-0.9656268788463971,-0.3260491284647955,-1.3682081424917805,1.722720271267337,4.946158694707677,4.946158694707677,6.942680463419396,3.2970915824316678,1.6490671122760094,5.089164208980015,5.089164208980015,7.066464642164558,3.392418543504134,1.6967456654758817,5.083410785927724,5.083410785927724,7.061552060735876,3.388583332406647,1.6948274535210783
15.0,-30.0,-0.20879747760488715,-0.8432083927481013,-0.3458200265050932,-1.4475530415235578,1.7232521809100043,4.949213532697925,4.949213532697925,6.945361917525278,3.691581860935793,1.2576316717621319,5.092307369788997,5.092307369788997,7.06914609627044,3.798314498339123,1.2939928714498734,5.086550393317498,5.086550393317498,7.064233514841758,3.7940204120614522,1.2925299812560451
15.0,-25.0,-0.17710093701979865,-0.7139763209073368,-0.3628655839407833,-1.5160238204077738,1.7236956183625156,4.951760982267404,4.951760982267404,6.94759673453989,4.049904014684433,0.9018569675829696,5.094928472340162,5.094928472340162,7.0713809132850525,4.166996619697945,0.9279318526422159,5.089168532648924,5.089168532648924,7.06646833185637,4.162285729377628,0.9268828032712946
15.0,-20.0,-0.14397267831241597,-0.578917383628662,-0.3770315481109285,-1.5729927036579479,1.7240453309585482,4.953770465655519,4.953770465655519,6.9493587955933425,4.360661990140715,0.5931084755148045,5.096996054795266,5.096996054795266,7.073142974338504,4.48673936633472,0.6102566884605458,5.091233777652127,5.091233777652127,7.068230392909824,4.48166699911687,0.6095667785352564
15.0,-15.0,-0.10968597192635177,-0.43909180745226595,-0.3881889278773848,-1.6179250041914162,1.7242982893697696,4.95522424394506,4.95522424394506,6.9506331284839975,4.61384457352562,0.3413796704194394,5.098491865361725,5.098491865361725,7.07441730722916,4.7472420758572085,0.35124978950451624,5.092727897168612,5.092727897168612,7.069504725800478,4.741875204034553,0.350852693134059
15.0,-10.0,-0.07452811134345277,-0.2956225676689108,-0.39623638737683897,-1.6503904278538497,1.7244532411546112,4.956114873304522,4.956114873304522,6.951413639397206,4.80120661964334,0.15490825366118197,5.099408244988705,5.099408244988705,7.075197818142369,4.940021215807532,0.15938702918117292,5.0936432408062915,5.0936432408062915,7.070285236713687,4.93443640251114,0.15920683829515103
15.0,-5.0,-0.03879701533011127,-0.14968227771076198,-0.4011022241481428,-1.6700726168697129,1.7245102297446204,4.956442451529076,4.956442451529076,6.951700680189417,4.916593402571227,0.03984904895785104,5.0997452942988755,5.0997452942988755,7.07548485893458,5.058744112121851,0.041001182177025454,5.0939799090740765,5.0939799090740765,7.070572277505898,5.053025079723768,0.040954829350309384
15.0,0.0,-0.002797458421445372,-0.0024781551069100053,-0.40274584436839167,-1.6767764168168746,1.7244701604190198,4.95621212642492,4.95621212642492,6.951498859534797,4.956188848596069,2.3277828851473164e-05,5.099508309934068,5.099508309934068,7.07528303827996,5.0994843590863965,2.3950847671029086e-05,5.093743192625817,5.093743192625817,7.070370456851278,5.093719268855158,2.392377065927355e-05
15.0,5.0,0.03316297738245173,0.14476438084965554,-0.4011586575809433,-1.6704324712054044,1.7243344856614076,4.955432285239924,4.955432285239924,6.950815459868633,4.918672302885718,0.03675998235420602,5.098705921637951,5.098705921637951,7.074599638613796,5.060883118516019,0.03782280312193233,5.092941711449049,5.092941711449049,7.069687057185114,5.0551616679195455,0.037780043529502594
15.0,10.0,0.0687781160295031,0.2908188359995505,-0.3963643282336087,-1.6510988949162626,1.7241050623748206,4.954113729079402,4.954113729079402,6.949659722426884,4.805273861250681,0.14883986782872033,5.097349242802141,5.097349242802141,7.0734439011720465,4.944206051291986,0.1531431915101557,5.09158656637143,5.09158656637143,7.068531319743365,4.938616506938008,0.15297005943342273
15.0,15.0,0.1037474334518487,0.43447480391410587,-0.38841834288061505,-1.618959941456368,1.723784205261951,4.952269972856781,4.952269972856781,6.948043122087554,4.619724665349554,0.3325453075072268,5.095452179089188,5.095452179089188,7.071827300832716,4.753292175480557,0.34216000360862925,5.089691647334821,5.089691647334821,7.066914719404034,4.747918463874156,0.34177318346066476
15.0,20.0,0.13778018973238948,0.5745544764152823,-0.3774068802438405,-1.5743217468878923,1.723374928165971,4.949918622786608,4.949918622786608,6.945980591426117,4.368105284695887,0.5818133380907209,5.093032845752246,5.093032845752246,7.069764770171279,4.4943978646937826,0.5986349810584637,5.087275049112649,5.087275049112649,7.064852188742597,4.489316839358568,0.597958209754081
15.0,25.0,0.17059929467020185,0.7099278604677924,-0.36344500534075863,-1.5176053931860447,1.722881333042082,4.947083597433563,4.947083597433563,6.943492492761161,4.058601718577818,0.8884818788557443,5.090115852900055,5.090115852900055,7.067276671506323,4.175945795429384,0.9141700574706701,5.084361353991329,5.084361353991329,7.062364090077641,4.171224787849762,0.9131365661415666
15.0,30.0,0.20194475793823807,0.8395261466663673,-0.34667424616336173,-1.4493376747423343,1.722309079281551,4.943797802895244,4.943797802895244,6.940607001708549,3.7011840174249615,1.2426137854702821,5.086735058025768,5.086735058025768,7.064391180453712,3.808194276597347,1.2785407814284209,5.0809843811873,5.0809843811873,7.05947859902503,3.803889020991738,1.2770953601955624
15.0,35.0,0.23157659042660844,0.9623527945389228,-0.32725964859838513,-1.370140064957615,1.7216658484134728,4.940105771572188,4.940105771572188,6.937362476115775,3.3072265434100614,1.6328792281621276,5.082936281070262,5.082936281070262,7.061146654860937,3.402846530929171,1.6800897501410925,5.077189898840892,5.077189898840892,7.056234073432256,3.3989995307400425,1.6781903681008508
15.0,40.0,0.25927705017472574,1.0774920440099078,-0.30538643865087867,-1.2807164591270583,1.720961713473828,4.93606574283409,4.93606574283409,6.933809353768731,2.8890911449479515,2.0469745978861384,5.078779445245489,5.078779445245489,7.057593532513893,2.9726218180347272,2.1061576272107607,5.073037762419415,5.073037762419415,7.052680951085212,2.969261197274359,2.1037765651450546
15.0,45.0,0.28485216303090155,1.1841147206754707,-0.28125644693117013,-1.1818403114828777,1.7202093294974372,4.931750707904485,4.931750707904485,6.93001115588382,2.4596949031268647,2.4720558047776207,5.074339652129319,5.074339652129319,7.0537953346289815,2.5308106833283928,2.5435289688009264,5.068602988596592,5.068602988596592,7.048882753200299,2.5279495407264796,2.5406534478701133
15.0,50.0,0.30813249211230764,1.2814813649892682,-0.2550844657707393,-1.0743417870731056,1.7194238807342062,4.927248054564678,4.927248054564678,6.926044266988766,2.0320827261868466,2.8951653283778302,5.069706816097003,5.069706816097003,7.049828445733929,2.090835195171156,2.978871620925846,5.063975390097305,5.063975390097305,7.044915864305247,2.0884714554849397,2.9755039346123637
15.0,55.0,0.3289731776407405,1.3689428723739439,-0.22709471222142952,-0.9590955138700481,1.718622748736632,4.922657614104593,4.922657614104593,6.921996303134669,1.6190222123776972,3.3036354017268956,5.064983654804602,5.064983654804602,7.045780481879832,1.6658320942254317,3.39915156057917,5.059257568452819,5.059257568452819,7.04086790045115,1.6639488308095547,3.3953087376432634
15.0,60.0,0.34725331568530393,1.445938973602504,-0.19751755975803428,-0.8370094495816494,1.7178248996154537,4.918088110530937,4.918088110530937,6.917963051214057,1.2326343020887565,3.685453808442181,5.060282035735094,5.060282035735094,7.0417472299592205,1.2682727668368727,3.7920092688982217,5.054561264677222,5.054561264677222,7.0368346485305375,1.266838953842504,3.787722310834719
15.0,65.0,0.3628747865922717,1.5119950042164292,-0.16658667823351314,-0.7090152751014446,1.7170500240854603,4.913652214158365,4.913652214158365,6.914044140860442,0.8840688082931979,4.029583405865165,5.055717886776792,5.055717886776792,7.0378283196056035,0.9096293942722481,4.146088492504543,5.050002275599552,5.050002275599552,7.032915738176922,0.908601036272557,4.141401239326993
15.0,70.0,0.3757606776364234,1.5667175008279068,-0.13453668725941928,-0.5760605979658063,1.716317495979601,4.909460582565754,4.909460582565754,6.9103377748255586,0.5832294808875607,4.326231101678193,5.051405064889139,5.051405064889139,7.034121953570722,0.6000920679983133,4.451312996890826,5.045694329461206,5.045694329461206,7.02920937214204,0.5994136494219534,4.446280680039253
15.0,75.0,0.38585346663578446,1.6097892146336654,-0.10160138551835218,-0.43910310183352214,1.7156452397989495,4.905615409553058,4.905615409553058,6.906934973852545,0.33854931671658045,4.567066092836478,5.047448718544149,5.047448718544149,7.030719152597707,0.34833760337131436,4.699111115172834,5.041742455861313,5.041742455861313,7.025806571169025,0.3479437992976161,4.693798656563697
15.0,80.0,0.39311314192118113,1.640964143745547,-0.06801257121325022,-0.29910662077612643,1.715048612676868,4.9022040815876124,4.9022040815876124,6.903913872225549,0.15681377300148772,4.745390308586125,5.043938760765112,5.043938760765112,7.027698050970711,0.16134764173421928,4.882591119030893,5.038236466174318,5.038236466174318,7.022785469542029,0.16116523432835325,4.877071231845966
15.0,85.0,0.39751542838814824,1.6600631536908446,-0.03399942107180956,-0.1570389604485644,1.714539409223535,4.899293553383252,4.899293553383252,6.9013346207217365,0.043027645860949953,4.856265907522303,5.040944082089981,5.040944082089981,7.0251187994669,0.04427168007094346,4.996672402019039,5.035245173055757,5.035245173055757,7.020206218038218,0.04422162986736892,4.99102354318839
15.0,90.0,0.3990502699891322,1.666970680222335,0.00021164870490674597,-0.0138711433248271,1.7141250888169233,4.8969259997123995,4.8969259997123995,6.899235411921225,0.000320748130651589,4.896605251581748,5.0385080766667345,5.0385080766667345,7.0230195906663875,0.0003300217415902757,5.038178054925145,5.032811921595478,5.032811921595478,7.018107009237706,0.00032964864404068747,5.032482272951437
15.0,95.0,0.3977206878836671,1.661632894323473,0.03439675255069985,0.1294223664468717,1.7138083050887583,4.895116186482587,4.895116186482587,6.897630043208576,0.02988810506789165,4.8652280814146955,5.036645937321317,5.036645937321317,7.021414221953738,0.030752243098972787,5.005893694222343,5.030951887443564,5.030951887443564,7.016501640525057,0.030717476945417935,5.000234410498145
15.0,100.0,0.39354209361867076,1.6440575633905525,0.0683340753676193,0.271862990968671,1.7135867888456149,4.893850843484629,4.893850843484629,6.896507286367928,0.13096196751265232,4.762888875971978,5.035344010170418,5.035344010170418,7.02029146511309,0.13474839748189352,4.900595612688525,5.029651432152753,5.029651432152753,7.0153788836844075,0.13459606116408254,4.895055370988671
15.0,105.0,0.3865420920033065,1.6143156755704404,0.10180333376893896,0.4124674977287484,1.7134536015695978,4.893090131115656,4.893090131115656,6.895832155730718,0.3008151721488684,4.592274958966787,5.034561303751061,5.034561303751061,7.01961633447588,0.3095124726297648,4.7250488311212955,5.028869610601908,5.028869610601908,7.014703753047199,0.3091625613040785,4.719707049297828
15.0,110.0,0.37676076292456595,1.572544719062054,0.13458531021543865,0.5502481674771049,1.7133977405924037,4.892771093190781,4.892771093190781,6.895548978998156,0.5347978198773465,4.3579732733134335,5.0342330416614685,5.0342330416614685,7.0193331577433185,0.5502601295167678,4.4839729121447,5.028541719620535,5.028541719620535,7.014420576314636,0.5496380471504076,4.4789036724701266
15.0,115.0,0.3642513691709066,1.5189533390101841,0.16646159891803974,0.6842141995004613,1.7134050428154677,4.8928127976721285,4.8928127976721285,6.8955859967710795,0.8264114216829168,4.066401375989212,5.034275951921112,5.034275951921112,7.019370175516242,0.850304991956906,4.183970959964205,5.028584581369094,5.028584581369094,7.01445759408756,0.8493437016268416,4.1792408797422524
15.0,120.0,0.3490814016790196,1.4538269454243817,0.19721467934300382,0.8133747893563631,1.7134593050169151,4.893122705710268,4.893122705710268,6.895861067766305,1.1674261260128573,3.7256965796974093,5.034594820156671,5.034594820156671,7.019645246511468,1.2011792633119223,3.8334155568447468,5.028903089116411,5.028903089116411,7.014732665082786,1.1998213011437382,3.8290817879726715
15.0,125.0,0.3313338467941608,1.377533728748781,0.226628402491764,0.9367441830845201,1.7135435183357879,4.893603693181207,4.893603693181207,6.896287952500071,1.5480470250122607,3.345556668168946,5.035089714148788,5.035089714148788,7.020072131245234,1.5928048410456432,3.442284873103145,5.029397423618917,5.029397423618917,7.015159549816551,1.5910041367032481,3.438393286915669
15.0,130.0,0.3111085433201009,1.2905304648585814,0.2544889400011589,1.0533488540434504,1.7136411045934985,4.894161090252496,4.894161090252496,6.8967825995985805,1.957134606510959,2.9370264837415347,5.0356632269292065,5.0356632269292065,7.020566778343744,2.013720142515649,3.0219430844135564,5.029970288029287,5.029970288029287,7.015654196915063,2.0114435832589503,3.018526704770334
15.0,135.0,0.28852349046217224,1.1933674641939993,0.2805862096159939,1.1622367766656259,1.7137370437748218,4.8947091104310365,4.8947091104310365,6.897268870506013,2.3824821143143593,2.512226996116678,5.036227091708032,5.036227091708032,7.021053049251175,2.4513654844267507,2.584861607281282,5.03053351534536,5.03053351534536,7.016140467822493,2.448594156540965,2.5819393588043966
15.0,140.0,0.26371597053662305,1.0866920421099855,0.3047157554110576,1.2624885993359578,1.7138187951327422,4.895176111669207,4.895176111669207,6.897683208481039,2.811149030290535,2.084027081378673,5.036707595091272,5.036707595091272,7.021467387226201,2.8924262066987705,2.1442813883925025,5.031013475507922,5.031013475507922,7.0165548057975204,2.88915624901391,2.141857226494011
15.0,145.0,0.2368433612952437,0.9712499568345054,0.32668102937659016,1.3532303595948112,1.713876937683773,4.89550826213415,4.89550826213415,6.897977878615698,3.22984540957423,1.6656628525599215,5.0370493488364545,5.0370493488364545,7.021762057360861,3.3232281197388933,1.7138212290975632,5.031354842892241,5.031354842892241,7.016849475932179,3.3194711300865674,1.7118837128056745
15.0,150.0,0.20808353040367075,0.8478843715585996,0.3462959940950159,1.4336472506493743,1.7139054868864099,4.895671359050124,4.895671359050124,6.898122564125249,3.6253568479115703,1.270314511138554,5.037217161282153,5.037217161282153,7.021906742870411,3.7301747586290466,1.3070424026531064,5.031522465621916,5.031522465621916,7.01699416144173,3.725957705972837,1.3055647596490791
15.0,155.0,0.17763472747045184,0.7175320391603454,0.3633879451427978,1.5029978479430024,1.7139018796948402,4.895650751605892,4.895650751605892,6.8981042832450665,3.9849949997885776,0.9106557518173143,5.037195958026435,5.037195958026435,7.021888461990229,4.100210926832573,0.9369850311938618,5.031501286336991,5.031501286336991,7.016975880561548,4.0955755393510564,0.9359257469859344
15.0,160.0,0.14571491556134175,0.5812165710672178,0.37780043703877453,1.5606281444470695,1.7138666560054128,4.895449525256051,4.895449525256051,6.897925771145527,4.297054391069673,0.5983951341863778,5.036988913731918,5.036988913731918,7.021709949890688,4.4212927164005285,0.6156961973313898,5.031294476111049,5.031294476111049,7.016797368462006,4.416294338201102,0.6150001379099463
15.0,165.0,0.11256051294056207,0.4400388241021894,0.3893961882065551,1.605984726368828,1.7138028966338088,4.89508529040919,4.89508529040919,6.8976026321400274,4.5512533311275325,0.3438319592816584,5.0366141479670645,5.0366141479670645,7.021386810885191,4.6828411679468385,0.3537729800202267,5.030920134027944,5.030920134027944,7.016474229456509,4.677547102905994,0.353373031121951
15.0,170.0,0.0784245455237245,0.2951646091944933,0.3980598384635139,1.6386264469988556,1.71371550254505,4.894586060758587,4.894586060758587,6.897159690441844,4.739135463264603,0.155450597493984,5.036100484369366,5.036100484369366,7.020943869187006,4.876155430872109,0.1599450534972569,5.030407051139349,5.030407051139349,7.0160312877583255,4.870642819388081,0.1597642317512682
15.0,175.0,0.043574239944011287,0.1478100827024163,0.4037004367366076,1.658234022585024,1.7136104140717143,4.893985787486814,4.893985787486814,6.8966270379284165,4.854409161650942,0.039576625835871085,5.035482855732909,5.035482855732909,7.02041121667358,4.994761973094908,0.040720882637998855,5.029790120746982,5.029790120746982,7.015498635244898,4.9891152740503,0.040674846696681484
15.0,180.0,0.00828811505221981,-0.0007746847261619874,0.4062535466135194,1.6646170752261857,1.7134938705049947,4.893320124907813,4.893320124907813,6.896036285809492,4.893204639315978,0.00011548559183704629,5.034797947224831,5.034797947224831,7.0198204645546545,5.034679122662802,0.00011882456203009186,5.029105986544515,5.029105986544515,7.014907883125972,5.028987296316523,0.0001186902279928533
20.0,-180.0,0.009169164410002628,-0.0011922535312536878,0.40097672537161255,1.6016630375916028,1.6511185043240724,4.543546817022036,4.543546817022036,6.573950074121038,4.543404328638167,0.00014248838387016926,4.674911839718115,4.674911839718115,6.697734252866201,4.674765231647461,0.00014660807065559138,4.669626738974343,4.669626738974343,6.692821671437519,4.669480296647653,0.0001464423266908214
20.0,-175.0,-0.026064675206392836,-0.14624408325332627,0.40049929880791985,1.594670783043638,1.6508910605545313,4.542295144006157,4.542295144006157,6.572753498856548,4.505518178471114,0.036776965535043435,4.673623977781827,4.673623977781827,6.696537677601709,4.635783700453868,0.03784027732795908,4.6683403329970785,4.6683403329970785,6.691625096173029,4.630542835016561,0.0377974979805174
20.0,-170.0,-0.06117687746145278,-0.2899172730074615,0.39687535918144756,1.5746219509226145,1.6506783377074894,4.5411246395120095,4.5411246395120095,6.571634220748125,4.394803694160898,0.14632094535111084,4.672419631147247,4.672419631147247,6.6954183994932865,4.5218681903085685,0.1505514408386777,4.667137347905456,4.667137347905456,6.690505818064604,4.516756109106781,0.15038123879867507
20.0,-165.0,-0.09585858444929699,-0.4309144713368608,0.39012985843374615,1.5417597415830842,1.650484946016783,4.540060635331087,4.540060635331087,6.570616531685242,4.215274703959817,0.3247859313712705,4.671324864009762,4.671324864009762,6.694400710430405,4.3371485790305755,0.33417628497918556,4.666043818428661,4.666043818428661,6.689488129001723,4.332245327810705,0.33379849061795525
20.0,-160.0,-0.12980541141776933,-0.5679886428072238,0.3803214202514239,1.4964701377043919,1.6503114248330193,4.539106060997273,4.539106060997273,6.5697033060971775,3.973351817669168,0.5657542433281052,4.670342690603224,4.670342690603224,6.69348748484234,4.08823111191395,0.5821115786892738,4.6650627553928805,4.6650627553928805,6.688574903413658,4.083609267902536,0.5814534874903444
20.0,-155.0,-0.162722567061862,-0.6999635289410719,0.36754104717331826,1.4392702853314385,1.6501554324590577,4.538248001778619,4.538248001778619,6.568882251013636,3.6775556527792403,0.8606923489993814,4.669459822799279,4.669459822799279,6.692666429758798,3.783882758287108,0.8855770645121736,4.6641808856923115,4.6641808856923115,6.687753848330117,3.7796049874401234,0.8845758982521905
20.0,-150.0,-0.1943296248217511,-0.8257509168033201,0.3519099515253439,1.3707935759446235,1.6500134004057374,4.537466803923541,4.537466803923541,6.568134607602981,3.3381140934454003,1.1993527104781412,4.668656038608439,4.668656038608439,6.691918786348144,3.4346271153877974,1.2340289232206412,4.663378010198912,4.663378010198912,6.687006204919462,3.4307441864803705,1.2326338237185417
20.0,-145.0,-0.22436472694305387,-0.9443640632289289,0.33357659608933715,1.2917722456092695,1.649882388111179,4.536746276033431,4.536746276033431,6.567444914106405,2.9665115783162554,1.5702346977171746,4.66791467849926,4.66791467849926,6.691229092851567,3.052280665002835,1.615634013496424,4.662637488215242,4.662637488215242,6.686316511422885,3.0488299879920406,1.613807500223201
20.0,-140.0,-0.2525880192309242,-1.0549268532355263,0.3127130801126804,1.203018423896781,1.649761853070032,4.536083420392406,4.536083420392406,6.566810328079024,2.5750106662625583,1.9610727541298483,4.6672326580845835,4.6672326580845835,6.690594506824187,2.64946050649507,2.0177721515895137,4.661956238841117,4.661956238841117,6.685681925395506,2.6464652274024236,2.015491011438693
20.0,-135.0,-0.2787841479783705,-1.156678524205922,0.28951105678914835,1.1054046267415936,1.6496550701125698,4.53549623173111,4.53549623173111,6.5662481045070065,2.176175465985623,2.3593207657454855,4.666628492366612,4.666628492366612,6.690032283252169,2.2390940075991597,2.4275344847674507,4.661352756147081,4.661352756147081,6.685119701823487,2.236562657744731,2.4247900984023487
20.0,-130.0,-0.3027637039551256,-1.2489740482571174,0.2641774140729237,0.9998446903353778,1.6495699877696925,4.5350283997568,4.5350283997568,6.565800110916038,1.782423192554498,2.752605207202303,4.666147134228624,4.666147134228624,6.689584289661202,1.833957395364233,2.832189738864392,4.660871942196094,4.660871942196094,6.6846717082325195,1.8318840622348387,2.828987879961256
20.0,-125.0,-0.3243635712325982,-1.3312805187263452,0.23692998412291527,0.8872760869614443,1.649519389929427,4.534750194982127,4.534750194982127,6.565533681482827,1.4056246712062983,3.1291255237758295,4.6658608858752215,4.6658608858752215,6.68931786022799,1.4462647095444987,3.2195961763307226,4.660586017453368,4.660586017453368,6.684405278799308,1.4446296723600185,3.2159563450933497
20.0,-120.0,-0.3434462267780735,-1.4031701179094824,0.20799355969144642,0.7686444505565896,1.649520325042031,4.534755336483696,4.534755336483696,6.565538605512593,1.0567677905824733,3.4779875459012226,4.665866176030143,4.665866176030143,6.689322784257755,1.0873215254475497,3.5785446505825926,4.660591301627642,4.660591301627642,6.684410202829074,1.0860922822019252,3.5744990194257165
20.0,-115.0,-0.3598981318833709,-1.4643104377324294,0.177596481415885,0.644890975001395,1.6495928598399159,4.5351541612678545,4.5351541612678545,6.565920544060405,0.7456905652884087,3.7894635959794436,4.666276531811765,4.666276531811765,6.689704722805568,0.7672502986813546,3.8990262331304084,4.661001193492142,4.661001193492142,6.684792141376886,0.7663829036879841,3.8946182898041557
20.0,-110.0,-0.3736274469366637,-1.5144530698950958,0.14596801439655788,0.5169431402399073,1.6497582978991376,4.536063870256314,4.536063870256314,6.566791610313642,0.4808834566013567,4.0551804136549565,4.667212542706363,4.667212542706363,6.690575789058803,0.4947869704716089,4.172425572234753,4.661936146203816,4.661936146203816,6.685663207630121,0.4942276018513429,4.167708544352473
20.0,-105.0,-0.3845613734339313,-1.55342146642796,0.11333665653454021,0.3857089823351833,1.6500370659670214,4.537596963434688,4.537596963434688,6.568259185366645,0.2693546821951543,4.268242281239534,4.668789961348583,4.668789961348583,6.692043364111808,0.2771423831620067,4.391647578186577,4.663511781536164,4.663511781536164,6.687130782683126,0.2768290670042695,4.3866827145318945
20.0,-100.0,-0.39264346877865325,-1.5810990881648483,0.07992942131147424,0.25207486873027873,1.6504465068601353,4.539849165277796,4.539849165277796,6.57041423831611,0.11654800729548913,4.423301157982307,4.671107279841338,4.671107279841338,6.694198417061274,0.1199176945112554,4.551189585330082,4.6658264802443945,4.6658264802443945,6.6892858356325915,0.11978212466134544,4.546044355583049
20.0,-95.0,-0.39783128100868476,-1.597418804533334,0.045972025727780204,0.1169064869844487,1.6509988246738028,4.5428881721273076,4.5428881721273076,6.573320463400977,0.02630030346961093,4.5165878686576955,4.674234151792683,4.674234151792683,6.69710464214614,0.02706070940385938,4.647173442388821,4.668949817191477,4.668949817191477,6.692192060717458,0.027030116618305167,4.641919700573171
20.0,-90.0,-0.4000946084870587,-1.602354385883858,0.01168980536178599,-0.01894747721774035,1.651699407320824,4.546744436393353,4.546744436393353,6.577005440482257,0.000826077942207429,4.545918358451147,4.678201910066214,4.678201910066214,6.700789619227418,0.0008499618707762415,4.677351948195438,4.672913089818452,4.672913089818452,6.695877037798738,0.0008490009683529589,4.6720640888500995
20.0,-85.0,-0.399414607270293,-1.5959147475983857,-0.02269091059867152,-0.15464969109434293,1.6525457072293865,4.551404963826069,4.551404963826069,6.581454788222743,0.04071804801863047,4.51068691580744,4.682997184716606,4.682997184716606,6.7052389669679044,0.04189530612061989,4.641101878595987,4.677702943295035,4.677702943295035,6.700326385539222,0.041847942465190614,4.635855000829845
20.0,-80.0,-0.3957838569138791,-1.5781413768821146,-0.05694128667833507,-0.2893674138832727,1.6535267996519074,4.556810774278081,4.556810774278081,6.586609944825732,0.14495626887175408,4.41185450540633,4.6885592903365385,4.6885592903365385,6.710394123570895,0.14914730823310435,4.539411982103437,4.683258760820228,4.683258760820228,6.705481542142213,0.14897869359892507,4.534280067221305
20.0,-75.0,-0.3892073700670983,-1.549109115728809,-0.09082866523866505,-0.4222655599979385,1.6546236668614556,4.562858301422104,4.562858301422104,6.592369820608478,0.31092275759052046,4.251935543831585,4.694781666243547,4.694781666243547,6.716153999353641,0.3199122930245092,4.37486937321904,4.68947410218099,4.68947410218099,6.711241417924958,0.31955062445068905,4.369923477730303
20.0,-70.0,-0.3797044112415245,-1.5089302062788947,-0.12411574909653725,-0.5525005302869997,1.6558101831062493,4.569404619763945,4.569404619763945,6.598596164383608,0.5344233347057322,4.034981285058213,4.7015172546187305,4.7015172546187305,6.72238034312877,0.5498748170652662,4.151642437553465,4.696202075810836,4.696202075810836,6.717467761700088,0.5492531703039385,4.146948905506899
20.0,-65.0,-0.3673108935741254,-1.4577612467372887,-0.156560512826258,-0.6792156955766548,1.657054706496251,4.576276020951667,4.576276020951667,6.605122113183981,0.8097228491533882,3.766553171798278,4.708587324777927,4.708587324777927,6.728906291929143,0.8331339120829182,3.875453412695008,4.703264153084961,4.703264153084961,6.723993710500461,0.8321920340733692,3.871072119011591
20.0,-60.0,-0.3520820626661405,-1.395812474333223,-0.18791697567562013,-0.8015392946157232,1.6583221257993337,4.583279143621515,4.583279143621515,6.6117630866146735,1.129603438499895,3.45367570512162,4.715792924808638,4.715792924808638,6.735547265359836,1.1622630296325702,3.5535298951760677,4.7104616070108065,4.7104616070108065,6.730634683931154,1.1609490632064696,3.549512543804337
20.0,-55.0,-0.3340951598186812,-1.323358600559975,-0.21793686319119573,-0.918585333992616,1.6595761668734186,4.590213614816069,4.590213614816069,6.618328967741193,1.4854574909071325,3.1047561239089365,4.722927888482426,4.722927888482426,6.742113146486356,1.5284056908191506,3.194522197663275,4.717588504435836,4.717588504435836,6.737200565057674,1.526677791271462,3.190910713164375
20.0,-50.0,-0.3134517809876435,-1.2407502837583604,-0.24637208789586912,-1.029457862700344,1.6607817383450805,4.596885005587877,4.596885005587877,6.624636396947755,1.8674271663905908,2.7294578391972864,4.729792165436646,4.729792165436646,6.748420575692917,1.9214190414554904,2.808373123981157,4.724445021159174,4.724445021159174,6.743507994264236,1.9192468308228068,2.805198190336368
20.0,-45.0,-0.2902797027956608,-1.1484252424604724,-0.2729779060033441,-1.1332587522750817,1.6619070913109364,4.6031168549862675,4.6031168549862675,6.630520000583342,2.26460054268618,2.338516312300088,4.7362041928040615,4.7362041928040615,6.754304179328504,2.3300756689846485,2.406128523819413,4.730849799574786,4.730849799574786,6.749391597899822,2.3274414621646247,2.403408337410162
20.0,-40.0,-0.2647340183235393,-1.0469179946148068,-0.2975165651627014,-1.2290988589798606,1.6629255845039563,4.608760587772116,4.608760587772116,6.635841483262909,2.6652707281225245,1.9434898596495893,4.742011099672924,4.742011099672924,6.759625662008071,2.742330206937467,1.9996808927354557,4.736650141595185,4.736650141595185,6.75471308057939,2.739229936405472,1.9974202051897112
20.0,-35.0,-0.23699749737826975,-0.9368672554385129,-0.3197612478919595,-1.3161121919973042,1.6638168846522223,4.6137023481087205,4.6137023481087205,6.640495726853594,3.057258903045509,1.5564434450632125,4.747095738356539,4.747095738356539,6.764279905598755,3.1456517162727744,1.6014440220837665,4.741729031971963,4.741729031971963,6.759367324170073,3.142095481033411,1.5996335509385533
20.0,-30.0,-0.20728014545846807,-0.8190201403513346,-0.339500129951124,-1.3934724762631872,1.6645674901734362,4.617866089495522,4.617866089495522,6.644413349396725,3.428295699692239,1.1895703898032828,4.7513798636644955,4.7513798636644955,6.768197528141888,3.527416091873896,1.2239637717905985,4.746008313972788,4.746008313972788,6.763284946713206,3.523428262787502,1.2225800511852853
20.0,-25.0,-0.17581797533953586,-0.6942324962409182,-0.3565404011102688,-1.4604112961843068,1.6651705410966133,4.6212126799757085,4.6212126799757085,6.647559563166655,3.766448285301513,0.8547643946741967,4.754823212239643,4.754823212239643,6.771343741911818,3.8753454936737453,0.8794777185658985,4.7494477697592075,4.7494477697592075,6.766431160483136,3.8709643219953884,0.8784834477638197
20.0,-20.0,-0.1428710245900633,-0.5634649168787642,-0.37071212518055807,-1.5162368527920134,1.665624962511406,4.623735261887854,4.623735261887854,6.649929600161286,4.060573792427548,0.5631614694603065,4.757418728148838,4.757418728148838,6.773713778906449,4.177974886745085,0.5794438414037519,4.752040351374979,4.752040351374979,6.768801197477767,4.173251585228724,0.5787887661462553
20.0,-15.0,-0.10872065704708503,-0.42777427397334705,-0.3818718367964643,-1.5603522763280018,1.6659340733421764,4.625451589754947,4.625451589754947,6.65154139964664,4.300774220956002,0.32467736879894765,4.7591846792416375,4.7591846792416375,6.7753255783918025,4.425120095643586,0.3340645835980529,4.753804306017417,4.753804306017417,6.770412996963121,4.420117390499486,0.3336869155179318
20.0,-10.0,-0.07366618571440539,-0.2883008957238089,-0.38990577920688446,-1.5922724200013672,1.6661038651743165,4.626394488918333,4.626394488918333,6.652426619529429,4.478824443213489,0.14757004570484353,4.760154839920087,4.760154839920087,6.776210798274591,4.608318184189206,0.1518366557308813,4.754773369905789,4.754773369905789,6.771298216845909,4.6031083691813865,0.15166500072440237
20.0,-5.0,-0.038020858652139666,-0.14625182657220684,-0.3947326810665718,-1.6116381243196913,1.6661412052197286,4.626601861003255,4.626601861003255,6.652621281990737,4.588544120161896,0.038057740841357955,4.760368207637879,4.760368207637879,6.7764054607359,4.7212101246649825,0.03915808297289634,4.7549864964062225,4.7549864964062225,6.7714928793072175,4.715872682591876,0.039113813814345276
20.0,0.0,-0.0021072656339022507,-0.0028808792371205184,-0.3963059568263048,-1.6182270831629961,1.6660522333143886,4.626107753312005,4.626107753312005,6.652157443282024,4.626086520422848,2.1232889156862778e-05,4.759859814087874,4.759859814087874,6.7759416220271875,4.759837967304093,2.1846783781112024e-05,4.754478677607405,4.754478677607405,6.771029040598505,4.754456855521941,2.182208546440162e-05
20.0,5.0,0.0337477455055602,0.14053358222147444,-0.39461520369478187,-1.6119606524871433,1.6658411995783267,4.6249358777214935,4.6249358777214935,6.651057158545606,4.590122367798402,0.03481350992309124,4.75865405671519,4.75865405671519,6.774841337290768,4.722834003290876,0.035820053424314484,4.753274283372552,4.753274283372552,6.769928755862087,4.717494725383763,0.035779557988788534
20.0,10.0,0.06921851025232842,0.282712032531998,-0.38968686744644515,-1.5929062023388743,1.6655099278028347,4.623096616714891,4.623096616714891,6.64932969723541,4.4819044505745405,0.14119216614035043,4.756761618185916,4.756761618185916,6.773113875980572,4.611487242076902,0.14527437610901373,4.751383984290741,4.751383984290741,6.76820129455189,4.6062738443726,0.14511013991814023
20.0,15.0,0.10398616467170042,0.4223971797489026,-0.38158396646115444,-1.5612748993265113,1.665057997377326,4.620588034182137,4.620588034182137,6.64697249094968,4.30520796441261,0.3153800697695279,4.7541805064123235,4.7541805064123235,6.770756669694842,4.4296820294398715,0.3244984769724539,4.748805790526348,4.748805790526348,6.765844088266161,4.424674166919435,0.3241316236069146
20.0,20.0,0.1377442112949699,0.5583762103339689,-0.370404801192351,-1.5174150942364413,1.6644836271273835,4.617400793178879,4.617400793178879,6.6439757321074655,4.066151346762783,0.551249446416096,4.750901114496222,4.750901114496222,6.767759910852628,4.183713701782882,0.5671874127133408,4.745530106042013,4.745530106042013,6.762847329423946,4.178983912397515,0.5665461936444973
20.0,25.0,0.17020377462963304,0.6895008281916679,-0.3562806330885151,-1.4618017541343107,1.6637851348293962,4.61352626763276,4.61352626763276,6.640329976589295,3.772911543462176,0.8406147241705832,4.7469145669644615,4.7469145669644615,6.764114155334458,3.881995620395283,0.8649189465691771,4.741548065398519,4.741548065398519,6.759201573905775,3.877606930588053,0.8639411348104657
20.0,30.0,0.2010982770314983,0.8147041973529618,-0.33937238713491186,-1.3950226008964584,1.6629627537534144,4.60896661754043,4.60896661754043,6.636035625678948,3.4353551897465135,1.173611427793916,4.742223086264461,4.742223086264461,6.759819804424111,3.534679689007628,1.207543397256833,4.73686188853076,4.73686188853076,6.754907222995429,3.530683648249243,1.2061782402815169
20.0,35.0,0.23018728138679218,0.9330141152178006,-0.3198665072718281,-1.3177617862799147,1.6620205268172257,4.603745259202019,4.603745259202019,6.63111284639844,3.0646123136000485,1.539132945601969,4.736850765718715,4.736850765718715,6.7548970251436025,3.1532177318654684,1.583633033853245,4.731495641523143,4.731495641523143,6.74998444371492,3.1496529430627422,1.5818426984603993
20.0,40.0,0.25725928919599783,1.0435619920138914,-0.2979701646556324,-1.2307820418921942,1.6609679788372969,4.5979160551345295,4.5979160551345295,6.6256103802402695,2.6726214582416756,1.925294596892854,4.730853025140991,4.730853025140991,6.749394558985432,2.749893464596847,1.9809595605441446,4.725504681536001,4.725504681536001,6.74448197755675,2.7467846436194,1.9787200379166021
20.0,45.0,0.28213334795318884,1.1455874745290011,-0.27390607636710873,-1.134906290863267,1.6598212902408658,4.591569686005899,4.591569686005899,6.61961179967002,2.2716745275924994,2.3198951584134004,4.724323166998558,4.724323166998558,6.743395978415182,2.3373541800519595,2.3869689869465995,4.718982205555908,4.718982205555908,6.7384833969865,2.3347117446993826,2.384270460856526
20.0,50.0,0.3046594040115104,1.2384388134383613,-0.24790722983999075,-1.030999700021887,1.6586037571208572,4.584836023975829,4.584836023975829,6.613238078019124,1.8739864773298822,2.7108495466459472,4.7173948183720835,4.7173948183720835,6.737022256764287,1.9281679980758124,2.7892268202962724,4.71206168959489,4.71206168959489,6.732109675335605,1.925988157584668,2.7860735320102226
20.0,55.0,0.32471742847642693,1.3215693220454645,-0.2202118214998008,-0.9199530912686787,1.657345412939352,4.5778818455694505,4.5778818455694505,6.606645794089926,1.49130976019816,3.08657208537129,4.710239577702902,4.710239577702902,6.730429972835088,1.5344271634922935,3.1758124142106077,4.704914538098099,4.704914538098099,6.725517391406407,1.5326924565243163,3.1722220815737816
20.0,60.0,0.34221543541789956,1.3945305003704742,-0.19105870496676036,-0.8026685224287926,1.6560817933735594,4.570903824219102,4.570903824219102,6.600020834528929,1.1346069124250058,3.436296911794096,4.703059804732073,4.703059804732073,6.72380501327409,1.1674111661950877,3.5356486385369847,4.69774288203402,4.69774288203402,6.7188924318454095,1.1660913796762646,3.531651502357754
20.0,65.0,0.3570865953194491,1.4569625930359686,-0.16068360526121564,-0.6800476942737309,1.6548519334217455,4.564117342779632,4.564117342779632,6.593568015363996,0.8137876403783559,3.750329702401275,4.6960771095582166,4.6960771095582166,6.717352194109157,0.8373162263384668,3.8587608832197504,4.6907680809657055,4.6907680809657055,6.712439612680477,0.8363696201216402,3.854398460844065
20.0,70.0,0.3692857144319096,1.5085835022195033,-0.1293162936234546,-0.5529836451588629,1.6536957814731337,4.557742186493118,4.557742186493118,6.587497552124777,0.5375100294334677,4.020232157059653,4.68951763195094,4.68951763195094,6.71128173086994,0.553050755667731,4.136466876283211,4.684216019006288,4.684216019006288,6.706369149441258,0.5524255184311075,4.131790500575183
20.0,75.0,0.37878539610757894,1.5491770768518929,-0.097178837801302,-0.42235596365265,1.6526512875670785,4.551986556482355,4.551986556482355,6.582009707740639,0.31303976931557587,4.238946787166777,4.6835955926354105,4.6835955926354105,6.705793886485802,0.3220905127230948,4.361505079912313,4.678300674699234,4.678300674699234,6.70088130505712,0.32172638161929684,4.356574293079936
20.0,80.0,0.3855722186066633,1.5785818349512761,-0.06448495183350403,-0.28902949257806176,1.6517514649584253,4.547031046054994,4.547031046054994,6.577279194754708,0.14615715099143195,4.400873895063561,4.6784968063123715,4.6784968063123715,6.701063373499871,0.15038291078447574,4.528113895527895,4.67320765267728,4.67320765267728,6.6961507920711885,0.15021289927176973,4.522994753405509
20.0,85.0,0.38964325301865377,1.5966811382530974,-0.03144037581352003,-0.15385623010667293,1.6510217317316263,4.543014235117077,4.543014235117077,6.573440976385552,0.04109942635796941,4.501914808759109,4.674363859571023,4.674363859571023,6.697225155130715,0.04228771103814118,4.632076148532883,4.669079378332042,4.669079378332042,6.692312573702033,0.04223990375947525,4.626839474572568
20.0,90.0,0.3910032054302922,1.603395722520157,0.0017558710111877413,-0.01767987477090693,1.6504778128492432,4.5400213923882795,4.5400213923882795,6.570578992391074,0.0005260893640159824,4.539495303024266,4.6712844864577425,4.6712844864577425,6.694363171136237,0.0005412998909517259,4.670743186566793,4.666003486524439,4.666003486524439,6.689450589707555,0.0005406879383514721,4.6654627985860895
20.0,95.0,0.38966240303633154,1.598679295427017,0.034909592273539826,0.11865776570382068,1.650124426508983,4.538077458608896,4.538077458608896,6.568719044090594,0.025496640979782527,4.512580817629113,4.6692843488104705,4.6692843488104705,6.692503222835756,0.02623381107087409,4.643050537739595,4.664005610081085,4.664005610081085,6.687590641407074,0.026204153113856658,4.637801456967227
20.0,100.0,0.38563576121438925,1.5825176572891704,0.06782914921672806,0.2543094541201686,1.649954898746559,4.537145055469083,4.537145055469083,6.567826641641339,0.11545409990327112,4.421690955565813,4.66832498762124,4.66832498762124,6.691610820386501,0.11879215958768508,4.549532828033556,4.66304733347285,4.66304733347285,6.6866982389578205,0.11865786218219024,4.5443894712906605
20.0,105.0,0.3789427765696506,1.5549314968696726,0.10032312725955449,0.3884153424939318,1.6499517556642351,4.537127769412533,4.537127769412533,6.5678100954362195,0.2682123614061039,4.268915408006429,4.668307201782625,4.668307201782625,6.691594274181382,0.27596703509219456,4.39234016669043,4.663029567741555,4.663029567741555,6.686681692752701,0.2756550476938375,4.387374520047717
20.0,110.0,0.36960849947764685,1.515982690302276,0.13219822629251451,0.5200969908631988,1.6500882434349033,4.537878443564984,4.537878443564984,6.56852858231151,0.47995077769421196,4.057927665870774,4.669079579756131,4.669079579756131,6.692312761056672,0.4938273255419404,4.175252254214192,4.663801072523108,4.663801072523108,6.687400179627991,0.4932690418234449,4.170532030699665
20.0,115.0,0.3576653580584021,1.4657836147822219,0.16325763292827597,0.6484535665780163,1.6503306324601066,4.539211721010993,4.539211721010993,6.569804398748966,0.7452242477203298,3.7939874732906635,4.670451405505704,4.670451405505704,6.693588577494129,0.7667704987347771,3.9036809067709273,4.665171347390538,4.665171347390538,6.688675996065447,0.7659036461668343,3.8992677012237036
20.0,120.0,0.3431556411607252,1.4045087092036095,0.19330007844181293,0.7725610375630937,1.650641083147815,4.540919662338805,4.540919662338805,6.571438184586452,1.057000893160145,3.4839187691786613,4.672208727583913,4.672208727583913,6.695222363331615,1.0875613675894071,3.584647359994506,4.666926682773695,4.666926682773695,6.690309781902933,1.0863318531964488,3.5805948295772465
20.0,125.0,0.3261344051685833,1.332407296978167,0.22211971852562318,0.8914749348604627,1.6509807945938377,4.542788949537272,4.542788949537272,6.57322560679809,1.4067414065174773,3.1360475430197936,4.674132060435509,4.674132060435509,6.697009785543252,1.447413732397857,3.2267183280376517,4.66884784125105,4.66884784125105,6.692097204114571,1.44577739621529,3.223070445035759
20.0,130.0,0.30667254927271387,1.2498165508555814,0.24950689853932284,1.0042369723512028,1.6513131297018713,4.544618020126173,4.544618020126173,6.574973861888129,1.7845339397567355,2.7600840803694386,4.676014013917249,4.676014013917249,6.698758040633292,1.8361291694173636,2.839884844499885,4.670727667138925,4.670727667138925,6.69384545920461,1.834053381044949,2.8366742860939755
20.0,135.0,0.28485980439079955,1.1571734359934458,0.2752497980623565,1.109885501481381,1.651606414027987,4.546232472978788,4.546232472978788,6.576516397370561,2.1792957873187686,2.366936685660021,4.677675144540373,4.677675144540373,6.700300576115723,2.2423045450342305,2.4353705995061437,4.67238691981376,4.67238691981376,6.6953879946870405,2.23976956558969,2.4326173542240705
20.0,140.0,0.2608073983987771,1.0550245166822374,0.2991368867627039,1.207469473689494,1.6518361410182891,4.547497259707905,4.547497259707905,6.577724460325868,2.5790482514830613,1.9684490082248438,4.678976499339339,4.678976499339339,6.701508639071029,2.6536148281541942,2.0253616711851468,4.673686803399696,4.673686803399696,6.696596057642347,2.650614852500577,2.02307195089912
20.0,145.0,0.23465019032950363,0.9440326461200885,0.3209600730822989,1.2960653084276128,1.651986380387177,4.548324513902768,4.548324513902768,6.578514431681713,2.971264420072933,1.577060093829834,4.679827671471107,4.679827671471107,6.702298610426876,3.0571709230094997,1.622656748461605,4.67453701326081,4.67453701326081,6.697386028998194,3.0537147174439183,1.6208222958168899
20.0,150.0,0.206548104634436,0.8249797625659778,0.3405183892052551,1.3747958407061625,1.652050273200365,4.548676345941713,4.548676345941713,6.57885036374438,3.3432818636578956,1.2053944822838185,4.68018967583261,4.68018967583261,6.702634542489543,3.439944298444177,1.2402453773884334,4.67489860836764,4.67489860836764,6.697721961060861,3.436055358332883,1.2388432500347568
20.0,155.0,0.17668674028083184,0.6987652696904021,0.35762203007463744,1.442850363076268,1.652029598082489,4.548562494889257,4.548562494889257,6.578741660686873,3.682764381780843,0.8657981131084134,4.680072533068481,4.680072533068481,6.7025258394320355,3.789242084351109,0.8908304487173716,4.674781598036235,4.674781598036235,6.697613258003354,3.78495825465657,0.8898233433796644
20.0,160.0,0.1452770759831027,0.5663997627218972,0.3720965500926724,1.4995046902003313,1.6519334970092716,4.548033316690701,4.548033316690701,6.578236374585137,3.978189874989918,0.5698434417007846,4.679528055037248,4.679528055037248,6.702020553330299,4.093209049274532,0.586319005762717,4.674237735550566,4.674237735550566,6.697107971901617,4.088581577584705,0.5856561579658629
20.0,165.0,0.11255424030517414,0.4289941541397503,0.38378701764268663,1.5441401607798422,1.651776544312523,4.547169126716466,4.547169126716466,6.57741107588378,4.219336114670645,0.3278330120458192,4.678638879222622,4.678638879222622,6.701195254628943,4.341327415033074,0.3373114641895455,4.673349564970674,4.673349564970674,6.69628267320026,4.336419439538175,0.3369301254324966
20.0,170.0,0.07877536187133863,0.2877445341445932,0.3925619336896651,1.5762605477769167,1.6515764168903009,4.54606733348569,4.54606733348569,6.576358639328852,4.397733370486063,0.1483339629996266,4.677505230461662,4.677505230461662,6.700142818074014,4.52488257072339,0.15262265973827205,4.672217197827019,4.672217197827019,6.695230236645332,4.5197670816917395,0.15245011613527912
20.0,175.0,0.044216558631353875,0.14391335554437906,0.39831673520063937,1.5955059661327429,1.651351466971013,4.544829040390606,4.544829040390606,6.575175513178508,4.507053000424481,0.03777603996612532,4.676231135292321,4.676231135292321,6.698959691923672,4.6373628978541825,0.03886823743813697,4.6709445430530385,4.6709445430530385,6.6940471104949895,4.632120247096074,0.03882429595696333
20.0,180.0,0.00916916441000272,-0.0011922535312533192,0.40097672537161255,1.6016630375916028,1.6511185043240724,4.543546817022036,4.543546817022036,6.573950074121038,4.543404328638167,0.00014248838387017054,4.674911839718115,4.674911839718115,6.697734252866201,4.674765231647461,0.0001466080706555927,4.669626738974343,4.669626738974343,6.692821671437519,4.669480296647653,0.00014644232669082277
25.0,-180.0,0.009983610640462172,-0.0015030419785784586,0.3934097371087863,1.52518622630159,1.5751400502078219,4.1350128791237415,4.1350128791237415,6.164768665665974,4.134842997098326,0.00016988202541624566,4.254566189035644,4.254566189035644,6.288552844411138,4.2543913953064365,0.00017479372920696124,4.249756299202201,4.249756299202201,6.2836402629824555,4.249581703081526,0.00017459612067445595
25.0,-175.0,-0.025002195732836536,-0.1421427807863298,0.39295590987232426,1.5181262872276757,1.5747861604028681,4.133155044938814,4.133155044938814,6.16281697054852,4.0984397295983035,0.034715315340509485,4.252654640332147,4.252654640332147,6.286601149293682,4.216935620535346,0.03571901979679955,4.247846911550681,4.247846911550681,6.281688567864999,4.212168272968451,0.03567863858222968
25.0,-170.0,-0.05987837097197496,-0.28131802019777963,0.38934648130916616,1.498239727373569,1.5744961768726244,4.131633014113318,4.131633014113318,6.1612173902772565,3.9937608492595285,0.13787216485379078,4.2510886038824145,4.2510886038824145,6.285001569022418,4.10923021839647,0.14185838548594587,4.246282645542978,4.246282645542978,6.280088987593736,4.104584634388004,0.1416980111549751
25.0,-165.0,-0.09431477036445814,-0.41767434927845365,0.38261220937882,1.4658069234687865,1.5742709987828816,4.130451319656871,4.130451319656871,6.159975080553709,3.824879955384587,0.3055713642722825,4.249872743756426,4.249872743756426,6.283759259298871,3.935466565885983,0.31440617787044195,4.2450681599762286,4.2450681599762286,6.278846677870189,3.9310174258834394,0.3140507340927877
25.0,-160.0,-0.1279873557204011,-0.5499226815272015,0.3728217919046609,1.4212673565593708,1.574100602319506,4.129557221743975,4.129557221743975,6.159034883483883,3.5982435408756857,0.5313136808682893,4.248952795291671,4.248952795291671,6.282819062229045,3.7022775397424486,0.5466752555492224,4.244149251535431,4.244149251535431,6.277906480800363,3.6980920255659666,0.5460572259694648
25.0,-155.0,-0.16058480582440637,-0.6768649365024488,0.36008001133362655,1.3652039223800276,1.5739672761439367,4.128857705139505,4.128857705139505,6.158299158275748,3.3223206695411913,0.8065370355983134,4.2482330539556585,4.2482330539556585,6.282083337020908,3.4183770650696483,0.8298559888860103,4.243430323884383,4.243430323884383,6.277170755592227,3.4145125072365787,0.8289178166478042
25.0,-150.0,-0.19181468467283624,-0.7974151593095434,0.344524766597334,1.2983229586180307,1.5738499385984765,4.128242124399471,4.128242124399471,6.157651610529983,3.0071621867725145,1.1210799376269567,4.2475996752746905,4.2475996752746905,6.281435789275147,3.094106581718813,1.1534930935558767,4.242797661253311,4.242797661253311,6.276523207846465,3.090608619498987,1.1521890417543232
25.0,-145.0,-0.221408860678759,-0.9106151747540484,0.32632306740540007,1.2214311175998032,1.5737288837158026,4.127607089718576,4.127607089718576,6.156983497411343,2.6639051064122783,1.4637019833062967,4.24694628019197,4.24694628019197,6.280767676156504,2.7409251017720737,1.506021178419896,4.242145004849513,4.242145004849513,6.275855094727824,2.737826419745404,1.5043185851041077
25.0,-140.0,-0.2491278629227266,-1.0156442021323315,0.30566612939374393,1.135410366211813,1.5735902642585398,4.126879974061887,4.126879974061887,6.156218380655371,2.3042598509917225,1.8226201230701649,4.2461981418478105,4.2461981418478105,6.2800025594005335,2.370881624644225,1.8753165172035857,4.24139771229382,4.24139771229382,6.275089977971851,2.368201285705778,1.873196426588042
25.0,-135.0,-0.27476388061052104,-1.1118222154308801,0.28276378863452284,1.041192476266236,1.5734296811774426,4.126037730305867,4.126037730305867,6.155331950352708,1.9400161829701794,2.1860215473356863,4.245331546770106,4.245331546770106,6.279116129097869,1.9961067835890312,2.2492247631810747,4.240532096922781,4.240532096922781,6.274203547669188,1.9938501366599992,2.2466819602627814
25.0,-130.0,-0.29814217114684005,-1.198607202529208,0.2578385425913541,0.9397343753579026,1.5732543947009923,4.125118466689279,4.125118466689279,6.154364252958019,1.582598399206997,2.542520067482284,4.244385704999773,4.244385704999773,6.2781484317031815,1.6283551797582025,2.616030525241572,4.239587324449413,4.239587324449413,6.2732358502745,1.6265142848992775,2.6130730395501374
25.0,-125.0,-0.31912074675397006,-1.2755868368204653,0.2311196063901557,0.831995659605015,1.5730838754936038,4.12422430257496,4.12422430257496,6.153422770580217,1.2426924733903197,2.8815318291846403,4.2434656884195485,4.2434656884195485,6.277206949325379,1.2786217444081898,2.964843944011359,4.238668347970153,4.238668347970153,6.272294367896697,1.2771762316447273,2.9614921163254264
25.0,-120.0,-0.3375883563476782,-1.3424654067701987,0.20283742867546362,0.7189194258804408,1.5729486419130594,4.123515237210166,4.123515237210166,6.1526760370673275,0.9299583633233262,3.1935568738868407,4.242736122245258,4.242736122245258,6.27646021581249,0.9568457282882252,3.285890393957034,4.237939606588044,4.237939606588044,6.271547634383809,0.9557639910825549,3.2821756155054893
25.0,-115.0,-0.35346095479721185,-1.3990471343729365,0.17321912059810815,0.6014173646778361,1.5728875487586826,4.123194929662922,4.123194929662922,6.152338671505701,0.6528308036923725,3.4703641259705487,4.2424065538254165,4.2424065538254165,6.276122850250864,0.6717057348414163,3.570700818983999,4.23761041075326,4.23761041075326,6.271210268822182,0.6709463552850693,3.56666405546819
25.0,-110.0,-0.36667703233740584,-1.4452172329854664,0.14248519988840733,0.48035977203879604,1.57294387672998,4.123490253209101,4.123490253209101,6.152649723482812,0.4184027141117691,3.7050875390973332,4.242710415895773,4.242710415895773,6.276433902227975,0.43049975729166495,3.8122106586041085,4.237913929300206,4.237913929300206,6.271521320799293,0.4300130669185705,3.8079008623816364
25.0,-105.0,-0.37719233300674615,-1.4809221901533975,0.1108479346575828,0.35657080250008916,1.573160701003307,4.124627146156397,4.124627146156397,6.153846957500577,0.23237786174377623,3.892249284412622,4.243880179191684,4.243880179191684,6.27763113624574,0.2390964726245254,4.004783706567159,4.239082370150459,4.239082370150459,6.272718554817058,0.23882616828753978,4.000256201862921
25.0,-100.0,-0.3849745920445431,-1.5061507965127818,0.07851139683313894,0.23082891469068528,1.5735760819375462,4.1268055856088415,4.1268055856088415,6.156140096852476,0.09907437804735755,4.0277312075614855,4.246121602643113,4.246121602643113,6.279924275597638,0.10193886001374376,4.14418274262937,4.241321259618542,4.241321259618542,6.275011694168956,0.10182361567045997,4.139497643948083
25.0,-95.0,-0.38999894367127885,-1.520917368720241,0.045673124801631035,0.10387208386738993,1.574218619720817,4.130176467910233,4.130176467910233,6.159686079281602,0.021458568015743137,4.108717899894492,4.249589945375279,4.249589945375279,6.283470258026766,0.022078987566357792,4.227510957808922,4.244785681305481,4.244785681305481,6.2785576765980835,0.02205402673765995,4.222731654567823
25.0,-90.0,-0.3922445803565405,-1.525248433154442,0.01252708124667989,-0.02359299733469488,1.5751038540194597,4.134822838898011,4.134822838898011,6.164569064551265,0.0011892341290476735,4.133633604768963,4.254370654283374,4.254370654283374,6.288353243296427,0.0012236177889162192,4.2531470364944575,4.249560985506692,4.249560985506692,6.283440661867746,0.0012222344594529017,4.248338751047237
25.0,-85.0,-0.3916930867440267,-1.5191738595710889,-0.02073258784641889,-0.15087880568964046,1.5762318814223761,4.140747354430738,4.140747354430738,6.170787330563813,0.038656179637330236,4.102091174793409,4.260466462013313,4.260466462013313,6.294571509308976,0.03977382409438238,4.220692637918931,4.255649901778765,4.255649901778765,6.289658927880293,0.03972885882562203,4.215921042953144
25.0,-80.0,-0.38832864723427135,-1.5027230825540088,-0.05390759993722462,-0.2773032514249607,1.5775864235233734,4.147867152816314,4.147867152816314,6.178248384299443,0.13300207089477756,4.014865081921537,4.267792111139329,4.267792111139329,6.302032563044605,0.13684748522973306,4.130944625909596,4.262967269081515,4.262967269081515,6.297119981615924,0.13669277584252576,4.126274493238989
25.0,-75.0,-0.3821400712545956,-1.4759266540724993,-0.08679201845021708,-0.4021757219449002,1.579135424227028,4.156016568095817,4.156016568095817,6.186772702177303,0.28212362973714017,3.8738929383586767,4.27617714589548,4.27617714589548,6.310556880922467,0.29028051212793515,3.9858966337675446,4.271342824353358,4.271342824353358,6.305644299493785,0.28995234299808853,3.9813904813552687
25.0,-70.0,-0.373124337382088,-1.4388229666130765,-0.11916972833654958,-0.5247843122858609,1.5808331028205433,4.164957375666076,4.164957375666076,6.19610561179123,0.4826552933671225,3.6823020822989547,4.285376454024155,4.285376454024155,6.319889790536392,0.4966100353607598,3.7887664186633963,4.28053173244201,4.28053173244201,6.3149772091077105,0.49604860572160575,3.7844831267204055
25.0,-65.0,-0.3612911683830241,-1.3914696050422808,-0.15081330610160523,-0.6443855505339063,1.582623253065073,4.174395590258703,4.174395590258703,6.205936029770819,0.7299451215445149,3.4444504687141877,4.295087550425665,4.295087550425665,6.329720208515982,0.7510496157470058,3.544037934678658,4.290231850214495,4.290231850214495,6.3248076270873,0.7502005360169732,3.5400313141975213
25.0,-60.0,-0.3466680452494944,-1.3339584519922287,-0.18148447645871724,-0.7601977378755601,1.5844434673112266,4.184003263848864,4.184003263848864,6.215920146429173,1.0180380423903423,3.1659652214585217,4.304973005297731,4.304973005297731,6.339704325174336,1.0474720057519729,3.257500999545758,4.300106129341073,4.300106129341073,6.3347917437456545,1.0462878133508142,3.2538183159902587
25.0,-55.0,-0.3293050632942429,-1.2664334030111304,-0.21093612560531183,-0.8713987636595756,1.586229883518273,4.193443278552623,4.193443278552623,6.225707730293568,1.3396848622263269,2.853758416326296,4.314685953855975,4.314685953855975,6.34949190903873,1.378418419823363,2.9362675340326123,4.309808097176385,4.309808097176385,6.344579327610048,1.376860084508044,2.932948012668341
25.0,-50.0,-0.30927912020577697,-1.1891093529398566,-0.2389156483682351,-0.9771289461300355,1.5879220043329307,4.202394815126394,4.202394815126394,6.234968519671002,1.68639637736311,2.515998437763283,4.323896301189827,4.323896301189827,6.358752698416162,1.735154210683311,2.588742090506516,4.319008031990126,4.319008031990126,6.353840116987481,1.7331925769405037,2.5858154550496226
25.0,-45.0,-0.28669707824145907,-1.1022909978443625,-0.2651692772589434,-1.0764991081521886,1.58946712267206,4.210577026045392,4.210577026045392,6.243416165138939,2.0485601968684155,2.1620168291769777,4.332315079787419,4.332315079787419,6.367200343884102,2.1077890697277657,2.2245260100596536,4.327417292955182,4.327417292955182,6.36228776245542,2.1054061632768915,2.222011129678291
25.0,-40.0,-0.2616977213647258,-1.0063899598276858,-0.28944699351435244,-1.1686037407286411,1.590823910276977,4.217768489043596,4.217768489043596,6.250827378761523,2.4156335313615,1.8021349576820953,4.339714465524844,4.339714465524844,6.374611557506685,2.4854753898153104,1.8542390757095333,4.33480831350832,4.33480831350832,6.369698976078003,2.4826654998576565,1.8521428136506632
25.0,-35.0,-0.23445249154022405,-0.9019387889906949,-0.3115076507246697,-1.2525387506014651,1.5919647885847543,4.223820304109599,4.223820304109599,6.257054335329377,2.776418487126138,1.4474018169834617,4.345941253328119,4.345941253328119,6.38083851407454,2.856691518804546,1.4892497345235742,4.341028061777594,4.341028061777594,6.375925932645858,2.8534619600474187,1.4875661017301764
25.0,-30.0,-0.20516510335652105,-0.7896005333251354,-0.3311240290748788,-1.327422948102813,1.5928768086840157,4.22866125597728,4.22866125597728,6.262028966503004,3.119417852309264,1.1092434036680168,4.350922168924046,4.350922168924046,6.385813145248167,3.209607832399695,1.1413143365243512,4.34600334632814,4.34600334632814,6.380900563819485,3.205979293226376,1.1400240531017645
25.0,-25.0,-0.1740701860300825,-0.6701727984054436,-0.3480876489970973,-1.3924221274470505,1.593560918752599,4.232294293939952,4.232294293939952,6.26575858883087,3.433259769490932,0.7990345244490202,4.354660246877201,4.354660246877201,6.3895427675760335,3.5325236850405717,0.8221365618366294,4.349737198293886,4.349737198293886,6.384630186147351,3.5285300816967435,0.821207116597143
25.0,-20.0,-0.14143108986179448,-0.5445855441343146,-0.3622132716506156,-1.4467743479189623,1.59402968479754,4.234784625670187,4.234784625670187,6.268313277100591,3.707170109024282,0.527614516645904,4.35722258017305,4.35722258017305,6.392097455845754,3.8143534407081816,0.5428691394648668,4.352296634810059,4.352296634810059,6.387184874417072,3.810041222018789,0.5422554127912682
25.0,-15.0,-0.10753694074748628,-0.41389227472714274,-0.3733430726851729,-1.4898148675656309,1.5943037346270443,4.2362408617459115,4.2362408617459115,6.269806450032735,3.931463027528687,0.3047778342172264,4.358720919586286,4.358720919586286,6.393590628777897,4.045131214660651,0.31358970492563676,4.353793280314401,4.353793280314401,6.388678047349216,4.040558096124036,0.3132351841903662
25.0,-10.0,-0.07269896155301447,-0.2792547456591709,-0.3813504827902676,-1.5209991359277504,1.5944073865237167,4.236791708694537,4.236791708694537,6.270371135199491,4.098014391522315,0.1387773171722207,4.359287692864016,4.359287692864016,6.394155313944653,4.2164979848979485,0.1427897079660672,4.354359412841251,4.354359412841251,6.389242732515971,4.211731132088711,0.14262828075253925
25.0,-5.0,-0.03724603346031767,-0.14192179817605485,-0.38614364824229164,-1.539922335989871,1.5943640681363902,4.236561493389919,4.236561493389919,6.270135145422868,4.200680565701983,0.03588092768793566,4.3590508214733195,4.3590508214733195,6.393919324168031,4.322132488632558,0.03691833284076105,4.354122809239383,4.354122809239383,6.38900674273935,4.317246213465553,0.03687659577382904
25.0,0.0,-0.0015194657343759787,-0.003203388827219256,-0.3876683957547824,-1.5463341807541384,1.5941921948472073,4.235648135486698,4.235648135486698,6.269198751456514,4.2356271851867735,2.0950299923739667e-05,4.358111056164932,4.358111056164932,6.392982930201677,4.358089500140728,2.1556024203868366e-05,4.353184106358373,4.353184106358373,6.388070348772995,4.3531625747037745,2.1531654597882492e-05
25.0,5.0,0.03413301314937206,0.13555874301647405,-0.3859105146112466,-1.540148001554232,1.5939021385812473,4.234106960565579,4.234106960565579,6.267618248210113,4.2015390021790715,0.03256795838650728,4.3565253221170686,4.3565253221170686,6.391402426955275,4.323015744602398,0.03350957751466949,4.351600165021149,4.351600165021149,6.386489845526593,4.318128470893186,0.03347169412796226
25.0,10.0,0.06936394321914632,0.273022075919234,-0.3808971211165577,-1.521443580524447,1.593494774435137,4.2319429595111755,4.2319429595111755,6.265398054031953,4.099692057625684,0.13225090188548907,4.35429875451299,4.35429875451299,6.389182232777115,4.218224156421118,0.13607459809187064,4.3493761146055245,4.3493761146055245,6.3842696513484345,4.213455352133283,0.13592076247223953
25.0,15.0,0.10383328910490416,0.4078741820360792,-0.3726968644788162,-1.4904636326230667,1.5929618618354404,4.229112854702787,4.229112854702787,6.262492745346332,3.933881976244921,0.29523087845786583,4.3513868244704055,4.3513868244704055,6.386276924091494,4.047620101085421,0.30376672338498384,4.346467476570181,4.346467476570181,6.381364342662811,4.043044168802591,0.30342330776759074
25.0,20.0,0.13721574419233495,0.5388617400228275,-0.36141877681626644,-1.4476042829135867,1.5922882363001403,4.225536829280004,4.225536829280004,6.258818913173684,3.7102154109279697,0.5153214183520352,4.347707407428752,4.347707407428752,6.382603091918847,3.817486789719075,0.5302206177096771,4.342792219198359,4.342792219198359,6.377690510490165,3.8131710287029486,0.5296211904954112
25.0,25.0,0.16920777752061078,0.6648161407517995,-0.34720965884839194,-1.3934002675784318,1.591455505461225,4.221118264049117,4.221118264049117,6.254275200540599,3.436783787296208,0.7843344767529103,4.343161090697723,4.343161090697723,6.3780593792857605,3.5361495907976206,0.8070114999001033,4.338251042188198,4.338251042188198,6.373146797857078,3.532151888279761,0.8060991539084381
25.0,30.0,0.19953397618357052,0.7846744374991809,-0.3302500134660489,-1.3285058815327937,1.590446707430913,4.215768562274893,4.215768562274893,6.248767609127847,3.1232480002091254,1.0925205620657679,4.337656715994334,4.337656715994334,6.372551787873009,3.213548719219185,1.1241079967751495,4.332752890313354,4.332752890313354,6.367639206444328,3.2099157247781354,1.1228371655352187
25.0,35.0,0.22795224623719498,0.8974947492547376,-0.3107486732074647,-1.2536728891186577,1.5892512395199598,4.2094333334236405,4.2094333334236405,6.242236358044958,2.7803685817205546,1.4290647517030861,4.331138320221875,4.331138320221875,6.366020536790121,2.8607558202701457,1.4703824999517296,4.326241863744748,4.326241863744748,6.3611079553614385,2.8575216667220498,1.4687201970226988
25.0,40.0,0.25425749714792006,1.0024656041119484,-0.2889363955715383,-1.1697267122832555,1.5878693222045464,4.202115975951615,4.202115975951615,6.2346803450990365,2.419517701879621,1.7825982740719923,4.323609400094264,4.323609400094264,6.3584645238442,2.489471861178744,1.8341375389155186,4.31872145524318,4.31872145524318,6.353551942415518,2.4866574531136907,1.8320640021294883
25.0,45.0,0.27828354053044413,1.0989090800440304,-0.2650588059182589,-1.0775422296142354,1.586315328782461,4.193895066181938,4.193895066181938,6.226175599518652,2.05220736384837,2.1416877023335674,4.315150803767813,4.315150803767813,6.349959778263814,2.1115416852025626,2.2036091185652507,4.31027242156417,4.31027242156417,6.345047196835132,2.1091545363292603,2.20111788523491
25.0,50.0,0.2999030704445914,1.186277946989656,-0.23936914003941112,-0.9780204793933511,1.5846194693023603,4.184932844260245,4.184932844260245,6.216884932489416,1.689662931932043,2.4952699123282023,4.305929462146564,4.305929462146564,6.340669111234578,1.7385152093137597,2.5674142528328043,4.3010615048923375,4.3010615048923375,6.335756529805896,1.7365497758808253,2.5645117290115134
25.0,55.0,0.3190257451459642,1.2641473328559478,-0.21212127080591228,-0.8720674750576225,1.5828275395046791,4.175473329321751,4.175473329321751,6.207057139898704,1.3424635637440956,2.8330097655776556,4.296196449554225,4.296196449554225,6.330841318643866,1.3812774603807958,2.914918989173429,4.291339495705808,4.291339495705808,6.325928737215184,1.3797158928510744,2.9116236028547333
25.0,60.0,0.33559454442965864,1.3322017281678271,-0.18356349305044128,-0.7605762167003294,1.58099869708212,4.165829990444952,4.165829990444952,6.197015422036108,1.020262192532134,3.1455677979128196,4.286274298225077,4.286274298225077,6.320799600781269,1.0497604615002922,3.236513836724786,4.2814285616083785,4.2814285616083785,6.315887019352589,1.0485736819446392,3.2328548796637397
25.0,65.0,0.34958071917497735,1.3902184091466105,-0.15393348841388435,-0.6444128121524026,1.579201474059109,4.156364239274645,4.156364239274645,6.187135995626122,0.7315884166420598,3.424775822632585,4.27653486909625,4.27653486909625,6.310920174371285,0.7527404225147234,3.523794446581526,4.271700143139409,4.271700143139409,6.306007592942603,0.7518894312868033,3.5198107118526054
25.0,70.0,0.3609777681512281,1.438048588666375,-0.12345480019930193,-0.5244073953224634,1.5775084457542325,4.147457117044162,4.147457117044162,6.177819042979971,0.48372894371954106,3.6637281733246203,4.267370220232701,4.267370220232701,6.301603221725134,0.4977147275640921,3.769655492668608,4.262545855132746,4.262545855132746,6.296690640296452,0.49715204904372146,3.765393806089024
25.0,75.0,0.3697949604826513,1.4755977805514517,-0.0923350231658818,-0.40135023992841845,1.5759901314286135,4.139477301598792,4.139477301598792,6.169455055259992,0.28267295980388557,3.856804341794906,4.259159688855636,4.259159688855636,6.2932392340051555,0.2908457246670291,3.9683139641886065,4.254344605959703,4.254344605959703,6.2883266525764725,0.290516916550756,3.963827689408948
25.0,80.0,0.37605096100567664,1.5028069593213242,-0.06076576409768543,-0.27599311561634254,1.5747087858432394,4.132748903199614,4.132748903199614,6.16239019298746,0.13310466076476074,3.9996442424348513,4.252236756044463,4.252236756044463,6.286174371732622,0.1369530412231307,4.115283714821331,4.247429499691278,4.247429499691278,6.28126179030394,0.13679821250232346,4.110631287188952
25.0,85.0,0.3797681037537394,1.5196360878118582,-0.028924269267398207,-0.14905553750661957,1.5737127497173302,4.127522457014936,4.127522457014936,6.156894448497034,0.03842270581925934,4.089099751195677,4.246859200550403,4.246859200550403,6.280678627242197,0.03953359997865968,4.2073256005717425,4.242058023653582,4.242058023653582,6.275766045813515,0.03948890628906407,4.202569117364519
25.0,90.0,0.3809677944775186,1.526051448840381,0.0030235388341685633,-0.02123515120385907,1.573031963556565,4.123952107375376,4.123952107375376,6.153136130558599,0.0007667709917908743,4.123185336383586,4.243185623392711,4.243185623392711,6.276920309303762,0.0007889402117407905,4.242396683180972,4.238388599563592,4.238388599563592,6.27200772787508,0.0007880482957768492,4.237600551267817
25.0,95.0,0.3796674112660029,1.5220179477817246,0.03491900308023514,0.10677888408637962,1.5726751232883323,4.122081293182311,4.122081293182311,6.1511655241950605,0.021034615881588874,4.1010466773007215,4.241260719397378,4.241260719397378,6.274949702940224,0.02164277794175211,4.219617941455625,4.236465871718716,4.236465871718716,6.270037121511542,0.02161831025857027,4.214847561460146
25.0,100.0,0.37587892452603355,1.5074971622368065,0.06660612911632272,0.23429095522001617,1.572628782703865,4.121838373536393,4.121838373536393,6.15090958123088,0.09887871739660788,4.022959656139785,4.241010776351881,4.241010776351881,6.274693759976042,0.1017375423362567,4.139273234015625,4.23621621123987,4.23621621123987,6.269781178547361,0.10162252558746956,4.1345936856524
25.0,105.0,0.3696092910154906,1.48245143305853,0.09792695455426643,0.36058412475239626,1.5728585056622186,4.1230426629066725,4.1230426629066725,6.152178286575529,0.2326788507166083,3.8903638121900648,4.242249884665781,4.242249884665781,6.275962465320691,0.23940616392284006,4.002843720742941,4.237453918711893,4.237453918711893,6.271049883892008,0.23913550947236203,3.9983184092395323
25.0,110.0,0.36086251161056715,1.4468537630147318,0.12871738861003207,0.4849069980571743,1.5733119610335333,4.1254203533857625,4.1254203533857625,6.154682069113692,0.41949505523554015,3.7059252981502238,4.24469631997712,4.24469631997712,6.278466247858853,0.43162368066214646,3.8130726393149748,4.239897588269026,4.239897588269026,6.273553666430173,0.4311357196665366,3.8087618686024904
25.0,115.0,0.34964309883139677,1.4007027690382885,0.15880395192772848,0.6064638788095564,1.5739236560902652,4.128628858578562,4.128628858578562,6.158058439025698,0.6550131208985915,3.4736157376799714,4.247997590882356,4.247997590882356,6.2818426177708595,0.6739511481619421,3.574046442720415,4.2431951270077715,4.2431951270077715,6.276930036342177,0.6731892301116049,3.5700058968961677
25.0,120.0,0.33596059341590634,1.3440414756616852,0.18800173769532597,0.7244094991274642,1.5746208383067253,4.13228728777133,4.13228728777133,6.1619050722237,0.9335009672338362,3.198786320537494,4.251761794188012,4.251761794188012,6.285689250968861,0.9604907575201524,3.2912710366678604,4.2469550747906775,4.2469550747906775,6.28077666954018,0.9594048995209005,3.2875501752697773
25.0,125.0,0.31983470783970475,1.276978387848296,0.2161137840089061,0.8378492256164175,1.5753299768223865,4.136010119140539,4.136010119140539,6.165815926297743,1.2477980905151957,2.8882120286253445,4.255592261694145,4.255592261694145,6.289600105042906,1.2838749773795615,2.9717172843145847,4.25078121186078,4.25078121186078,6.284687523614224,1.2824235257093481,2.968357686151433
25.0,130.0,0.30130065879562795,1.1997090741606569,0.24293191256287988,0.9458451787940074,1.5759831744036568,4.139440755198206,4.139440755198206,6.169416712326775,1.5893609167455198,2.550079838452685,4.259122085809451,4.259122085809451,6.293200891071937,1.635313218176273,2.623808867633177,4.254307045424671,4.254307045424671,6.288288309643255,1.6334644570868653,2.6208425883378053
25.0,135.0,0.28041427329679114,1.1125364412893073,0.2682389664741761,1.047428210365219,1.576523864985641,4.142281573047505,4.142281573047505,6.172396168810663,1.9483840961758154,2.1938974768716895,4.262045038633095,4.262045038633095,6.296180347555826,2.0047166335793967,2.257328405053698,4.257226693779553,4.257226693779553,6.291267766127144,2.0024502530070047,2.2547764407725484
25.0,140.0,0.25725650313843085,1.0158879847782156,0.29181228127560066,1.141615210337632,1.5769112219783534,4.144317366972712,4.144317366972712,6.174530057737101,2.314011643944498,1.8303057230282134,4.264139692327103,4.264139692327103,6.298314236482263,2.3809153657212656,1.8832243266058373,4.25931897941697,4.25931897941697,6.2934016550535805,2.3782236833961954,1.881095296020774
25.0,145.0,0.23193704844082808,0.9103285380620533,0.31342815223414167,1.227430806930504,1.577122834171332,4.145429727538755,4.145429727538755,6.175695574738068,2.6746429751928225,1.470786752345933,4.265284213950772,4.265284213950772,6.299479753483231,2.751973428534646,1.513310785416126,4.2604622071313,4.2604622071313,6.294567172054549,2.748862256107731,1.5115999510235691
25.0,150.0,0.2045968639994385,0.7965673806724767,0.33286701719658585,1.3039322074478452,1.577155389131641,4.145600869177419,4.145600869177419,6.175874866970654,3.018328312181279,1.1272725569961393,4.265460303711718,4.265460303711718,6.299659045715816,3.1055955470534826,1.1598647566582356,4.260638097818519,4.260638097818519,6.294746464287135,3.102084596280862,1.1585535015376558
25.0,155.0,0.17540939701037073,0.6754589692760364,0.3499190533201311,1.3702357240599559,1.5770233223074273,4.144906614924383,4.144906614924383,6.175147503073054,3.3332369442348675,0.8116696706895155,4.264745976874559,4.264745976874559,6.298931681818216,3.429608955895532,0.835137020979026,4.2599245785451005,4.2599245785451005,6.294019100389534,3.4257317001386096,0.8341928784064907
25.0,160.0,0.1445804790288661,0.5479969854504751,0.3643898841843148,1.4255434374502123,1.5767556217538121,4.143499534125091,4.143499534125091,6.173672943497651,3.608171794329965,0.5353277397951246,4.263298213936712,4.263298213936712,6.297457122242813,3.7124928432245756,0.5508053707121356,4.258478452338222,4.258478452338222,6.292544540814131,3.7082957804007863,0.5501826719374354
25.0,165.0,0.1123468670929142,0.4153018203692114,0.37610610782275894,1.4691684660224589,1.5763911971474414,4.14158443876249,4.14158443876249,6.171665201956755,3.8330960055578864,0.3084884332046036,4.261327748495206,4.261327748495206,6.2954493807019185,3.943920162113269,0.317407586381936,4.256510214555488,4.256510214555488,6.2905367992732355,3.9394614651160182,0.31704874943946926
25.0,170.0,0.07897349614658715,0.2786020144455482,0.3849203838903775,1.5005574156341894,1.5759733992348364,4.139389404895269,4.139389404895269,6.169362837195196,3.9996328715213667,0.13975653337390334,4.259069250843985,4.259069250843985,6.2931470159403595,4.115272015146997,0.1437972356969887,4.25425427019041,4.25425427019041,6.288234434511677,4.1106196007413836,0.14363466944902706
25.0,175.0,0.04474956333284692,0.13921052145658158,0.39071585680593646,1.519308769609066,1.5755443855611635,4.137136050944745,4.137136050944745,6.166998030330555,4.1015000693250325,0.03563598161971294,4.256750746933579,4.256750746933579,6.290782209075719,4.220084442149432,0.03666630478414748,4.251938387404671,4.251938387404671,6.2858696276470365,4.215313534763651,0.036624852641020486
25.0,180.0,0.009983610640462263,-0.0015030419785781205,0.3934097371087863,1.52518622630159,1.5751400502078219,4.1350128791237415,4.1350128791237415,6.164768665665974,4.134842997098326,0.000169882025416247,4.254566189035644,4.254566189035644,6.288552844411138,4.2543913953064365,0.00017479372920696268,4.249756299202201,4.249756299202201,6.2836402629824555,4.249581703081526,0.00017459612067445739
30.0,-180.0,0.010728996153281349,-0.0017010300281064946,0.38330862032508284,1.4377496985416782,1.488007963330109,3.6901925606293386,3.6901925606293386,5.670490289874582,3.689995890493352,0.000196670135985841,3.796885029971539,3.796885029971539,5.794274468619745,3.7966826736221337,0.0002023563494040961,3.792592559742383,3.792592559742383,5.789361887191063,3.792390432161718,0.00020212758066376257
30.0,-175.0,-0.02394083569915667,-0.1371245009141906,0.38280138235330796,1.4306662568532142,1.4875211357136846,3.687778334608168,3.687778334608168,5.667648085449082,3.6554852747951694,0.03229305981299899,3.7944010027864676,3.7944010027864676,5.791432264194244,3.7611742718336965,0.03322673095277187,3.790111340810039,3.790111340810039,5.786519682765562,3.756922173479105,0.03318916733093421
30.0,-170.0,-0.05850371744308144,-0.27099570463499345,0.3791461128630915,1.4110775852697006,1.4871963836141606,3.6861682962727245,3.6861682962727245,5.6657515955208275,3.5580690526993948,0.12809924357333047,3.7927444143149756,3.7927444143149756,5.789535774265991,3.6609415091052524,0.1318029052097237,3.788456625151824,3.788456625151824,5.7846231928373095,3.6568027263097584,0.13165389884206627
30.0,-165.0,-0.09260641205464333,-0.4019040054727164,0.3723829184620505,1.3793003931336532,1.4870243406311856,3.6853154933549472,3.6853154933549472,5.664746729706661,3.4018175436954,0.2834979496595464,3.791866954784388,3.791866954784388,5.788530908451824,3.500172387792366,0.29169456699202223,3.7875801576104284,3.7875801576104284,5.783618327023142,3.4962153583714284,0.2913647992389994
30.0,-160.0,-0.12590393558753282,-0.5285201082477168,0.36259333307979674,1.3358254449712494,1.4869730496700875,3.6850612673701946,3.6850612673701946,5.664447127811228,3.193097347896776,0.4919639194734191,3.791605378506219,3.791605378506219,5.788231306556391,3.285417581949559,0.5061877965566614,3.7873188770505593,3.7873188770505593,5.7833187251277085,3.2817033380234077,0.5056155390271523
30.0,-155.0,-0.1580676116740916,-0.6496271853523249,0.34989785806238427,1.2812979046788289,1.4869948491572313,3.685169316449617,3.685169316449617,5.664574464719992,2.9401854512460233,0.7449838652035935,3.7917165515481193,3.7917165515481193,5.7883586434651555,3.0251933853750623,0.7665231661730563,3.787429924408651,3.787429924408651,5.783446062036473,3.021773331188102,0.7656565932205482
30.0,-150.0,-0.18879266529550115,-0.7641459937248081,0.3344522884804813,1.2164925039415482,1.4870353444390159,3.685370035372071,3.685370035372071,5.664811004045803,2.6527914116639173,1.032578623708153,3.791923073744285,3.791923073744285,5.788595182790965,2.7294900829961075,1.0624329907481767,3.7876362131264854,3.7876362131264854,5.783682601362283,2.7264043285343442,1.0612318845921407
30.0,-145.0,-0.2178049855757595,-0.8711528237473416,0.31644284245174564,1.1422849514455327,1.4870431187099071,3.685408569950271,3.685408569950271,5.664856414050828,2.3415298070754322,1.3438787628748383,3.791962722451149,3.791962722451149,5.788640592795991,2.409229146080288,1.3827335763708595,3.787675817009528,3.787675817009528,5.783728011367307,2.406505454342684,1.381170362666843
30.0,-140.0,-0.24486661964390305,-0.9698895556546966,0.29608016573421936,1.0596211730298248,1.4869787848043434,3.6850896933889055,3.6850896933889055,5.664480628517346,2.0173866303224304,1.6677030630664746,3.7916346263904774,3.7916346263904774,5.788264807262507,2.0757141993234187,1.715920427067059,3.787348091869378,3.787348091869378,5.783352225833825,2.073367554288212,1.7139805375811663
30.0,-135.0,-0.2697795282591674,-1.0597655638397045,0.27359238927129603,0.9694860638419472,1.486822137183582,3.68431331361463,3.68431331361463,5.663565554520833,1.6912201954691932,1.9930931181454374,3.7908357995829096,3.7908357995829096,5.787349733265995,1.7401174971387932,2.050718302444117,3.7865501681548097,3.7865501681548097,5.782437151837313,1.738150252280774,2.0483999158740365
30.0,-130.0,-0.2923871707530392,-1.14035168136308,0.24921756410731866,0.8728734458275689,1.4865764902954202,3.6830959987599576,3.6830959987599576,5.662130387540097,1.3733300567387954,2.3097659420211634,3.7895832891860866,3.7895832891860866,5.78591456628526,1.4130363789883684,2.3765469101977192,3.7852990737512404,3.7852990737512404,5.7810019848565775,1.4114389072341162,2.3738601665171255
30.0,-125.0,-0.3125736131035749,-1.211366896789886,0.22319596091088795,0.7707588586290401,1.4862697189168113,3.6815760610183266,3.6815760610183266,5.660337773889303,1.0731174768612004,2.608458584157127,3.7880194063363786,3.7880194063363786,5.784121952634465,1.1041439210424944,2.6838754852938846,3.7837369589088654,3.7837369589088654,5.779209371205783,1.1028956596723538,2.680841299236512
30.0,-120.0,-0.33026007156588155,-1.2726588861358394,0.19576286182698233,0.6640766648046155,1.4859519743719607,3.6800020860512026,3.6800020860512026,5.658480648583735,0.7988493711803651,2.8811527148708387,3.786399923913163,3.786399923913163,5.782264827328898,0.8219460553352865,2.964453868577877,3.7821193073496433,3.7821193073496433,5.777352245900216,0.821016825468001,2.961102481881643
30.0,-115.0,-0.3453990956342755,-1.324179865174667,0.1671425468133043,0.55370271333085,1.485690471230181,3.678706960170244,3.678706960170244,5.656951940149293,0.5575257413739143,3.1211812187963304,3.7850673527834586,3.7850673527834586,5.780736118894455,0.5736451706697339,3.2114221821137257,3.7807882427237858,3.7807882427237858,5.775823537465774,0.5729966509495522,3.207791591774234
30.0,-110.0,-0.3579669165229269,-1.36595955746603,0.1375441472377423,0.4404434732820966,1.4855620726021108,3.6780711338992713,3.6780711338992713,5.656201242389787,0.3548397162913332,3.3232314176079383,3.784413143223862,3.784413143223862,5.77998542113495,0.3650989981390403,3.419314145084822,3.7801347727638968,3.7801347727638968,5.775072839706269,0.364686244903734,3.4154485278601623
30.0,-105.0,-0.36795478322987785,-1.3980772820026945,0.10715988645864341,0.325032127153531,1.4856446189791042,3.6784798948487136,3.6784798948487136,5.656683866989955,0.19521060926118936,3.483269285587523,3.7848337224495463,3.7848337224495463,5.780468045735118,0.2008546242012443,3.583979098248301,3.7805548765146084,3.7805548765146084,5.775555464306436,0.20062755319752243,3.5799273233170843
30.0,-100.0,-0.37536031554684207,-1.4206352412873642,0.07616595727466421,0.2081316211517482,1.4860080349869758,3.6802797626859336,3.6802797626859336,5.658808335573861,0.08186477929133118,3.5984149833946035,3.78668562885681,3.78668562885681,5.782592514319022,0.08423168977398002,3.702453939082831,3.7824046892969516,3.7824046892969516,5.777679932890342,0.08413646381431776,3.6982682254826345
30.0,-95.0,-0.38017997002620735,-1.4337350125237054,0.044725935505851015,0.09034414582513907,1.4867062150059187,3.6837388306790464,3.6837388306790464,5.662888320526037,0.016937057631178466,3.6668017730478675,3.790244706944178,3.790244706944178,5.7866724992712,0.01742674928611839,3.7728179576580594,3.785959743760582,3.785959743760582,5.7817599178425185,0.01740704792515772,3.768552695835424
30.0,-90.0,-0.3824036124489647,-1.437459003162315,0.01299625695661335,-0.02777398432042749,1.4877705486688222,3.6890150992901094,3.6890150992901094,5.669104328155687,0.0015671245798207175,3.687447974710287,3.795673525352515,3.795673525352515,5.79288850690085,0.0016124339745042877,3.7940610913780093,3.7913824247585906,3.7913824247585906,5.787975925472166,0.001610611078952433,3.789771813679637
30.0,-85.0,-0.3820119227587,-1.4318582404573006,-0.018867037988384787,-0.14569351376357584,1.4892057262079368,3.6961357473410588,3.6961357473410588,5.677479130996218,0.03597009436921688,3.6601656529718416,3.803000048709804,3.803000048709804,5.8012633097413815,0.037010077548324805,3.7659899711614795,3.7987006653042736,3.7987006653042736,5.796350728312699,0.03696823676178507,3.7617324285424885
30.0,-80.0,-0.37897696379310036,-1.41694735886934,-0.050701296229571674,-0.2628912602136719,1.4909881934571871,3.704989035529307,3.704989035529307,5.687869270748166,0.11946791233769974,3.585521123191606,3.8121093070576264,3.8121093070576264,5.811653449493329,0.12292202113149472,3.6891872859261303,3.8077996254155253,3.8077996254155253,5.8067408680646455,0.12278305481777978,3.6850165705977456
30.0,-75.0,-0.37326578942698374,-1.3927070825012566,-0.08233103219803731,-0.37882888164660833,1.4930673419635583,3.71532928293811,3.71532928293811,5.699973105395678,0.25047696637694244,3.464852316561168,3.822748516244582,3.822748516244582,5.823757284140839,0.25771886652633236,3.5650296497182508,3.8184268067195366,3.8184268067195366,5.818844702712158,0.2574275091232707,3.560999297596267
30.0,-70.0,-0.36484653239133646,-1.3590939323347668,-0.11356342062019886,-0.4929333072346561,1.4953692537267904,3.726794208423673,3.726794208423673,5.713354119076976,0.42645644621289125,3.300337762210782,3.8345449206952082,3.8345449206952082,5.837138297822138,0.4387863424353239,3.3957585782598847,3.8302098750500235,3.8302098750500235,5.832225716393456,0.43829028387758606,3.3919195911724374
30.0,-65.0,-0.3536960776555102,-1.3160563734163364,-0.1441861431659224,-0.6045805836701967,1.4978025969368298,3.738932946444824,3.738932946444824,5.727476766412137,0.6438303753263849,3.0951025711184403,3.847034619245626,3.847034619245626,5.851260945157298,0.6624450821343604,3.184589537111267,3.8426854536945774,3.8426854536945774,5.846348363728616,0.661696171969563,3.1809892817250156
30.0,-60.0,-0.33980825625486133,-1.2635561915163627,-0.173967846570396,-0.7130846098158292,1.5002661005751075,3.7512422450224463,3.7512422450224463,5.74175110612865,0.8979029668804227,2.8533392781420233,3.859699809674294,3.859699809674294,5.865535284873813,0.9238635321333702,2.9358362775409232,3.8553363258195747,3.8553363258195747,5.860622703445131,0.9228190820970427,2.932517243722531
30.0,-55.0,-0.32320151598633146,-1.201593566452101,-0.2026610624877067,-0.8176918719811886,1.5026569211325946,3.763207713281604,3.763207713281604,5.755581902152672,1.1827913074295606,2.580416405852043,3.872011228811198,3.872011228811198,5.879366080897834,1.2169886896075324,2.6550225392036664,3.8676338265997976,3.8676338265997976,5.874453499469152,1.21561285450109,2.652020972098708
30.0,-50.0,-0.30392522660371135,-1.13023408602131,-0.23000709260802235,-0.9175828832683959,1.504879145608604,3.7743464846288965,3.7743464846288965,5.7684176584887155,1.4914008811415669,2.28294560348733,3.8834720492117474,3.8834720492117474,5.892201837233879,1.5345209189644684,2.3489511302472788,3.8790816902660805,3.8790816902660805,5.887289255805196,1.5327861060036656,2.346295584262415
30.0,-45.0,-0.2820641040741503,-1.0496358074650103,-0.255742146826661,-1.0118805978145178,1.5068516439971298,3.7842473082564134,3.7842473082564134,5.77979510684686,1.815467879049738,1.9687794292066754,3.8936591298039027,3.8936591298039027,5.903579285592021,1.8679574843602615,2.0257016454436414,3.8892572541175876,3.8892572541175876,5.89866670416334,1.865845713309083,2.0234115408085045
30.0,-40.0,-0.25774060844737556,-0.9600744130884142,-0.27960397515053337,-1.0996656284596038,1.5085144935483126,3.792603945095736,3.792603945095736,5.78937492468095,2.145687578436875,1.64691636665886,3.9022573774006952,3.9022573774006952,5.913159103426112,2.2077246408446083,1.694532736556086,3.8978457811878062,3.8978457811878062,5.90824652199743,2.205228754816932,1.6926170263708735
30.0,-35.0,-0.23111549319505237,-0.8619645263246896,-0.30133834952836247,-1.1799976521850701,1.5098332609582072,3.799237953221801,3.799237953221801,5.796964950642938,2.4719405300850945,1.327297423136706,3.909083190885689,3.909083190885689,5.920749129388101,2.543410361235821,1.3656728296498675,3.9046638779257976,3.9046638779257976,5.915836547959419,2.540534974393725,1.364128903532072
30.0,-30.0,-0.20238688849355177,-0.7558753724599839,-0.3207049818088823,-1.2519419505873433,1.5108005706654661,3.804107652541769,3.804107652541769,5.802527985501598,2.7836183088035207,1.020489343738249,3.914093685092879,3.914093685092879,5.9263121642467596,2.8640995048909565,1.049994180201923,3.9096687076482723,3.9096687076482723,5.921399582818077,2.8608615712266396,1.048807136421633
30.0,-25.0,-0.17178835245387447,-0.6425392119489969,-0.33748273309835397,-1.314599620645259,1.5114346279846338,3.807301361214137,3.807301361214137,5.806172541015848,3.070038935564224,0.7372624256499131,3.917379731674181,3.917379731674181,5.929956719761009,3.158801250709151,0.7585784809650304,3.912951039274549,3.912951039274549,5.925044138332327,3.1552301496035184,0.7577208896710308
30.0,-20.0,-0.13958623402316678,-0.5228513675350579,-0.351474198130807,-1.3671396358791925,1.511774707158985,3.80901487173636,3.80901487173636,5.808126683029595,3.3209299218055284,0.48808494993083174,3.919142783965799,3.919142783965799,5.9319108617747585,3.416946107424147,0.5021966765416522,3.91471209839297,3.91471209839297,5.926998280346076,3.4130831673232565,0.501628931069714
30.0,-15.0,-0.10607650980720842,-0.39786121383629225,-0.36250987535202384,-1.4088306843238179,1.511874028558009,3.809515381649113,3.809515381649113,5.8086973145984935,3.526945753053299,0.28256962859581475,3.919657764841149,3.919657764841149,5.932481493343655,3.628918358939499,0.29073940590165115,3.9152264970700026,3.9152264970700026,5.927568911914975,3.6248157790886935,0.2904107179813101
30.0,-10.0,-0.0715810563711298,-0.2687541727145636,-0.37045213408999444,-1.4390706071547847,1.511790874761244,3.809096342826528,3.809096342826528,5.808219573363957,3.6801782917145296,0.1289180511119997,3.9192266105839364,3.9192266105839364,5.932003752109118,3.7865812241120795,0.13264538647185892,3.914795830243091,3.914795830243091,5.927091170680438,3.782300402584306,0.13249542765878694
30.0,-5.0,-0.03644317009450119,-0.1368254973468423,-0.37519907861533874,-1.4574113513515725,1.511579146790853,3.8080294812968125,3.8080294812968125,5.807003019800216,3.7746147329001007,0.03341474839671149,3.918128903484734,3.918128903484734,5.930787198545379,3.8837480531948767,0.034380850289856456,3.9136993641282762,3.9136993641282762,5.925874617116697,3.8793573822200416,0.0343419819082338
30.0,0.0,-0.001022097142141537,-0.0034473425912175475,-0.3766882303633079,-1.4635776486538195,1.5112797508690416,3.806521130788566,3.806521130788566,5.805282449947976,3.806499583207026,2.1547581540493402e-05,3.916576942883595,3.916576942883595,5.929066628693138,3.916554772308906,2.2170574689261656e-05,3.9121491580560797,3.9121491580560797,5.924154047264456,3.9121270125457612,2.2145510319109353e-05
30.0,5.0,0.03431359782701406,0.12996879049032808,-0.37489976408317605,-1.4574781233069334,1.5109141678220093,3.804679736067628,3.804679736067628,5.8031810533460435,3.774564929716261,0.030114806351365535,3.914682308949098,3.914682308949098,5.926965232091206,3.883696810079495,0.030985498869601332,3.9102566660510054,3.9102566660510054,5.922052650662525,3.879306197036239,0.030950469014764163
30.0,10.0,0.06919383204871174,0.26201176795701525,-0.3698588974492436,-1.4392081571300637,1.5104812731423156,3.802499877403716,3.802499877403716,5.80069208722961,3.68010617265261,0.12239370475110567,3.9124394252533348,3.9124394252533348,5.924476265974771,3.7865070199121416,0.1259324053411932,3.9080163179894307,3.9080163179894307,5.919563684546091,3.7822262822740087,0.12579003571542208
30.0,15.0,0.1032557638396854,0.39131010679634715,-0.361636984502648,-1.409044517979739,1.5099579844008937,3.7998656697005617,3.7998656697005617,5.79768244001293,3.52689651319479,0.27296915650577125,3.909729056179197,3.909729056179197,5.921466618758092,3.6288676954365573,0.2808613607426394,3.9053090130529924,3.9053090130529924,5.91655403732941,3.624765172862066,0.2805438401909262
30.0,20.0,0.1361530808779659,0.5165683862462804,-0.3503509132617397,-1.3674323922102782,1.509303703298613,3.7965733374897557,3.7965733374897557,5.793917934565261,3.3209502775687554,0.4756230599210005,3.906341534612363,3.906341534612363,5.9177021133104235,3.4169670517221475,0.4893744828902156,3.9019253211611056,3.9019253211611056,5.912789531881742,3.413104087943222,0.48882123321788334
30.0,25.0,0.16756521611309688,0.6365987076735838,-0.3361605443059693,-1.3149659713767465,1.508467909399992,3.7923697113545045,3.7923697113545045,5.789106693238279,3.070160032189101,0.7222096791654025,3.9020163713905798,3.9020163713905798,5.912890871983441,3.1589258485328746,0.7430905228577039,3.897605047640806,3.897605047640806,5.907978290554759,3.155354606566393,0.7422504410744115
30.0,30.0,0.1972057991015353,0.7503456297327893,-0.31926412030524753,-1.2523640789374277,1.5073997664804937,3.787000874999199,3.787000874999199,5.782954054660282,2.783843356384267,1.0031575186149315,3.8964923088786905,3.8964923088786905,5.906738233405445,2.8643310591462776,1.0321612497324124,3.8920872302150036,3.8920872302150036,5.901825651976763,2.8610928637042825,1.0309943665107208
30.0,35.0,0.22482965375384992,0.8569035634109158,-0.2998917899695521,-1.1804424778099567,1.5060583054127266,3.7802636392510474,3.7802636392510474,5.775220890116385,2.4722409714244633,1.3080226678265843,3.889560283209227,3.889560283209227,5.899005068861548,2.5437194890672528,1.3458407941419737,3.885163041367983,3.885163041367983,5.894092487432866,2.5408437527486774,1.3443192886193054
30.0,40.0,0.2502377445206404,0.955526144736146,-0.2782975906318108,-1.1000845079226138,1.5044216880847967,3.7720521598348236,3.7720521598348236,5.765776895191134,2.146008564520358,1.6260435953144663,3.881111389890753,3.881111389890753,5.889561073936297,2.208054907418827,1.6730564824719272,3.876723699727465,3.876723699727465,5.8846484925076155,2.2055586480168117,1.6711650517106538
30.0,45.0,0.27327963294980745,1.045627565389994,-0.25475039793117105,-1.0122116220734476,1.502494225078831,3.7623928554248303,3.7623928554248303,5.754641410376941,1.8157407779699448,1.9466520774548874,3.8711728114258976,3.8711728114258976,5.878425589122102,1.8682382734540024,2.0029345379718975,3.866796357065601,3.866796357065601,5.87351300769342,1.866126184963972,2.000670172101631
30.0,50.0,0.2938532111581963,1.1267762247613178,-0.22952446573622076,-0.9177552771413545,1.5003101677612045,3.7514626180853488,3.7514626180853488,5.74200623226503,1.4915585753850398,2.2599040427003083,3.8599265542600563,3.8599265542600563,5.865790411010192,1.5346831725332235,2.3252433817268323,3.8555628140651064,3.8555628140651064,5.860877829581511,1.5329481761408423,2.3226146379242634
30.0,55.0,0.3119017050112347,1.1986813932806002,-0.2028902393101829,-0.817631533593016,1.497933753581595,3.7395877822313786,3.7395877822313786,5.728237322088045,1.1827817579549778,2.556806024276401,3.8477083879322755,3.8477083879322755,5.852021500833208,1.2169788640343429,2.630729523897933,3.843358460669454,3.843358460669454,5.847108919404526,1.215603040035948,2.6277554206335054
30.0,60.0,0.3274081685609441,1.2611738814172782,-0.1751061280849326,-0.7127196230318739,1.4954554774907702,3.7272239985744227,3.7272239985744227,5.713854937523806,0.8976978796305243,2.8295261189438983,3.834987137127711,3.834987137127711,5.837639116268968,0.9236525153107566,2.911334621816955,3.830651591546169,3.830651591546169,5.832726534840287,0.9226083038340435,2.9080432877121254
30.0,65.0,0.3403879066175016,1.3141820186068296,-0.14641187001938838,-0.6038456321889337,1.4929850261128526,3.714919626854353,3.714919626854353,5.69949422136637,0.6434281467428054,3.0714914801115443,3.822327016004067,3.822327016004067,5.8232784001115325,0.6620312241411723,3.160295791862892,3.818005782995223,3.818005782995223,5.81836581868285,0.6612827818528317,3.156723001142389
30.0,70.0,0.3508794488548434,1.3577045637354077,-0.11702400643586658,-0.49177227457614786,1.490641693412851,3.7032671846145635,3.7032671846145635,5.6858504680983195,0.4258809468375415,3.277386237777022,3.8103376732323935,3.8103376732323935,5.809634646843481,0.4381942039690725,3.3721434692633214,3.8060299944651215,3.8060299944651215,5.804722065414801,0.43769881483817213,3.3683311796269497
30.0,75.0,0.3589348397783857,1.3917824645194874,-0.08713381663672168,-0.3771954330907542,1.4885433633243195,3.692848573994499,3.692848573994499,5.6736149968268474,0.24977527676442937,3.4430732972300704,3.799617835162567,3.799617835162567,5.79739917557201,0.2569968893553137,3.542620945807254,3.7953222754311393,3.7953222754311393,5.792486594143328,0.25670634816488114,3.538615927266259
30.0,80.0,0.36461008653755433,1.416471602796522,-0.05690784462699249,-0.2607477365006517,1.4867952789823402,3.684180206725542,3.684180206725542,5.663408649755208,0.11871034474232581,3.5654698619832157,3.7906988442489378,3.7906988442489378,5.7871928285003715,0.12214255040881347,3.6685562938401235,3.7864133676521496,3.7864133676521496,5.782280247071689,0.12200446530557635,3.6644089023465733
30.0,85.0,0.36795660579124523,1.4318187423919047,-0.026490904353491176,-0.14300889401378716,1.4854798169583665,3.6776638352228304,3.6776638352228304,5.655720290945538,0.03525468906565107,3.6424091461571786,3.783994068549059,3.783994068549059,5.779504469690701,0.0362739881321649,3.7477200804168933,3.779716171863135,3.779716171863135,5.7745918882620195,0.036232979512488245,3.743483192350646
30.0,90.0,0.3690144238354816,1.437842781773857,0.003988797944589411,-0.02452190576275558,1.4846483571772464,3.6735480286515623,3.6735480286515623,5.65085722264509,0.001028699716900304,3.672519328934662,3.779759263969094,3.779759263969094,5.774641401390253,0.0010584419352817204,3.778700822033812,3.7754861548320267,3.7754861548320267,5.769728819961571,0.0010572453411102816,3.7744289094909167
30.0,95.0,0.3678077146746873,1.434523078136641,0.03441300366362382,0.09418632950772197,1.4843161038566313,3.6719039868820853,3.6719039868820853,5.648913167251591,0.01675847099775481,3.655145515884329,3.7780676889413374,3.7780676889413374,5.772697345996754,0.01724299927745119,3.760824689663884,3.7737964921706943,3.7737964921706943,5.767784764568072,0.01722350565031327,3.7565729865203794
30.0,100.0,0.36434302552130027,1.4217960628277404,0.0646659409542646,0.21258198762236813,1.4844603968780898,3.6726179262811973,3.6726179262811973,5.649757497069352,0.08228603705047385,3.5903318892307237,3.7788022700701687,3.7788022700701687,5.773541675814514,0.08466512712261946,3.69413714294755,3.7745302428378182,3.7745302428378182,5.768629094385832,0.08456941115156615,3.689960831686252
30.0,105.0,0.358610266902991,1.3995606577113002,0.09462687347274226,0.33010117460317495,1.4850226896580214,3.675400725553781,3.675400725553781,5.653046967288114,0.19653042101735949,3.47887030453642,3.781665526858505,3.781665526858505,5.776831146033277,0.20221259493503393,3.57945293192347,3.777390262645201,3.777390262645201,5.771918564604595,0.20198398871259965,3.5754062739326007
30.0,110.0,0.3505862710590189,1.3676922053225222,0.12416344724363473,0.4461290595320047,1.4859139952720635,3.679813975825339,3.679813975825339,5.658258645119483,0.3574044121930532,3.3224095636322852,3.7862063749617647,3.7862063749617647,5.782042823864645,0.3677378456559864,3.4184685293057777,3.781925977210009,3.781925977210009,5.7771302424359625,0.3673221091398286,3.4146038680701802
30.0,115.0,0.34024048445018756,1.3260638355904142,0.1531265101897839,0.559983521686449,1.4870232533497647,3.6853101041040897,3.6853101041040897,5.664740378761607,0.5617022212766258,3.1236078828274647,3.7918614097171415,3.7918614097171415,5.78852455750677,0.5779424027951701,3.2139190069219725,3.7875746188120143,3.7875746188120143,5.783611976078088,0.5772890249502834,3.2102855938617316
30.0,120.0,0.32754218835449084,1.2745735015520503,0.18134689189119757,0.6709051559973208,1.4882277781149935,3.6912829026406535,3.6912829026406535,5.671773311201963,0.8049817412634067,2.8863011613772476,3.7980068964303464,3.7980068964303464,5.795557489947125,0.828255727197661,2.9697511692326857,3.793713157904063,3.793713157904063,5.790644908518443,0.8273193640939431,2.96639379381012
30.0,125.0,0.31246855293001996,1.2131744041004486,0.2086344022259447,0.7780549010948875,1.489404738224171,3.6971236895228747,3.6971236895228747,5.678639804023372,1.081470759711886,2.6156529298109894,3.804016554710232,3.804016554710232,5.802423982768534,1.1127387176786563,2.691277837031577,3.799716022120117,3.799716022120117,5.797511401339852,1.111480739683336,2.6882352824367826
30.0,130.0,0.29501282524712297,1.1419062434286493,0.23477907352968141,0.8805198602286206,1.4904425092790745,3.702277566804683,3.702277566804683,5.68468975522436,1.3840281229253901,2.3182494438792927,3.809319443157406,3.809319443157406,5.808473933969522,1.4240437523669,2.3852756907905057,3.8050129155238257,3.8050129155238257,5.80356135254084,1.4224338365111924,2.3825790790126335
30.0,135.0,0.2751920153885369,1.0609247016267012,0.2595544654790359,0.9773271618289748,1.491250740034719,3.706293965828615,3.706293965828615,5.689398625473955,1.7041880205387467,2.002105945289868,3.813451966075332,3.813451966075332,5.813182804219118,1.7534602536667836,2.0599917124085483,3.809140766524784,3.809140766524784,5.808270222790436,1.7514779245002536,2.05766284202453
30.0,140.0,0.2530535520778351,0.9705267621723114,0.282722697661099,1.0674650362228562,1.4917680864138745,3.7088659952152927,3.7088659952152927,5.692411421477258,2.0323083328751825,1.6765576623401093,3.816098359106176,3.816098359106176,5.81619560022242,2.091067324699231,1.7250310344069444,3.811784167744391,3.811784167744391,5.811283018793739,2.0887033225849767,1.7230808451594133
30.0,145.0,0.22868050528832798,0.8711698643312743,0.30404077936365126,1.1499097353224799,1.4919667894840583,3.7098541007371804,3.7098541007371804,5.693568302374991,2.357833109763739,1.352020990973441,3.817115033169236,3.817115033169236,5.817352481120153,2.426003817022059,1.3911112161471768,3.8127996924328675,3.8127996924328675,5.812439899691471,2.4232611611138117,1.3895385313190554
30.0,150.0,0.20219510018543665,0.7634834119486422,0.3232677640268052,1.2236565345540467,1.4918535922386782,3.709291180252544,3.709291180252544,5.692909268884102,2.669666041446094,1.0396251388064492,3.816535837280115,3.816535837280115,5.816693447629264,2.746852599491814,1.0696832377883005,3.8122211513386883,3.8122211513386883,5.811780866200582,2.7437472162858105,1.068473935052877
30.0,155.0,0.17376036714492743,0.6482717404201433,0.340172254800419,1.287752842889918,1.4914668826107973,3.707368427633056,3.707368427633056,5.690657471132649,2.956637923134133,0.7507305044989219,3.814557493191744,3.814557493191744,5.8144416498778115,3.0421215383621085,0.7724359548296346,3.8102450438160904,3.8102450438160904,5.80952906844913,3.038682346489345,0.7715626973267439
30.0,160.0,0.14357988625913357,0.5265082350720129,0.3545398159217913,1.3413313940703029,1.4908703817331912,3.7044035528236567,3.7044035528236567,5.687182920535755,3.208038404508829,0.49636514831482786,3.8115068966186403,3.8115068966186403,5.8109670992809175,3.300790620957742,0.5107162756608992,3.807197896016091,3.807197896016091,5.806054517852235,3.297058997439701,0.5101388985763904
30.0,165.0,0.11189569214680992,0.39932084808949686,0.3661798948098515,1.3836415712704457,1.4901441201275232,3.700795310532841,3.700795310532841,5.68295065110126,3.4141724203752615,0.28662289015758097,3.8077943312407045,3.8077943312407045,5.806734829846421,3.5128844740973983,0.2949098571433079,3.803489527782981,3.803489527782981,5.801822248417741,3.50891307335587,0.294576454427113
30.0,170.0,0.07898450169123654,0.2679697570878784,0.37493192828272615,1.4140770972022034,1.4893738046235279,3.6969701192311035,3.6969701192311035,5.678459404012132,3.5668959466255235,0.13007417260557994,3.8038585443266832,3.8038585443266832,5.802243582757296,3.6700236100684465,0.13383493425823637,3.7995581903711235,3.7995581903711235,5.7973310013286135,3.6658745597384614,0.13368363063266178
30.0,175.0,0.04515250381743674,0.13381833673210067,0.3806703893165836,1.4321985771682022,1.4886399180432426,3.693327664532419,3.693327664532419,5.674178390849745,3.660084954622666,0.03324270990975243,3.8001107773767044,3.8001107773767044,5.797962569594906,3.765906939626161,0.034203837750542684,3.7958146603621987,3.7958146603621987,5.793049988166226,3.7616494908763265,0.03416516948587094
30.0,180.0,0.010728996153281434,-0.0017010300281061906,0.38330862032508284,1.4377496985416782,1.488007963330109,3.6901925606293386,3.6901925606293386,5.670490289874582,3.689995890493352,0.00019667013598584235,3.796885029971539,3.796885029971539,5.794274468619745,3.7966826736221337,0.00020235634940409748,3.792592559742383,3.792592559742383,5.789361887191063,3.792390432161718,0.00020212758066376398
35.0,-180.0,0.011409299333979458,-0.0017951643293454165,0.37056435831845325,1.3420958689046805,1.3923622587937516,3.23104497902944,3.23104497902944,5.09343003826471,3.230822659723312,0.00022231930612804927,3.324462371673464,3.324462371673464,5.2172142170098725,3.324233624573836,0.00022874709962758438,3.3207039866695163,3.3207039866695163,5.21230163558119,3.3204754981740097,0.00022848849550673097
35.0,-175.0,-0.02285066284481175,-0.13132682202340162,0.3699293954356893,1.3350522541253196,1.3917547074925685,3.228225888968792,3.228225888968792,5.089639160439383,3.198611775025133,0.029614113943659415,3.321561774841848,3.321561774841848,5.213423339184545,3.291091444618925,0.030470330222923565,3.3178066690326737,3.3178066690326737,5.208510757755863,3.287370786253991,0.030435882778683875
35.0,-170.0,-0.05699617054266719,-0.25922274408691404,0.3661798557900683,1.3159209363567987,1.3914670646612761,3.226891630751612,3.226891630751612,5.087843806636335,3.1094860725394056,0.11740555821220662,3.3201889399646176,3.3201889399646176,5.211627985381497,3.199388900647603,0.12080003931701473,3.3164353861784295,3.3164353861784295,5.206715403952816,3.195771914223438,0.12066347195499139
35.0,-165.0,-0.09065139381826844,-0.384021330609569,0.35936852212493636,1.2850506850261543,1.3914708244676883,3.2269090691869793,3.2269090691869793,5.087867276267968,2.967431752963584,0.25947731622339437,3.320206882587693,3.320206882587693,5.21165145501313,3.0532274441440306,0.26697943844366123,3.316453308516936,3.316453308516936,5.206738873584449,3.0497756967765506,0.26667761174038473
35.0,-160.0,-0.12345135515267369,-0.5043583401807578,0.34959150586993726,1.2429764270134604,1.391697593403998,3.2279609379753884,3.2279609379753884,5.089282706211652,2.778608903637371,0.44935203433801746,3.321289163468863,3.321289163468863,5.213066884956813,2.8589452656007515,0.46234389786811136,3.317534365853431,3.317534365853431,5.208154303528132,2.855713158928438,0.4618212069249922
35.0,-155.0,-0.15505113973989298,-0.6190033968709037,0.33698515057103384,1.1903960653424928,1.3920516676332917,3.2296036557313617,3.2296036557313617,5.091492279996878,2.5509428755772636,0.6786607801540969,3.3229793762026563,3.3229793762026563,5.215276458742039,2.624696857266451,0.6982825189362044,3.3192226677609056,3.3192226677609056,5.210363877313357,2.621729574077352,0.6974930936835528
35.0,-150.0,-0.18513474218715079,-0.7268890358783189,0.32172185300728906,1.1281414190248127,1.3924261399681408,3.2313414646334047,3.2313414646334047,5.093828535206911,2.2936259842859306,0.9377154803474733,3.324767429399531,3.324767429399531,5.217612713952073,2.3599403069101044,0.9648271224894263,3.3210086995204566,3.3210086995204566,5.212700132523391,2.357272337395612,0.963736362124844
35.0,-145.0,-0.21342317050026785,-0.8271308853655386,0.3040047123050153,1.057144946530068,1.392720091874057,3.232705930892991,3.232705930892991,5.09566200003111,2.0165763297513957,1.2161296011415952,3.326171345707368,3.326171345707368,5.2194461787762725,2.074880470986105,1.2512908747212628,3.3224110286669997,3.3224110286669997,5.214533597347591,2.0725347685009203,1.2498762601660793
35.0,-140.0,-0.23968124831265508,-0.9190381283041836,0.28406092427521173,0.9784040753183191,1.3928543805327074,3.2333293679711623,3.2333293679711623,5.096499469272116,1.7299011505953557,1.503428217375807,3.326812807872376,3.326812807872376,5.220283648017279,1.7799168130418308,1.546895994830545,3.3230517656435374,3.3230517656435374,5.215371066588597,1.777904574095946,1.5451471915475916
35.0,-135.0,-0.2637224187336989,-1.0021139559820649,0.26213394665338274,0.8929450339737471,1.3927838793593323,3.2330020577390934,3.2330020577390934,5.096059810311196,1.4434077274323178,1.7895943303067752,3.326476034303008,3.326476034303008,5.219843989056359,1.4851401660997199,1.8413358682032874,3.322715372804823,3.322715372804823,5.2149314076276765,1.4834611792726802,1.8392541935321427
35.0,-130.0,-0.28541082394882533,-1.0760462846864975,0.23847467124609528,0.801788095543391,1.3925046729529469,3.2317059709279947,3.2317059709279947,5.094318406507117,1.166196390437912,2.0655095804900827,3.32514247446033,3.32514247446033,5.218102585252279,1.1999139730815023,2.125228501378828,3.3213833205837564,3.3213833205837564,5.213190003823598,1.198557441354483,2.122825879229273
35.0,-125.0,-0.30466006253357203,-1.1406895450023509,0.2133321176738387,0.7059161002982498,1.3920555035170559,3.229621454497864,3.229621454497864,5.091516214465624,0.9063588688252981,2.3232625856725653,3.32299768957492,3.32299768957492,5.2153003932107875,0.9325639148320796,2.390433774742839,3.3192409604294597,3.3192409604294597,5.210387811782105,0.9315096288029785,2.3877313316264797
35.0,-120.0,-0.32142832773729824,-1.1960388635743373,0.1869444450723559,0.6062480204794364,1.3915135719535165,3.2271073404926303,3.2271073404926303,5.088134112075395,0.6707923432044915,2.5563149972881383,3.3204108864004835,3.3204108864004835,5.211918290820556,0.6901865862789295,2.630224300121554,3.316657081698489,3.316657081698489,5.207005709391876,0.6894063136736809,2.6272507680248083
35.0,-115.0,-0.33571007891112115,-1.2421984309610545,0.15953127858510033,0.5036191277590837,1.390985497284725,3.2246584527288733,3.2246584527288733,5.084837220874562,0.46512646652817996,2.759531986200694,3.317891195317289,3.317891195317289,5.208621399619724,0.4785744073754295,2.83931678794186,3.3141402391869197,3.3141402391869197,5.203708818191042,0.4780333674493113,2.8361068717376092
35.0,-110.0,-0.3475249256048934,-1.2793462629776289,0.13128838666757844,0.39876899221064216,1.3905947591350893,3.2228470461998753,3.2228470461998753,5.082396947249805,0.2937486622517426,2.9290983839481344,3.3160274166065187,3.3160274166065187,5.206181125994967,0.302241652692399,3.013785763914121,3.312278567522996,3.312278567522996,5.201268544566286,0.30189996120425755,3.0103786063187403
35.0,-105.0,-0.3569049077608474,-1.3076978750375239,0.10238557365531481,0.2923380618620065,1.3904672573158265,3.2222560760116306,3.2222560760116306,5.081600512848131,0.15990347966215,3.0623525963494798,3.315419360028429,3.315419360028429,5.205384691593293,0.1645266793519395,3.150892680676489,3.311671198367554,3.311671198367554,5.200472110164611,0.16434067796726617,3.147330520400288
35.0,-100.0,-0.36388172356658255,-1.3274715451459995,0.07296827106153636,0.18487295832238326,1.3907167185371268,3.223412378022331,3.223412378022331,5.083158692861978,0.06583574780372312,3.1575766302186077,3.316609093551117,3.316609093551117,5.20694287160714,0.0677392198824191,3.248869873668698,3.31285958686776,3.31285958686776,5.202030290178458,0.06766263905829713,3.2451969478094624
35.0,-95.0,-0.36847559459892204,-1.338857788962741,0.04316277799726663,0.07683992747827606,1.3914315803303219,3.2267270524680427,3.2267270524680427,5.087622301636058,0.012945361451191809,3.2137816910168513,3.320019603321373,3.320019603321373,5.2114064803812195,0.01331964343162034,3.306699959889753,3.3162662409743495,3.3162662409743495,5.206493898952537,0.013304585253023441,3.302961655721327
35.0,-90.0,-0.3706873152152547,-1.341995378610804,0.01308451670160812,-0.03135481395704727,1.3926647158630268,3.2324488644495157,3.2324488644495157,5.095316633086384,0.0019238362354873219,3.230525028214028,3.3259068468458852,3.3259068468458852,5.219100811831546,0.001979459034352631,3.323927387811532,3.322146828827868,3.322146828827868,5.214188230402865,0.001977221208106189,3.3201696076197615
35.0,-85.0,-0.3704946169295523,-1.336955713057162,-0.017151847695270533,-0.1393397009513475,1.394426971193018,3.240634616901751,3.240634616901751,5.106300668826096,0.032848789679894845,3.207785827221856,3.3343292693710787,3.3343292693710787,5.230084847571259,0.03379852832585127,3.3005307410452267,3.3305597296009775,3.3305597296009775,5.225172266142577,0.03376031827327323,3.2967994113277035
35.0,-80.0,-0.3678533531501278,-1.3237366452891204,-0.04742191492058473,-0.2467497052300527,1.3966850219541056,3.2511384903740197,3.2511384903740197,5.120354697496453,0.10522127949173282,3.145917210882286,3.3451368354501696,3.3451368354501696,5.244138876241616,0.1082634833745579,3.236873352075611,3.3413550774655905,3.3413550774655905,5.239226294812934,0.10814108889181173,3.2332139885737776
35.0,-75.0,-0.3627032834522718,-1.3022660818038696,-0.07758226662757166,-0.3531979741651161,1.3993635827379798,3.2636205065462502,3.2636205065462502,5.136996533003693,0.21794122725114698,3.045679279295104,3.3579797371604587,3.3579797371604587,5.260780711748855,0.22424243980980244,3.133737297350658,3.354183459965313,3.354183459965313,5.255868130320173,0.22398892831567005,3.1301945316496447
35.0,-70.0,-0.3549775410143219,-1.2724149005097594,-0.10746378701869112,-0.45824967107129,1.4023515822436181,3.2775727170579843,3.2775727170579843,5.155523358363224,0.3692266789495088,2.9083460381084763,3.372335340115222,3.372335340115222,5.279307537108387,0.3799019229853985,2.992433417129824,3.3685228335642177,3.3685228335642177,5.274394955679705,0.3794724346860316,2.9890503988781867
35.0,-65.0,-0.3446143329011132,-1.2340180770138451,-0.13686854311544863,-0.5614002113727313,1.4055115966301097,3.292360515405087,3.292360515405087,5.175073846442761,0.5564922152540365,2.73586830015105,3.387550689788134,3.387550689788134,5.298858025187924,0.5725817627883902,2.814968926999743,3.3837209819168415,3.3837209819168415,5.293945443759242,0.571934445276502,2.8117865366403394
35.0,-60.0,-0.33156915595585945,-1.1869024191875375,-0.16557057157023874,-0.6620596869236165,1.4086916273883374,3.307275585373354,3.307275585373354,5.1947038488053,0.7762094519076544,2.5310661334657,3.4028969908152633,3.4028969908152633,5.318488027550464,0.7986515607651553,2.6042454300501077,3.3990499335800144,3.3990499335800144,5.3135754461217815,0.7977486658865924,2.6013012676934215
35.0,-55.0,-0.3158258666597431,-1.1309189878536743,-0.19332026019135234,-0.7595447872696461,1.4117381988202702,3.321596316213739,3.321596316213739,5.213468501822569,1.0237775588430855,2.297818757370654,3.4176317689204025,3.4176317689204025,5.337252680567731,1.0533774656272101,2.364254303293193,3.41376805366263,3.41376805366263,5.33234009913905,1.0521865969610331,2.361581456701597
35.0,-50.0,-0.2974053080224729,-1.06597808827105,-0.21985144537348345,-0.8530790166861502,1.4145096919628948,3.3346508864076627,3.3346508864076627,5.23050373172182,1.2934336391135797,2.041217247294082,3.431063778585927,3.431063778585927,5.354287910466981,1.3308299610181908,2.100233817567736,3.4271848781168166,3.4271848781168166,5.349375329038301,1.329325425604912,2.0978594525119036
35.0,-45.0,-0.27637078278507515,-0.9920845980984275,-0.2448899987830438,-0.9418014996332715,1.4168887873001155,3.3458775667836247,3.3458775667836247,5.245100451012398,1.5782314453226367,1.767646121460988,3.442615049679622,3.442615049679622,5.368884629757561,1.6238619665836371,1.818753083095985,3.4387230902195522,3.4387230902195522,5.363972048328879,1.6220261514107264,1.816696938808826
35.0,-40.0,-0.25283032413410467,-0.9093713131174248,-0.26816262417564685,-1.0247841700423475,1.4187928481976564,3.354876205650555,3.354876205650555,5.256764994096997,1.8701122554730283,1.4847639501775274,3.4518738611488375,3.4518738611488375,5.3805491728421595,1.9241817630137135,1.5276920981351245,3.447971434378782,3.447971434378782,5.375636591413478,1.9220064290575827,1.5259650053212
35.0,-35.0,-0.22693628620432885,-0.8181279409033287,-0.2894048261152134,-1.1010566414634562,1.4201810753465545,3.3614446186974907,3.3614446186974907,5.265259604539847,2.1600839121958386,1.2013607065016527,3.458632183040941,3.458632183040941,5.389043783285009,2.2225372077331405,1.2360949753078019,3.454722115824759,3.454722115824759,5.384131201856327,2.2200245757408417,1.2346975400839184
35.0,-30.0,-0.1988831184818026,-0.7188233982906208,-0.30836746276863225,-1.1696375456317074,1.4210573714642387,3.3655941313059916,3.3655941313059916,5.270617417164376,2.4385133512441,0.9270807800618919,3.4629016681819036,3.4629016681819036,5.394401595909538,2.5090167211072125,0.9538849470746907,3.458986774209652,3.458986774209652,5.389489014480856,2.506180217105961,0.9528065571036914
35.0,-25.0,-0.1689042331520109,-0.6121192456677472,-0.3248218137751101,-1.229570613151976,1.4214681545235544,3.367540187678247,3.367540187678247,5.273127872258355,2.695525001591368,0.6720151860868786,3.4649039897913854,3.4649039897913854,5.396912051003518,2.7734592052591496,0.6914447845322343,3.460986832146194,3.460986832146194,5.391999469574835,2.770323742642721,0.6906630895034722
35.0,-20.0,-0.1372686450685002,-0.4988724965975474,-0.33856352819976415,-1.2799632872120454,1.421494892012683,3.367666874182878,3.367666874182878,5.273291250308634,2.9214833045628827,0.4461835696199946,3.465034339111923,3.465034339111923,5.397075429053796,3.0059505140064644,0.4590838251054579,3.4611170341036774,3.4611170341036774,5.392162847625115,3.002552214350342,0.4585648197533346
35.0,-15.0,-0.10427766200503347,-0.380126717779163,-0.3494160499672225,-1.320025276224261,1.421241871817893,3.3664681194082524,3.3664681194082524,5.271745060368071,3.1075239659599316,0.25894415344832095,3.4638009254123387,3.4638009254123387,5.395529239113232,3.197370064780257,0.2664308606320825,3.4598850148080698,3.4598850148080698,5.39061665768455,3.193755360698799,0.26612965410927125
35.0,-10.0,-0.07026147209598148,-0.25709126110305947,-0.3572341024154864,-1.3491042510049494,1.4208205639717069,3.3644725277500016,3.3644725277500016,5.269169864667688,3.246087665129025,0.11838486262097751,3.4617476363309003,3.4617476363309003,5.392954043412852,3.339939978525594,0.12180765780530663,3.4578340470195292,3.4578340470195292,5.3880414619841694,3.3361640957132837,0.12166995130624615
35.0,-5.0,-0.03557515436670622,-0.13110955080909054,-0.36190758149140945,-1.366715959379354,1.4203326783133472,3.36216231897624,3.36216231897624,5.266186765436652,3.33140420040702,0.030758118569218486,3.459370633785616,3.459370633785616,5.389970944181814,3.4277232229725487,0.03164741081306563,3.455459731733032,3.455459731733032,5.385058362753133,3.4238480990822406,0.031611632650789805
35.0,0.0,-0.000593519027801201,-0.003618427899066991,-0.36336585061732135,-1.3725664136192037,1.419854480739357,3.35989875462187,3.35989875462187,5.263261907911767,3.359876346340961,2.2408280909716037e-05,3.4570416242636792,3.4570416242636792,5.387046086656929,3.457018568104703,2.305615897696886e-05,3.4531333552126107,3.4531333552126107,5.382133505228248,3.4531103251191784,2.3030093432390583e-05
35.0,5.0,0.03429570943559422,0.12389854995929273,-0.36158206669714255,-1.3665644900632299,1.419424933846964,3.357866129760052,3.357866129760052,5.2606337784568105,3.330321701402321,0.02754442835773116,3.4549502312584135,3.4549502312584135,5.384417957201972,3.4266094262808124,0.028340804977601768,3.4510443265776485,3.4510443265776485,5.37950537577329,3.4227355615645645,0.028308765013084436
35.0,10.0,0.0687005638852405,0.2499603990005021,-0.3565769007903305,-1.3488241806788008,1.419039719355211,3.3560438098276877,3.3560438098276877,5.258276214779476,3.2440465008050943,0.11199730902259421,3.4530752236111613,3.4530752236111613,5.382060393524638,3.337839799161533,0.11523542444962878,3.449171438671827,3.449171438671827,5.3771478120959575,3.334066290652717,0.11510514801911018
35.0,15.0,0.10223517321300289,0.3731370109865966,-0.3484209124737824,-1.3196567105971257,1.4186522567856412,3.3542113539574836,3.3542113539574836,5.2559042468792425,3.1047451318058403,0.2494662221516439,3.45118978697138,3.45118978697138,5.379688425624406,3.194510887751662,0.256678899219718,3.4472881335637036,3.4472881335637036,5.374775844195724,3.19089941603889,0.2563887175248139
35.0,20.0,0.13453120090120418,0.4920931900604255,-0.33723490562681113,-1.2795536180629292,1.4181816508440737,3.3519863548894944,3.3519863548894944,5.253022420560136,2.918239320710403,0.43374703417909366,3.448900457752335,3.448900457752335,5.376806599305298,3.0026127386669437,0.4462877190853932,3.4450013924866334,3.4450013924866334,5.371894017876617,2.9992182124464564,0.44578318004017853
35.0,25.0,0.16524952797597142,0.6056257904470912,-0.3231878017316785,-1.229162540175471,1.4175263348205271,3.3488892863851145,3.3488892863851145,5.249007900878503,2.6920880857748126,0.6568012006103012,3.445713845442036,3.445713845442036,5.372792079623666,2.769922919821805,0.6757909256202297,3.441818382718514,3.441818382718514,5.3678794981949824,2.766791455061472,0.6750269276570413
35.0,30.0,0.1940911783100247,0.7126921467076484,-0.30649185495694364,-1.1692577790435947,1.4165812692837068,3.3444253625106515,3.3444253625106515,5.2432150825353085,2.435110982672788,0.9093143798378642,3.44112085863839,3.44112085863839,5.366999261280471,2.5055159817602513,0.93560487687814,3.43723058839738,3.43723058839738,5.362086679851789,2.502683435429381,0.9345471529680002
35.0,35.0,0.22080648958743165,0.8124288283788158,-0.28739533820773533,-1.100707744522265,1.4152560638625544,3.338170899550621,3.338170899550621,5.235085668644609,2.1568718848437394,1.1812990147068807,3.434685563896102,3.434685563896102,5.358869847389772,2.2192323128343854,1.2154532510617149,3.4308025689112243,3.4308025689112243,5.35395726596109,2.21672341710559,1.2140791518056326
35.0,40.0,0.2452016682101486,0.9041604657075487,-0.2661731029219214,-1.0244411687873407,1.413491363562929,3.3298512764988324,3.3298512764988324,5.224248367380691,1.8671690595642312,1.4626822169346005,3.4261254002457378,3.4261254002457378,5.348032546125855,1.9211534721311156,1.5049719281146214,3.4222520827326126,3.4222520827326126,5.3431199646971725,1.9189815617309671,1.5032705210016446
35.0,45.0,0.26714209193514193,0.9873989121315344,-0.24311563252040788,-0.9414137001825729,1.4112712264583525,3.319399255676098,3.319399255676098,5.210594922726219,1.5755711570829556,1.7438280985931425,3.415371186002776,3.415371186002776,5.334379101471382,1.621124762921037,1.7942464230817392,3.41151002638859,3.41151002638859,5.3294665200427005,1.619292042222976,1.7922179841656138
35.0,50.0,0.2865520006798002,1.0618333434833902,-0.21851736447265768,-0.8525762423600782,1.4086298967577036,3.306985733811354,3.306985733811354,5.194323213907603,1.291029730530636,2.0159560032807184,3.4025987589374975,3.4025987589374975,5.318107392652766,1.3283565495736558,2.074242209363842,3.39875203886059,3.39875203886059,5.3131948112240845,1.3268548104117532,2.071897228448837
35.0,55.0,0.3034105146373992,1.1273121212157735,-0.19266515194014047,-0.7588462912754139,1.4056522022133022,3.293019275427607,3.293019275427607,5.1759427282771275,1.0215885232241544,2.2714307522034525,3.3882284961699836,3.3882284961699836,5.299726907022291,1.0511251396482708,2.3371033565217125,3.3843980220222067,3.3843980220222067,5.294814325593609,1.0499368172910117,2.334461204731195
35.0,60.0,0.3177442223066288,1.18381747197283,-0.1658277729371262,-0.6610835377348145,1.4024676437974075,3.278115257072021,3.278115257072021,5.15624219103426,0.7741989174769781,2.5039163395950417,3.3728935662846187,3.3728935662846187,5.2800263697794225,0.7965828968792861,2.5763106694053315,3.369080428645448,3.369080428645448,5.27511378835074,0.7956823406752087,2.573398087970238
35.0,65.0,0.3296168772340292,1.2314343427862284,-0.13824736418468414,-0.560071069602404,1.3992389942609724,3.2630393975152905,3.2630393975152905,5.136223174348863,0.5546401610295909,2.7083992364856986,3.357381826849769,3.357381826849769,5.260007353094025,0.5706761611581344,2.7867056656916334,3.3535862256066706,3.3535862256066706,5.255094771665344,0.5700309979749134,2.7835552276317554
35.0,70.0,0.3391170151773459,1.2703152061019956,-0.11013354413684048,-0.45650350327891315,1.3961468113657711,3.248633329953112,3.248633329953112,5.117006957203314,0.36753275134477187,2.88110057860834,3.342559244730026,3.342559244730026,5.240791135948477,0.3781590198011852,2.9644002249288404,3.3387804007740103,3.3387804007740103,5.235878554519795,0.37773150189596283,2.961048898878047
35.0,75.0,0.3463445274950878,1.3006430655963042,-0.08166078545627078,-0.3509831806465505,1.3933716635512765,3.23573142374507,3.23573142374507,5.099724665786304,0.2164243628682485,3.0193070608768218,3.329284312938646,3.329284312938646,5.223508844531466,0.22268171917712573,3.106602593761521,3.3255204766136384,3.3255204766136384,5.218596263102785,0.22242997211536328,3.1030905044982755
35.0,80.0,0.35139736901972163,1.3225953471352083,-0.052969307274057784,-0.2440251169533795,1.391076046963245,3.2250783008017234,3.2250783008017234,5.085402632172733,0.10392089374656129,3.1211574070551626,3.318323182222166,3.318323182222166,5.209186810917895,0.10692550030513558,3.211397681917031,3.3145717377201676,3.3145717377201676,5.204274229489214,0.10680461844456451,3.207767119275603
35.0,85.0,0.35435960835369357,1.3363116186953867,-0.024169407897180053,-0.1360706843775998,1.3893879464418697,3.217255647234801,3.217255647234801,5.074855718662627,0.03183156911888298,3.185424078115919,3.3102743566568584,3.3102743566568584,5.198639897407789,0.032751897436858704,3.277522459220001,3.3065320115465577,3.3065320115465577,5.193727315979107,0.03271487062577901,3.2738171409207792
35.0,90.0,0.3552919269535359,1.341868053757299,0.004651207972601041,-0.02750914832435061,1.3883877750937934,3.212625336840616,3.212625336840616,5.0686008016391835,0.0012972810657925105,3.2113280557748225,3.305510172693298,3.305510172693298,5.192384980384347,0.001334788626188405,3.304175384067108,3.3017732136080324,3.3017732136080324,5.187472398955664,0.0013332796154085411,3.3004399339926227
35.0,95.0,0.35422544214238444,1.339261170637934,0.033417886756011914,0.08129472486456774,1.3881000448402487,3.2112939023006857,3.2112939023006857,5.066800546497544,0.012875675737483019,3.198418226563202,3.3041402431327143,3.3041402431327143,5.190584725242706,0.013247942933926348,3.2908923001987884,3.3004048327859046,3.3004048327859046,5.185672143814025,0.01323296581447381,3.287171866971431
35.0,100.0,0.3511593914686007,1.3284026516322671,0.06205830007257058,0.18996954500367072,1.388490613478188,3.21310127510651,3.21310127510651,5.0692441447985335,0.06656453286123971,3.1465367422452704,3.3059998714955343,3.3059998714955343,5.193028323543696,0.0684890758938571,3.2375107956016778,3.302262358793946,3.302262358793946,5.188115742115014,0.06841164733940361,3.233850711454543
35.0,105.0,0.3460628128166394,1.3091260466809653,0.09049170175265558,0.2981057318561035,1.3894697736779493,3.217634615384481,3.217634615384481,5.0753672542745685,0.16175581493212982,3.055878800452352,3.3106642817002583,3.3106642817002583,5.199151433019731,0.1664325701534415,3.1442317115468175,3.3069214957702777,3.3069214957702777,5.194238851591048,0.16624441411318583,3.1406770816570933
35.0,110.0,0.33887993955093343,1.281205024812428,0.11861932816921744,0.40522674427775995,1.3909008549598092,3.2242660197600626,3.2242660197600626,5.084308663054388,0.2971250988239605,2.9271409209361017,3.3174874161539893,3.3174874161539893,5.208092841799551,0.3057157102829103,3.0117717058710793,3.3137369165057167,3.3137369165057167,5.2031802603708694,0.3053700912887569,3.0083668252169598
35.0,115.0,0.32953866024706785,1.2443817054880981,0.14631695191244226,0.5107661313596835,1.392613459978032,3.23221093355852,3.23221093355852,5.094996950144639,0.4704734016746788,2.7617375318838415,3.325662036792386,3.325662036792386,5.218781128889801,0.48407593546113675,2.841586101331249,3.3219022955380466,3.3219022955380466,5.213868547461119,0.48352867592464416,2.8383736196134026
35.0,120.0,0.3179611203611482,1.1984026288818563,0.17343032296300132,0.614052871724336,1.3944200017097488,3.24060222296106,3.24060222296106,5.106257255786156,0.678549024326292,2.5620531986347674,3.334295938842535,3.334295938842535,5.230041434531318,0.6981675319747835,2.6361284068677513,3.3305264367534018,3.3305264367534018,5.225128853102637,0.6973782367176691,2.633148200035732
35.0,125.0,0.3040754036219452,1.1430592274081761,0.19977387290599088,0.7143066389208411,1.3961338843939979,3.248573171814155,3.248573171814155,5.11692653387743,0.9168843568722596,2.3316888149418955,3.342497347272513,3.342497347272513,5.240710712622593,0.9433937204159477,2.399103626856565,3.3387185732930678,3.3387185732930678,5.235798131193911,0.9423271910300716,2.3963913822629963
35.0,130.0,0.2878272319136775,1.0782293133180263,0.22513267710775198,0.8106436509275518,1.3975874994504662,3.255341338140844,3.255341338140844,5.12596533149635,1.179685292834629,2.075656045306214,3.3494611977989956,3.3494611977989956,5.249749510241513,1.213792872553379,2.1356683252456157,3.3456745510183388,3.3456745510183388,5.244836928812831,1.2124206503953021,2.1332539006230355
35.0,135.0,0.26919074169076324,1.0039161181403566,0.24926733135955348,0.9020927626866271,1.3986481983146193,3.260284495065418,3.260284495065418,5.13255498609701,1.4598081998657948,1.8004762951996227,3.3545472734493447,3.3545472734493447,5.2563391648421725,1.5020148162010443,1.8525324572483002,3.350754876737326,3.350754876737326,5.251426583413491,1.5003167521745062,1.8504381245628188
35.0,140.0,0.2481775884167673,0.9202817744933289,0.2719211524391698,0.9876205699844013,1.3992305611503462,3.263000065436344,3.263000065436344,5.1361708249723526,1.7488513043145306,1.5141487611218132,3.3573413575844673,3.3573413575844673,5.259955003717515,1.7994148619349013,1.5579264956495662,3.353545802092851,3.353545802092851,5.255042422288834,1.7973805799738238,1.5561652221190267
35.0,145.0,0.22484384970779997,0.8276727391898384,0.2928289768880338,1.066163610562751,1.3993036032766186,3.26334074222,3.26334074222,5.136624230798831,2.0373747582855586,1.2259659839344408,3.3576918841650376,3.3576918841650376,5.260408409543993,2.096280232828026,1.2614116513370106,3.3538959323946558,3.3538959323946558,5.255495828115312,2.0939103373952297,1.2599855949994252
35.0,150.0,0.19929440810278803,0.7266354111518736,0.3117267997307011,1.136665326644307,1.3988920416910828,3.2614214043773906,3.2614214043773906,5.134069171045637,2.3152482256255,0.9461731787518914,3.355717053583075,3.355717053583075,5.257853349790801,2.3821876999953697,0.973529353587706,3.351923334406362,3.351923334406362,5.2529407683621185,2.379494579265673,0.9724287551406899
35.0,155.0,0.17168468320755131,0.6179209892036689,0.32836153719731204,1.1981152896670515,1.3980713593343732,3.2575957969792615,3.2575957969792615,5.128971959848492,2.572108647524641,0.6854871494546214,3.3517808385423007,3.3517808385423007,5.252756138593655,2.646474583315815,0.7053062552264856,3.347991569351759,3.347991569351759,5.2478435571649715,2.6434826798814397,0.70450888947032
35.0,160.0,0.14221975436957976,0.5024793580467931,0.3425002855010019,1.2495882348273717,1.396957109571842,3.2524053195826297,3.2524053195826297,5.122046627182325,2.797896087748279,0.4545092318343504,3.346440291781695,3.346440291781695,5.245830805927487,2.878790089256383,0.46765020252531164,3.342657060208252,3.342657060208252,5.240918224498805,2.875535547531633,0.4671215126766191
35.0,165.0,0.1111510743511923,0.3814424401466452,0.35393856247306665,1.290280640517477,1.3956896265911498,3.2465060715482816,3.2465060715482816,5.114162194180616,2.98342410873024,0.26308196281804047,3.3403704820951554,3.3403704820951554,5.237946372925778,3.0696821779300754,0.2706883041650792,3.3365941125881617,3.3365941125881617,5.233033791497096,3.066211828088633,0.2703822844995277
35.0,170.0,0.07877111482220542,0.2560980003864429,0.36250715286992735,1.3195428540639702,1.3944159544143981,3.240583411332914,3.240583411332914,5.106232045009116,3.1209344396005148,0.11964897173239822,3.3342765833243275,3.3342765833243275,5.230016223754278,3.2111682679293287,0.12310831539499764,3.3305071031170743,3.3305071031170743,5.225103642325596,3.2075379646459554,0.1229691384711184
35.0,175.0,0.04540638480889841,0.12785535531864006,0.3680773272835559,1.3369050762479784,1.3932712705797419,3.2352651691216674,3.2352651691216674,5.099098821505441,3.204584672484592,0.03068049663707587,3.3288045777566286,3.3288045777566286,5.222883000250604,3.297237033115127,0.03156754464150208,3.325041283783831,3.325041283783831,5.217970418821922,3.293509427013969,0.03153185676986215
35.0,180.0,0.011409299333979534,-0.0017951643293451474,0.37056435831845325,1.3420958689046805,1.3923622587937516,3.23104497902944,3.23104497902944,5.09343003826471,3.230822659723312,0.00022231930612805052,3.324462371673464,3.324462371673464,5.2172142170098725,3.324233624573836,0.00022874709962758565,3.3207039866695163,3.3207039866695163,5.21230163558119,3.3204754981740097,0.00022848849550673227
40.0,-180.0,0.012030583695359282,-0.0018087336097330198,0.3552442822362987,1.2409721474330433,1.2908750432274552,2.777198533764283,2.777198533764283,4.436069272966541,2.7769518621401064,0.0002466716241767042,2.8574941184939635,2.8574941184939635,4.559853451711704,2.857240314991363,0.0002538035025997574,2.854263652378502,2.854263652378502,4.554940870283021,2.854010135806892,0.000253516571610179
40.0,-175.0,-0.021698842303607878,-0.1249136858109669,0.3544200972670262,1.234048575080358,1.2901797392862857,2.7742075749574693,2.7742075749574693,4.431389532354357,2.7474177583342843,0.02678981662318623,2.8544166837714475,2.8544166837714475,4.5551737110995205,2.826852308194551,0.02756437557689704,2.8511896967702666,2.8511896967702666,4.550261129670838,2.823656483385698,0.027533213384569606
40.0,-170.0,-0.05529624716196478,-0.2463099412605638,0.3505470765613286,1.215549567787828,1.290027234886477,2.773551768881036,2.773551768881036,4.430362764811397,2.667343834187127,0.10620793469390744,2.853741916741471,2.853741916741471,4.554146943556559,2.744463251555847,0.10927866518562344,2.850515692580715,2.850515692580715,4.549234362127878,2.741360569565393,0.1091551230153211
40.0,-165.0,-0.0883660258020806,-0.3644937866170084,0.34369344937819135,1.1858488209267657,1.2903592089946656,2.774979437727267,2.774979437727267,4.43259769399355,2.5405445024711955,0.234434935256071,2.855210862976918,2.855210862976918,4.5563818727387115,2.6139978418265204,0.24121302115039717,2.8519829781369648,2.8519829781369648,4.55146929131003,2.6110426541327802,0.24094032400418394
40.0,-160.0,-0.12052639219716649,-0.4780739084375198,0.33397054856258657,1.1455144326685918,1.2910541878263793,2.777969413397303,2.777969413397303,4.437274596644118,2.3728435025554306,0.4051259108418727,2.858287286137774,2.858287286137774,4.561058775389279,2.441448196887983,0.41683908924979185,2.8550559233271353,2.8550559233271353,4.556146193960597,2.438688080735283,0.4163678425918527
40.0,-155.0,-0.15141924731600354,-0.5858130041430294,0.3215290004769689,1.0952828662252199,1.2919481876124435,2.781817995346608,2.781817995346608,4.443287122116112,2.171657929696953,0.6101600656496555,2.8622471399800475,2.8622471399800475,4.567071300861274,2.234445858315622,0.6278012816644258,2.8590113004590005,2.8590113004590005,4.562158719432591,2.231919763306221,0.6270915371527805
40.0,-150.0,-0.18071991905351198,-0.6866605401767758,0.3065542663939462,1.0360265920382612,1.2928607830053915,2.7857493773238717,2.7857493773238717,4.449420421162052,1.945498528575048,0.8402508487488229,2.8662921878010823,2.8662921878010823,4.573204599907214,2.0017476371798,0.864544550621281,2.8630517752557774,2.8630517752557774,4.568292018478532,1.9994846131295456,0.8635671621262312
40.0,-145.0,-0.20814646613284724,-0.779775023741683,0.2892613183572107,0.9687172762819315,1.2936225534056562,2.7890331440387293,2.7890331440387293,4.454536753229158,1.7034353213817375,1.0855978226569922,2.8696708962225834,2.8696708962225834,4.57832093197432,1.752685792140897,1.1169851040816876,2.8664266639658056,2.8664266639658056,4.573408350545638,1.7507043385218268,1.1157223254439796
40.0,-140.0,-0.23346788650907035,-0.8645348284726985,0.26988812322375677,0.8943864745187626,1.294099875795015,2.7910917252952587,2.7910917252952587,4.457741091991295,1.4545770062490408,1.3365147190462174,2.8717889960852547,2.8717889960852547,4.581525270736458,1.496632376015064,1.3751566200701897,2.868542369265425,2.868542369265425,4.576612689307775,1.4949403969671538,1.3736019722982706
40.0,-135.0,-0.2565102595196364,-0.9405372863781608,0.24868766796707215,0.8140857999884198,1.2942137173775092,2.791582809918146,2.791582809918146,4.4585051535215605,1.2076069597768384,1.583975850141309,2.8722942791626154,2.8722942791626154,4.582289332266723,1.242521823003229,1.6297724561593876,2.869047081108064,2.869047081108064,4.577376750838042,1.241117122072804,1.6279299590352607
40.0,-130.0,-0.27715969803767276,-1.007586388069224,0.22591851876680627,0.7288485302656893,1.293950225020639,2.7904462343329217,2.7904462343329217,4.456736590485298,0.9704094000207252,1.8200368343121969,2.871124842404488,2.871124842404488,4.5805207692304615,0.998466303138929,1.872658539265559,2.867878966426436,2.867878966426436,4.575608187801779,0.9973375128681655,1.87054145355827
40.0,-125.0,-0.2953610863451823,-1.0656700158575079,0.2018343335397029,0.6396546236672495,1.2933622422968183,2.7879108023455554,2.7879108023455554,4.452788746380168,0.7498075615036307,2.038103240841925,2.8685161048930508,2.8685161048930508,4.5765729251253315,0.7714863273007827,2.097029777592268,2.865273178155761,2.865273178155761,4.571660343696649,0.770614143374749,2.0946590347810123
40.0,-120.0,-0.3111119731926769,-1.11492818793403,0.17667324030777293,0.5474011124523209,1.2925621593829004,2.7844626270306634,2.7844626270306634,4.447413931780925,0.5514226952389917,2.2330399317916734,2.8649682344178036,2.8649682344178036,4.571198110526088,0.5673656705823559,2.2976025638354494,2.8617293186337753,2.8617293186337753,4.566285529097406,0.5667242499886861,2.2950050686450907
40.0,-115.0,-0.3244516456373846,-1.1556143334907303,0.15064840139813093,0.4528797514129664,1.291707539735568,2.7807817676502555,2.7807817676502555,4.441669073020721,0.37964940594340063,2.4011323617068556,2.8611809524130623,2.8611809524130623,4.565453251765883,0.39062599644346185,2.4705549559696016,2.857946318242811,2.857946318242811,4.5605406703372005,0.39018438432004177,2.46776193392277
40.0,-110.0,-0.33544621667499863,-1.1880521389771317,0.12394125283879215,0.3567635409726388,1.2909816836548427,2.777657406794997,2.777657406794997,4.436786793016455,0.23773049648917705,2.5399269103058217,2.8579662586634393,2.8579662586634393,4.560570971761616,0.24460386509844328,2.613362393564998,2.8547352587821138,2.8547352587821138,4.555658390332935,0.2443273345212508,2.6104079242608647
40.0,-105.0,-0.3441713471192348,-1.2125909545326135,0.09669873997536244,0.25960325221286823,1.2905716694800429,2.775893325908832,2.775893325908832,4.434027727124615,0.12790447814023487,2.647988847768596,2.8561511738952903,2.8561511738952903,4.557811905869778,0.13160250863281703,2.7245486652624717,2.8529222260111324,2.8529222260111324,4.552899324441096,0.13145372881832976,2.7214684971928014
40.0,-100.0,-0.35069480130970865,-1.2295630393281174,0.06903535940855515,0.16183435369556484,1.2906464853832682,2.7762151786057374,2.7762151786057374,4.434531243402421,0.05159251600161118,2.7246226626041268,2.856482332138839,2.856482332138839,4.558315422147583,0.05308418150181209,2.8033981506370274,2.853253009872289,2.853253009872289,4.553402840718901,0.05302416855252948,2.8002288413197602
40.0,-95.0,-0.35506125580334674,-1.2392459528625048,0.04104005970261214,0.06379384240248702,1.2913376660996203,2.779189471293149,2.779189471293149,4.439181558209465,0.009589675457379276,2.76959979583577,2.8595426188837827,2.8595426188837827,4.562965736954626,0.009866936369358242,2.849675682514425,2.8563098368891557,2.8563098368891557,4.558053155525944,0.00985578155948538,2.8464540553296707
40.0,-90.0,-0.3572815698149833,-1.241833086978053,0.01278721413873716,-0.03425446194248769,1.2927244165139369,2.785161745864577,2.785161745864577,4.448504215193342,0.0022280825223930083,2.7829336633421837,2.865687566482742,2.865687566482742,4.5722883939385035,0.002292501823637214,2.8633950646591044,2.862447837476441,2.862447837476441,4.567375812509823,0.002289910094956843,2.8601579273814832
40.0,-85.0,-0.35732811233562645,-1.2374146641611858,-0.01564985956492615,-0.13208843534195228,1.2948245841819537,2.794218677075934,2.794218677075934,4.462603912309506,0.029486426752309874,2.7647322503236245,2.8750063556702687,2.8750063556702687,4.586388091054669,0.030338951283372644,2.8446674043868962,2.8717560915477223,2.8717560915477223,4.581475509625986,0.030304652366197195,2.8414514391815255
40.0,-80.0,-0.35513683315138667,-1.2259705726880663,-0.04418484357935643,-0.22949284387056906,1.2975921089263123,2.806176024281442,2.806176024281442,4.481149097345428,0.0910299650663786,2.7151460592150634,2.8873094189540507,2.8873094189540507,4.6049332760905894,0.09366186342872579,2.793647555525325,2.8840452459213175,2.8840452459213175,4.600020694661908,0.09355597642998828,2.7904892694913292
40.0,-75.0,-0.35061572486868076,-1.2073753202178166,-0.07270597870882707,-0.32622432635288345,1.3009208357316238,2.820591917477444,2.820591917477444,4.503402570849165,0.18617639792672827,2.634415519550716,2.9021421107906615,2.9021421107906615,4.627186749594326,0.1915592117776811,2.7105828990129806,2.8988611690415658,2.8988611690415658,4.622274168165644,0.19134264946220786,2.7075185195793585
40.0,-70.0,-0.34365833200309204,-1.1814143549542895,-0.10106714987168232,-0.4219791769798184,1.304653947158003,2.836803037215301,2.836803037215301,4.5282918323327355,0.31379426493764195,2.5230087722776586,2.9188219335479992,2.9188219335479992,4.652076011077898,0.32286682265422567,2.5959551108937737,2.9155221348564235,2.9155221348564235,4.647163429649216,0.322501813913301,2.593020320943123
40.0,-65.0,-0.3341601979684971,-1.147810192536263,-0.12908382548741187,-0.5163665506570553,1.3085978467949608,2.85397997054473,2.85397997054473,4.554509208765878,0.47215062429224075,2.381829346252489,2.936495493923994,2.936495493923994,4.67829338751104,0.4858016506762432,2.450693843247751,2.93317571484556,2.93317571484556,4.673380806082358,0.48525244017702024,2.4479232746685398
40.0,-60.0,-0.3220357509640811,-1.1062562790976753,-0.15653433755923019,-0.6088891466038531,1.3125391314658428,2.871197309907647,2.871197309907647,4.580630384246499,0.6587328003304453,2.212464509577202,2.954210628570478,2.954210628570478,4.704414562991662,0.67777837260052,2.276432255969958,2.9508708221044677,2.9508708221044677,4.69950198156298,0.6770121277805193,2.2738586943239483
40.0,-55.0,-0.30723320871333126,-1.0564562907877149,-0.18316604700342248,-0.6989327949485958,1.316263268313274,2.8875136253127596,2.8875136253127596,4.605240422107408,0.8700742562212713,2.017439369091488,2.9709986884584416,2.9709986884584416,4.72902460085257,0.8952302255594932,2.0757684628989486,2.9676399026852613,2.9676399026852613,4.724112019423888,0.894218146167802,2.073421756517459
40.0,-50.0,-0.2897456324399451,-0.9981665064303046,-0.20870509447780708,-0.7857657600986672,1.319573625184184,2.902055883995298,2.902055883995298,4.627057712571624,1.1016167905804395,1.800439093414859,2.9859613993160803,2.9859613993160803,4.750841891316786,1.1334672194468973,1.852494179869183,2.9825856978368943,2.9825856978368943,4.745929309888105,1.132185807379691,1.8503998904572037
40.0,-45.0,-0.2696171700236685,-0.9312388545015368,-0.23286789466352348,-0.8685480172364407,1.322309471007177,2.914101908257798,2.914101908257798,4.645047352926338,1.3476401085038607,1.566461799753937,2.998355703526904,2.998355703526904,4.7688315316715,1.386603671678013,1.6117520318488907,2.9949659899874588,2.9949659899874588,4.763918950242818,1.3850360827377808,1.6099299072496782
40.0,-40.0,-0.2469445780592971,-0.8556621297588786,-0.2553724363086565,-0.9463502428437446,1.3243614190593962,2.923153080316613,2.923153080316613,4.658515591809029,1.6012853807614613,1.3218676995551506,3.0076685670507386,3.0076685670507386,4.782299770554191,1.647582447537258,1.3600861195134795,3.004268325094155,3.004268325094155,4.777387189125509,1.64571981578773,1.358548509306424
40.0,-35.0,-0.22187502976424725,-0.7715986885862683,-0.2759478270272006,-1.018181749122395,1.3256825949479416,2.9289882332705126,2.9289882332705126,4.667176269783036,1.8546917676204542,1.0742964656500584,3.013672428511691,3.013672428511691,4.790960448528199,1.908315431238249,1.1053569972734423,3.01026539904472,3.01026539904472,4.7860478670995175,1.906158034553396,1.1041073644913242
40.0,-30.0,-0.19460175829127271,-0.6794137550446346,-0.2943412542533595,-1.083026047064468,1.326293741012689,2.9316894111357517,2.9316894111357517,4.671179584060861,2.0992541977654122,0.8324352133703391,3.0164517040186767,3.0164517040186767,4.794963762806025,2.1599487578613155,0.8565029461573609,3.013041532513619,3.013041532513619,4.7900511813773425,2.1575068836232396,0.8555346488903793
40.0,-25.0,-0.16535912489248897,-0.5796944621300241,-0.31032239401112843,-1.1398821293045764,1.326280726898405,2.931631877645735,2.931631877645735,4.671094354287465,2.32599729649876,0.6056345811469734,3.016392507095108,3.016392507095108,4.7948785330326285,2.3932475527304864,0.6231449543646194,3.012982402513602,3.012982402513602,4.789965951603946,2.390541928570154,0.6224404739434465
40.0,-20.0,-0.13441826924393444,-0.4732560865415576,-0.32368602480993813,-1.1878089525460018,1.325783672007185,2.9294348934358485,2.9294348934358485,4.667838502746657,2.5260450726759758,0.4033898207598719,3.014132002712057,3.014132002712057,4.791622681491819,2.599079198143817,0.41505280456823945,3.0107244536853526,3.0107244536853526,4.786710100063138,2.596140876337077,0.4145835773482753
40.0,-15.0,-0.10208377078294609,-0.36113372228982,-0.33425398855761523,-1.2259700569304932,1.3249781020790483,2.9258760206599033,2.9258760206599033,4.6625591964164155,2.6911504478614785,0.234725572798425,3.010470234242107,3.010470234242107,4.786343375161579,2.768958172508981,0.2415120617331258,3.0070668249330974,3.0070668249330974,4.7814307937328975,2.765827798418785,0.24123902651431137
40.0,-10.0,-0.06869097996980246,-0.24455887251740324,-0.3418776002768159,-1.253674919008875,1.3240500704199745,2.9217788138366223,2.9217788138366223,4.6564733563451055,2.8142355260320633,0.10754328780455755,3.006254567174218,3.006254567174218,4.780257535090269,2.895601940561851,0.11065262661236501,3.0028559237786454,3.0028559237786454,4.775344953661586,2.8923283926331584,0.11052753114548565
40.0,-5.0,-0.03460311149912562,-0.12492197318449849,-0.34644120094330794,-1.2704136393202583,1.3231686194101318,2.9178899161431526,2.9178899161431526,4.6506890314570875,2.8898857847122383,0.02800413143091558,3.0022532319612645,3.0022532319612645,4.774473210202251,2.9734394327731644,0.028813799188101223,2.9988591121717914,2.9988591121717914,4.7695606287735695,2.970077887679587,0.028781224492205115
40.0,0.0,-0.00020698435755161268,-0.0037234358567708173,-0.34786693801882157,-1.2758820147880143,1.3224599158550012,2.9147650458481045,2.9147650458481045,4.646035527814264,2.914741868365639,2.3177482465772952e-05,2.9990380140427044,2.9990380140427044,4.769819706559425,2.999014166442678,2.3847600026518117e-05,2.995647529134742,2.995647529134742,4.764907125130744,2.9956237084950046,2.3820639738718352e-05
40.0,5.0,0.034093523947761016,0.11748289604289776,-0.3461202525267961,-1.2699949446271597,1.3219875142472257,2.912683026202504,2.912683026202504,4.642932249430339,2.887742615046325,0.024940411156178743,2.9968957981299558,2.9968957981299558,4.766716428175501,2.9712342988438367,0.025661499286118678,2.9935077350488224,2.9935077350488224,4.76180384674682,2.967875246707425,0.025632488341396448
40.0,10.0,0.0678867587614643,0.23714920484094854,-0.3412151255351364,-1.2528873503811673,1.321742347059718,2.9116027919607994,2.9116027919607994,4.641321271568464,2.810191252171754,0.1014115397890461,2.995784331681037,2.995784331681037,4.7651054503136265,2.891440736878027,0.10434359480301071,2.992397525139568,2.992397525139568,4.760192868884944,2.8881718932906,0.10422563184896826
40.0,15.0,0.10076513417834276,0.3537912911505189,-0.33321798497247573,-1.2249031366004108,1.3216443581851258,2.911171097983854,2.911171097983854,4.640677309374687,2.6856399280273515,0.22553116995650105,2.995340156378078,2.995340156378078,4.76446148811985,2.763288330103253,0.2320518262748236,2.991953851987517,2.991953851987517,4.759548906691168,2.7601643659068356,0.23178948608067934
40.0,20.0,0.1323387881620371,0.46604007388779023,-0.32224929378154676,-1.1865739114488156,1.3215555833922312,2.9107800246515327,2.9107800246515327,4.640093858957724,2.5196110647019716,0.39116895994956224,2.9949377761616756,2.9949377761616756,4.763878037702886,2.5924591673031916,0.4024786088584857,2.9915519266716677,2.9915519266716677,4.758965456274204,2.589528329601204,0.40202359707046476
40.0,25.0,0.16224987661785373,0.5726838155082757,-0.30848215486395425,-1.1385899894456848,1.3213024555123853,2.909665082498358,2.909665082498358,4.638430023213983,2.3191927018133467,0.5904723806850103,2.993790598310894,2.993790598310894,4.762214201959146,2.3862462206125596,0.6075443776983335,2.9904060457331525,2.9904060457331525,4.7573016205304635,2.3835485116272834,0.6068575341058686
40.0,30.0,0.1901861516199051,0.6726991645833605,-0.2921376668085073,-1.0817664799784956,1.3207036275684731,2.907028299501018,2.907028299501018,4.6344925958512,2.0925559239004357,0.8144723756005823,2.9910775794845343,2.9910775794845343,4.758276774596364,2.153056820558119,0.8380207589264144,2.9876960940401007,2.9876960940401007,4.75336419316768,2.150622737821619,0.8370733562184812
40.0,35.0,0.215892504695554,0.7652703222951225,-0.273477149408047,-1.0170070443640278,1.3195989236521097,2.9021671597438705,2.9021671597438705,4.627224234234269,1.8484449182029563,1.053722241540916,2.9860758923180066,2.9860758923180066,4.751008412979432,1.9018879701645812,1.0841879221534274,2.9827000614017174,2.9827000614017174,4.746095831550751,1.8997378398797085,1.0829622215220103
40.0,40.0,0.23917935446382138,0.8497965631413135,-0.25279167421874155,-0.9452673484781172,1.3178751659325263,2.894590061049914,2.894590061049914,4.6158706656771535,1.5956857248451677,1.2989043362047457,2.9782797212160856,2.9782797212160856,4.739654844422315,1.641820891907776,1.336458829308309,2.9749127040595207,2.9749127040595207,4.734742262993634,1.6399647737360403,1.3349479303234795
40.0,45.0,0.25992704864032457,0.9258888666483087,-0.23038957476671626,-0.8675196065834242,1.3154854191385044,2.884101866449482,2.884101866449482,4.600105955951075,1.3427510726142389,1.541350793835243,2.967488287323266,2.967488287323266,4.723890134696237,1.3815732818337676,1.585915005489498,2.964133470143352,2.964133470143352,4.718977553267555,1.380011379870749,1.5841220902726034
40.0,50.0,0.2780857800923843,0.9933565902405223,-0.20658279426353787,-0.7847191616647495,1.3124593822413801,2.870848415467811,2.870848415467811,4.580102617880918,1.097408501999126,1.7734399134686856,2.9538516467412403,2.9538516467412403,4.703886796626081,1.1291372589763617,1.8247143877648788,2.9505122461128583,2.9505122461128583,4.698974215197399,1.1278607420340452,1.8226515040788136
40.0,55.0,0.29367086227325084,1.0521851015420924,-0.18167307643373998,-0.6977739349360998,1.3089039820523758,2.8553154550755218,2.8553154550755218,4.556540960601193,0.8664688717401838,1.988846583335338,2.9378695905705543,2.9378695905705543,4.6803251393463565,0.8915206006175365,2.046348989953018,2.934548258042674,2.934548258042674,4.675412557917674,0.8905127150464376,2.0440355429962365
40.0,60.0,0.30675357148963633,1.1025053107029015,-0.15593911381992004,-0.6075177990901104,1.3049944816664867,2.8382841278971873,2.8382841278971873,4.530558685708661,0.6556426927025121,2.182641435194676,2.9203458461746963,2.9203458461746963,4.654342864453823,0.6745989224225867,2.2457469237521104,2.917044324663091,2.917044324663091,4.649430283025142,0.6738362720478026,2.2432080526152887
40.0,65.0,0.31744814490253653,1.144556280170177,-0.12962580488130154,-0.5146893281462808,1.3009574770060126,2.820750807296116,2.820750807296116,4.50364721108772,0.46950219528493786,2.351248612011178,2.902305594501611,2.902305594501611,4.627431389832882,0.4830766491253605,2.4192289453762506,2.8990244679302326,2.8990244679302326,4.622518808404201,0.48253051930620544,2.4164939486240264
40.0,70.0,0.3258959072697035,1.1786426094032074,-0.10293669024149313,-0.4199177042446736,1.2970479496194176,2.8038229171586817,2.8038229171586817,4.477505811457704,0.31153739468786085,2.4922855224708202,2.884888277763846,2.884888277763846,4.601289990202867,0.3205447007797725,2.564343576984073,2.881626841889703,2.881626841889703,4.596377408774185,0.32018231725371105,2.5614445246359923
40.0,75.0,0.33224784154092357,1.2050890253021644,-0.07603040809148677,-0.32371757929014205,1.2935230501264174,2.7886041050274666,2.7886041050274666,4.453868623456067,0.18428514856889378,2.6043189564585734,2.869229452646843,2.869229452646843,4.5776528022012295,0.18961328178711165,2.679616170859732,2.8659857194526888,2.8659857194526888,4.572740220772547,0.18939891939249104,2.676586800060199
40.0,80.0,0.336647156450947,1.224195371335503,-0.04902163474460289,-0.22649425318271346,1.2906155053088455,2.776081902264647,2.776081902264647,4.434322748868818,0.08950250373180851,2.6865793985328383,2.856345202453593,2.856345202453593,4.558106927613981,0.09209023946065287,2.76425496299294,2.8531160352154643,2.8531160352154643,4.553194346185299,0.09198612922076928,2.7611299059946948
40.0,85.0,0.3392134820056159,1.236195743567436,-0.021986505165180754,-0.12855963868029718,1.2885094838205915,2.7670292944558867,2.7670292944558867,4.420137570279039,0.028350977254971516,2.7386783172009155,2.8470308616687796,2.8470308616687796,4.543921749024201,0.02917067317107883,2.8178601884977006,2.843812224517869,2.843812224517869,4.539009167595519,0.029137695020525708,2.8146745294973434
40.0,90.0,0.3400302123756778,1.241225658289497,0.00502798926292489,-0.03015827191240017,1.287321437002124,2.7619290683952693,2.7619290683952693,4.4121252087545395,0.0015579666969999402,2.760371101698271,2.841783175630486,2.841783175630486,4.535909387499702,0.0016030113149500364,2.8401801643155373,2.8385704711153843,2.8385704711153843,4.53099680607102,0.0016011990719423845,2.836969272043443
40.0,95.0,0.33913622170213253,1.239300730786866,0.03199158154605596,0.06849867405208793,1.2870878788318885,2.7609269681217716,2.7609269681217716,4.4105491885903625,0.009525658311973249,2.7514013098097987,2.8407521021934063,2.8407521021934063,4.534333367335525,0.00980106833210541,2.830951033861301,2.837540563331728,2.837540563331728,4.529420785906843,0.009789987987639515,2.827750575344089
40.0,100.0,0.3365227370399767,1.2303093988429683,0.0588765979768853,0.16719455258154614,1.2877613294506474,2.763816956357148,2.763816956357148,4.415092769523797,0.052366219969755955,2.7114507363873916,2.8437256470389425,2.8437256470389425,4.53887694826896,0.053880255139166534,2.7898453918997754,2.8405107465129986,2.8405107465129986,4.533964366840277,0.053819342209410016,2.7866914043035886
40.0,105.0,0.33213561647241047,1.2140208604917302,0.08564364057479461,0.26566752121875636,1.2892147929806002,2.770059377310554,2.770059377310554,4.424890784369909,0.12985371576646582,2.6402056615440883,2.850148551610818,2.850148551610818,4.5486749631150705,0.13360810347408766,2.7165404481367306,2.8469263898361294,2.8469263898361294,4.543762381686389,0.133457056286193,2.7134693335499365
40.0,110.0,0.3258827113082385,1.190107821898981,0.11222865718441549,0.3635741172457035,1.2912542660139228,2.7788304991027752,2.7788304991027752,4.438620568351626,0.24129666564316993,2.537533833459606,2.859173267931655,2.859173267931655,4.562404747096788,0.24827314090253105,2.6109001270291246,2.8559409034971996,2.8559409034971996,4.557492165668107,0.2479924621204213,2.607948441376779
40.0,115.0,0.3176454594743122,1.158182108588004,0.1385328319372914,0.46046001878570664,1.2936379744745827,2.789099639677038,2.789099639677038,4.454640295722351,0.38534887890400843,2.403750760773029,2.869739314412015,2.869739314412015,4.578424474467512,0.3964902550715181,2.4732490593404974,2.866495004806822,2.866495004806822,4.573511893038832,0.3960420132620847,2.4704529915447373
40.0,120.0,0.3072934378402471,1.117839900892826,0.16441639314407264,0.5557411025390742,1.2961003913098756,2.7997277482066143,2.7997277482066143,4.471158016278597,0.5597883508699993,2.2399393973366153,2.880674707486999,2.880674707486999,4.59494219502376,0.5759731977261029,2.3047015097608963,2.8774180351558214,2.8774180351558214,4.590029613595078,0.5753220461151072,2.3020959890407147
40.0,125.0,0.2947003604107901,1.0687124741134972,0.1896969392396238,0.648696780242767,1.2983786413085576,2.809578969208512,2.809578969208512,4.486412433750414,0.7613028001527348,2.048276169055777,2.8908107513206214,2.8908107513206214,4.610196612495576,0.7833139213424579,2.1074968299781633,2.887542619947083,2.887542619947083,4.605284031066894,0.7824283660356987,2.105114253911384
40.0,130.0,0.2797599815760153,1.0105179423681945,0.21415230590878648,0.7384762846722128,1.3002386674333246,2.8176346062292206,2.8176346062292206,4.498846726671023,0.9853241752372696,1.8323104309919505,2.899099296459739,2.899099296459739,4.6226309054161865,1.0138123008923445,1.8852869955673943,2.8958217946857348,2.8958217946857348,4.6177183239875035,1.0126661616004826,1.8831556330852521
40.0,135.0,0.26240053374156413,0.9431096318010197,0.23752744978626428,0.8241172707681818,1.3014985144379059,2.823097462188096,2.823097462188096,4.507258716148047,1.2259520599806912,1.5971454022074045,2.9047200969113036,2.9047200969113036,4.63104289489321,1.26139732480779,1.6433227721035133,2.9014362406866354,2.9014362406866354,4.626130313464529,1.259971284666692,1.6414649560199428
40.0,140.0,0.24259663422567412,0.866517278498758,0.2595444113361456,0.9045749789457226,1.3020462798476098,2.825474292493668,2.825474292493668,4.510913602345422,1.475997216826848,1.3494770756668206,2.9071656471794096,2.9071656471794096,4.634697781090584,1.5186718971363804,1.3884937500430297,2.903879026201097,2.903879026201097,4.629785199661901,1.5169550018775413,1.3869240243235565
40.0,145.0,0.22037795406702684,0.7809781304842263,0.2799142026141687,0.9787594158541594,1.3018506972313326,2.824625517517882,2.824625517517882,4.509608781887272,1.7271625678617486,1.097462949656134,2.9062923320484435,2.9062923320484435,4.6333929606324356,1.7770990512004823,1.1291932808479614,2.9030066983739795,2.9030066983739795,4.628480379203753,1.7750899978024135,1.127916700571566
40.0,150.0,0.1958342836654635,0.6869560637111277,0.29834944358092813,1.0455776077500407,1.3009629604418413,2.820774585842166,2.820774585842166,4.503683821368158,1.9703617872502035,0.8504127985919616,2.902330060543436,2.902330060543436,4.62746800011332,2.027329753318452,0.8750003072249838,2.899048906312606,2.899048906312606,4.622555418684638,2.0250378080680402,0.8740110982445648
40.0,155.0,0.1691169280299773,0.585147832724391,0.3145766932707116,1.1039779447925757,1.2995092612313015,2.8144742269134526,2.8144742269134526,4.493972760338766,2.196157924738137,0.6183163021753157,2.895847542868045,2.895847542868045,4.617756939083929,2.2596542079824435,0.6361933348856011,2.892573717280013,2.892573717280013,4.612844357655246,2.25709961432491,0.6354741029551035
40.0,160.0,0.14043662296041087,0.4764764480610222,0.3283476230042079,1.152993854115665,1.2976745507970717,2.806532613611432,2.806532613611432,4.4817009335034035,2.3952885511067006,0.4112440625047309,2.887676318151489,2.887676318151489,4.605485112248566,2.46454218654872,0.42313413160276875,2.8844117303303514,2.8844117303303514,4.600572530819884,2.46175596208294,0.4226557682474111
40.0,165.0,0.11005839498814558,0.3620723611786233,0.33944840662009373,1.1917843785104425,1.2956791542103594,2.797908201576251,2.797908201576251,4.468334613341881,2.5592317495158556,0.23867645206039576,2.878802553324674,2.878802553324674,4.592118792087042,2.6332253827717413,0.24557717055293318,2.8755479975089937,2.8755479975089937,4.587206210658362,2.6302484578785768,0.24529953963041698
40.0,170.0,0.07829398412166855,0.24324367271068206,0.34770693345117243,1.2196695886419031,1.2937509224311117,2.789586695350199,2.789586695350199,4.455398630495335,2.6807602054313375,0.1088264899188619,2.8702404520528857,2.8702404520528857,4.579182809240498,2.758267522822654,0.1119729292302314,2.866995575899485,2.866995575899485,4.574270227811816,2.7551492347701307,0.11184634112935447
40.0,175.0,0.04549257382592636,0.12143702671015574,0.35299767814474536,1.236159081662065,1.2920964212011004,2.782456383982774,2.782456383982774,4.444283653359226,2.75442950138822,0.028026882594553704,2.8629039859890666,2.8629039859890666,4.568067832104388,2.8340667778456834,0.028837208143382764,2.8596674038877428,2.8596674038877428,4.563155250675706,2.830862796904645,0.028804606983097333
40.0,180.0,0.012030583695359346,-0.0018087336097327865,0.3552442822362987,1.2409721474330433,1.2908750432274552,2.777198533764283,2.777198533764283,4.436069272966541,2.7769518621401064,0.0002466716241767054,2.8574941184939635,2.8574941184939635,4.559853451711704,2.857240314991363,0.00025380350259975856,2.854263652378502,2.854263652378502,4.554940870283021,2.854010135806892,0.0002535165716101802
45.0,-180.0,0.012596326088499615,-0.001776354285774143,0.33759953407616106,1.1369787463043572,1.1861095808658428,2.344704657251975,2.344704657251975,3.700881460687242,2.344434958830032,0.0002696984219435123,2.4124957889206455,2.4124957889206455,3.824665639432405,2.4122182928593805,0.00027749606126506053,2.4097684041644145,2.4097684041644145,3.819753058003723,2.409491221819149,0.00027718234526568584
45.0,-175.0,-0.020458083205836773,-0.11806598210665172,0.33654573917725866,1.1302670310837761,1.185379561749133,2.3418193378788548,2.3418193378788548,3.6955338792307115,2.317889719473544,0.023929618405310698,2.409527047925563,2.409527047925563,3.819318057975873,2.3849055658746208,0.02462148205094217,2.4068030194027283,2.4068030194027283,3.8144054765471918,2.3822093725319053,0.024593646870822914
45.0,-170.0,-0.053354128172947164,-0.2325902067316321,0.33254340688705863,1.1125798722286164,1.18548047508715,2.3422180808186455,2.3422180808186455,3.6962732920209507,2.2473122046141816,0.09490587620446522,2.409937319496497,2.409937319496497,3.8200574707661135,2.312287482883199,0.09764983661329892,2.4072128271517426,2.4072128271517426,3.815144889337432,2.3096733860371854,0.09753944111455828
45.0,-165.0,-0.085681169247626,-0.34381464710416687,0.3256781131981139,1.084306743532958,1.186312404813477,2.3455066116796384,2.3455066116796384,3.7023666150485104,2.136261917416737,0.20924469426290163,2.4133209298072216,2.4133209298072216,3.8261507937936727,2.1980264609699938,0.21529446883722772,2.4105926122092893,2.4105926122092893,3.8212382123649915,2.195541538968897,0.2150510732403922
45.0,-160.0,-0.11704562175097008,-0.45033047263250026,0.31607604614462126,1.0460353854633513,1.1876831676589346,2.3509301254499437,2.3509301254499437,3.71239721178327,1.990109939125854,0.3608201863240896,2.4189012505915666,2.4189012505915666,3.8361813905284325,2.047648872441459,0.3712523781501076,2.416166624306211,2.416166624306211,3.8312688090997504,2.045333955936129,0.3708326683700818
45.0,-155.0,-0.14708086283405297,-0.5509007142363345,0.3038993034710764,0.9985236904957268,1.1893396168838926,2.3574923334322078,2.3574923334322078,3.724502890855055,1.815631137260916,0.5418611961712917,2.425653188015442,2.425653188015442,3.8482870696002176,1.8681254627646013,0.5575277252508404,2.422910928501755,2.422910928501755,3.8433744881715355,1.8660135018097799,0.5568974266919751
45.0,-150.0,-0.17545737168257458,-0.6444964571473842,0.2893413075728761,0.9426651293590547,1.1910066796331549,2.364105822026521,2.364105822026521,3.7366691251953204,1.6205217192722052,0.7435841027543153,2.4324578886989614,2.4324578886989614,3.8604533039404827,1.6673749555223845,0.765082933176577,2.4297079363068046,2.4297079363068046,3.8555407225118015,1.6654899478645482,0.7642179884422562
45.0,-145.0,-0.201892963475295,-0.7303210479604318,0.2726220284092306,0.8794497598716344,1.1924278813861653,2.369751257985675,2.369751257985675,3.747027624853752,1.4128911310853218,0.9568601269003536,2.438266547984026,2.438266547984026,3.8708118035989147,1.4537412605055269,0.9845252874784993,2.435510028762256,2.435510028762256,3.865899222170233,1.452097770899611,0.9834122578626449
45.0,-140.0,-0.2261624000747266,-0.8078212712215943,0.2539823764001839,0.809922815719231,1.1934012956210855,2.3736218336033974,2.3736218336033974,3.754115281562175,1.2007750690679375,1.1728467645354599,2.4422490313853253,2.4422490313853253,3.8778994603073373,1.2354924056671854,1.20675662571814,2.4394880098698843,2.4394880098698843,3.8729868788786552,1.2340956516628339,1.2053923582070505
45.0,-135.0,-0.24810510235436922,-0.8766852414403322,0.23367704390433028,0.7351427544689,1.1938060917374953,2.375232349460216,2.375232349460216,3.7570609949889784,0.9917096867115077,1.383522662748708,2.4439061111845004,2.4439061111845004,3.8808451737341403,1.0203824330810862,1.4235236781034142,2.4411432163003246,2.4411432163003246,3.8759325923054586,1.0192288660961024,1.421914350204222
45.0,-130.0,-0.2676293421674459,-0.9368274495046354,0.21196534140088413,0.65614058873663,1.1936167362588315,2.3744789145565126,2.3744789145565126,3.7556831738722503,0.7923976287344606,1.5820812858220517,2.4431308926396875,2.4431308926396875,3.8794673526174117,0.8153077772759137,1.6278231153637737,2.4403688741588,2.4403688741588,3.87455477118873,0.8143860521423028,1.6259828220164971
45.0,-125.0,-0.2847113225805366,-0.9883619972875821,0.1891001815227365,0.5738823990537644,1.1929039615507584,2.371643895357511,2.371643895357511,3.7504947984763075,0.6084854756261626,1.763158419731347,2.4402139061194674,2.4402139061194674,3.8742789772214685,0.6260782751581053,1.814135630961361,2.4374551853622926,2.4374551853622926,3.8693663957927877,0.6253704785469296,1.8120847068153616
45.0,-120.0,-0.29938805072556585,-1.0315656013535652,0.1653161564259412,0.48923709033676455,1.1918234588016072,2.367349488973723,2.367349488973723,3.7426237703706295,0.44446013248297556,1.9228893564907474,2.4357953379706996,2.4357953379706996,3.866407949115791,0.4573105591963942,1.9784847787743054,2.433041612511534,2.433041612511534,3.8614953676871093,0.45679355856420917,1.976248053947325
45.0,-115.0,-0.3117438317071095,-1.0668325095185849,0.14081837111938056,0.4029515706106066,1.1905946421328386,2.3624703454645832,2.3624703454645832,3.7336636580270834,0.30365914923598664,2.0588111962285978,2.4307751265197894,2.4307751265197894,3.857447836772246,0.3124386760324999,2.118336450487291,2.428027076530918,2.428027076530918,3.8525352553435646,0.31208545656319286,2.1159416199677263
45.0,-110.0,-0.3218913884432619,-1.0946240814994794,0.1157740639887799,0.31563543124610555,1.1894727004445722,2.35801995569087,2.35801995569087,3.7254747616609105,0.18837782757302693,2.1696421281178426,2.4261960651207635,2.4261960651207635,3.849258940406073,0.19382429012555505,2.2323717749952077,2.4234531918713977,2.4234531918713977,3.844346358977391,0.19360516708430311,2.2298480247870938
45.0,-105.0,-0.3299497613522062,-1.115416394834819,0.09030889156997202,0.22775676286789395,1.1887175517385709,2.3550268807190693,2.3550268807190693,3.7199586861197895,0.10004570789485423,2.254981172824215,2.423116453049768,2.423116453049768,3.8437428648649528,0.10293827337674065,2.320178179673027,2.4203770613762274,2.4203770613762274,3.83883028343627,0.10282189917251205,2.317555162203715
45.0,-100.0,-0.33602196349116814,-1.129649726765545,0.06450907717101288,0.1396499162916123,1.1885633282613257,2.3544158409084432,2.3544158409084432,3.7188317110819638,0.03943827113291022,2.314977569775534,2.422487746587554,2.422487746587554,3.842615889827127,0.040578527763051986,2.381909218824503,2.419749065681853,2.419749065681853,3.837703308398445,0.040532652757358914,2.3792164129244955
45.0,-95.0,-0.34017564090538693,-1.1376839552421365,0.038429593457430286,0.051534894831758896,1.1891917119284872,2.356906019628366,2.356906019628366,3.7234226560852473,0.006887636131238787,2.3500183834971278,2.4250499224491877,2.4250499224491877,3.847206834830409,0.0070867744945352276,2.4179631479546537,2.422308344941794,2.422308344941794,3.842294253401727,0.007078762724808619,2.4152295822169862
45.0,-90.0,-0.3424296433473469,-1.139763650562771,0.01210743486042664,-0.03645317661619665,1.1907118307346563,2.3629354378008536,2.3629354378008536,3.7345185561887826,0.0024589821757927573,2.360476455625061,2.431253665810118,2.431253665810118,3.8583027349339454,0.0025300773493083214,2.4287235884608096,2.4285050748210213,2.4285050748210213,3.8533901535052637,0.0025272170357582293,2.425977857785263
45.0,-85.0,-0.34274853154306867,-1.135995817154137,-0.014421904234859721,-0.12422718594211564,1.1931485395856973,2.372616499163828,2.372616499163828,3.7522754615805787,0.026066694307057308,2.3465498048567706,2.4412146302745428,2.4412146302745428,3.8760596403257415,0.026820346030514777,2.4143942842440276,2.4384547781745405,2.4384547781745405,3.87114705889706,0.02679002498155941,2.411664753192981
45.0,-80.0,-0.34104582291758884,-1.126341971221197,-0.0411072194706949,-0.21170724094421733,1.1964398224836936,2.3857242092069373,2.3857242092069373,3.77620237598234,0.07751443943140383,2.308209769775533,2.4547013161919304,2.4547013161919304,3.899986554727502,0.0797555709758245,2.374945745216105,2.4519262170677667,2.4519262170677667,3.89507397329882,0.07966540537657124,2.372260811691195
45.0,-75.0,-0.3371954321312946,-1.1106247434290584,-0.06786629225686522,-0.298779729377747,1.2004429351197023,2.401715485223617,2.401715485223617,3.8052155822260887,0.15645491458350536,2.245260570640112,2.4711549390097924,2.4711549390097924,3.9289997609712515,0.16097840784391948,2.310176531165873,2.4683612386676432,2.4683612386676432,3.9240871795425694,0.1607964178658842,2.307564820801759
45.0,-70.0,-0.3310495078161807,-1.0885478046732884,-0.0945748599653056,-0.38525982797741426,1.204947981812914,2.4197757237344404,2.4197757237344404,3.8377511537784796,0.2622763863236807,2.15749933741076,2.4897373430748435,2.4897373430748435,3.9615353325236424,0.2698594364890223,2.219877906585821,2.4869226348760947,2.4869226348760947,3.9566227510949603,0.26955435387839743,2.2173682809976976
45.0,-65.0,-0.32245989219225557,-1.059726919162693,-0.12106156000087785,-0.47086048535358616,1.209697079126818,2.438887580764636,2.438887580764636,3.871917822002425,0.39393321591907476,2.044954364845561,2.5094017705161398,2.5094017705161398,3.995702000747588,0.40532278621162127,2.1040789843045182,2.506564831207231,2.506564831207231,3.9907894193189053,0.40486455901240975,2.101700272194821
45.0,-60.0,-0.31129990771079386,-1.0237294670619614,-0.14710954894149453,-0.555170127979649,1.2144071576956494,2.4579166681473614,2.4579166681473614,3.905671547191687,0.5497455324777991,1.9081711356695628,2.5289810352375364,2.5289810352375364,4.02945572593685,0.5656400169542125,1.9633410182833242,2.5261219610969796,2.5261219610969796,4.024543144508168,0.5650005472536476,1.9611214138433328
45.0,-55.0,-0.2974832418131229,-0.9801197736934857,-0.1724643116961021,-0.6376405389403385,1.2187946691931133,2.475709083959371,2.475709083959371,3.936996101970172,0.7271985273763742,1.748510556582996,2.5472878731961837,2.5472878731961837,4.060780280715334,0.7482236108410065,1.7990642623551762,2.544408102733166,2.544408102733166,4.055867699286652,0.7473777259777741,1.7970303767553915
45.0,-50.0,-0.28097740676423044,-0.9285077937841061,-0.19684603235755582,-0.717585651428343,1.2226007336087,2.4911955660568506,2.4911955660568506,3.9640782224766555,0.9227741395951532,1.5684214264616965,2.5632221072711703,2.5632221072711703,4.087862401221818,0.9494537911257879,1.613768316145382,2.560324322771686,2.560324322771686,4.082949819793137,0.9483804106836106,1.6119439120880745
45.0,-45.0,-0.2618104935492304,-0.8685988416267285,-0.21996408703174702,-0.7941914124345335,1.225615307254383,2.5034958222001658,2.5034958222001658,3.985468709907984,1.1318469999908298,1.3716488222093355,2.5758779938266962,2.5758779938266962,4.109252888653146,1.1645714579594915,1.4113065358672041,2.572965901541794,2.572965901541794,4.104340307224464,1.163254881799414,1.40971101974238
45.0,-40.0,-0.24007143791253338,-0.80024193362604,-0.2415309926455642,-0.8665363686578688,1.2276986382048536,2.5120140629744574,2.5120140629744574,4.0002206637690625,1.3486723908587959,1.1633416721156624,2.5846425177224583,2.5846425177224583,4.124004842514225,1.3876657998341348,1.1969767178883244,2.5817205169316106,2.5817205169316106,4.119092261085543,1.3860970101323697,1.195623506799242
45.0,-35.0,-0.2159053731091943,-0.723473898396731,-0.2612736067234258,-0.933622137578677,1.2287977071699105,2.5165137217932005,2.5165137217932005,4.00799302816934,1.5664867505700175,0.9500269712231835,2.5892722726548008,2.5892722726548008,4.131777206914503,1.611777704053933,0.9774945686008679,2.5863450378141835,2.5863450378141835,4.126864625485821,1.6099555504316725,0.9763894873825112
45.0,-30.0,-0.18950646725858894,-0.6385558822044521,-0.27894040089008376,-0.9944123848285688,1.2289548625478068,2.5171574550172116,2.5171574550172116,4.009103826943077,1.7777310155163675,0.7394264395008443,2.5899346177767377,2.5899346177767377,4.1328880056882396,1.8291295560411232,0.7608050617356151,2.5870066341389633,2.5870066341389633,4.127975424259557,1.8270616809006859,0.7599449532382778
45.0,-25.0,-0.1611107009000019,-0.5459985351626843,-0.2943049035315288,-1.0478782946120653,1.2283058881671456,2.5144996855088233,2.5144996855088233,4.00451585639272,1.9743939793361531,0.5401057061726687,2.587200005668097,2.587200005668097,4.128300035137881,2.031478525914346,0.5557214797537491,2.584275113575358,2.584275113575358,4.1233874537092,2.0291818903763135,0.5550932231990429
45.0,-20.0,-0.13099035388439695,-0.44657232699194277,-0.30716651470930567,-1.0930478068497964,1.2270656428502795,2.5094243666745526,2.5094243666745526,3.9957411070511046,2.1484573439876686,0.3609670226868846,2.5819779469848263,2.5819779469848263,4.119525285796267,2.2105744870744606,0.3714034599103659,2.579058958555552,2.579058958555552,4.114612704367585,2.2080753792267918,0.3709835793287612
45.0,-15.0,-0.09945080967121657,-0.34130032539828864,-0.31735049600409143,-1.1290551957186774,1.2255012639547223,2.5030299441397745,2.5030299441397745,3.984660451722988,2.2924076134423483,0.21062233069742708,2.5753986460950453,2.5753986460950453,4.108444630468151,2.358686709993156,0.2167119361018902,2.5724870957243313,2.5724870957243313,4.103532049039469,2.356020157700255,0.21646693802407715
45.0,-10.0,-0.06682906219721105,-0.23143238533496124,-0.32470887887739136,-1.1551870544299794,1.2238954445868377,2.4964746174536514,2.4964746174536514,3.973271547869404,2.399765108282095,0.09670950917155656,2.5686537889223704,2.5686537889223704,4.097055726614568,2.4691481719128463,0.09950561700952418,2.5657498637755927,2.5657498637755927,4.092143145185886,2.466356740269368,0.0993931235062246
45.0,-5.0,-0.03349242612014031,-0.11840181468864,-0.329123402472259,-1.170920646992738,1.2225048498626845,2.490804832124277,2.490804832124277,3.9633969957500623,2.4655708727318735,0.02523395939240361,2.5628200762673905,2.5628200762673905,4.087181174495225,2.5368565415494118,0.025963534717978815,2.559922746273666,2.559922746273666,4.082268593066543,2.5339885639587596,0.02593418231490607
45.0,0.0,0.0001643455160206008,-0.003767785542245475,-0.33051065487400894,-1.1759510648735962,1.2215205373549525,2.4867954519852193,2.4867954519852193,3.956400644305846,2.4867717471814483,2.3704803771281417e-05,2.558694775167424,2.558694775167424,4.080184823051009,2.558670384999947,2.4390167477396248e-05,2.5558021089262275,2.5558021089262275,4.075272241622327,2.555777746332424,2.436259380398912e-05
45.0,5.0,0.03372501229237164,0.1108514286419172,-0.32882868766944684,-1.170204729193376,1.2210376037399617,2.4848295092462096,2.4848295092462096,3.9529659599342386,2.4624543435747173,0.02237516567149145,2.5566719922278107,2.5566719922278107,4.0767501386794,2.533649905931389,0.023022086296420875,2.5537816127915822,2.5537816127915822,4.071837557250719,2.5307855535197503,0.022996059271830883
45.0,10.0,0.06676157693510307,0.223848285182186,-0.32408377794977716,-1.1538383689508394,1.22103990095623,2.4848388589928914,2.4848388589928914,3.952982301239494,2.3938990632289845,0.09093979576390797,2.556681612298479,2.556681612298479,4.076766479984657,2.4631125251867316,0.09356908711174809,2.5537912219865277,2.5537912219865277,4.071853898555975,2.460327916987651,0.09346330499887766
45.0,15.0,0.09884757785885354,0.3336927274596105,-0.31633585067244185,-1.1272243772831843,1.2214028193721007,2.4863161699269782,2.4863161699269782,3.9555635444390473,2.2844514589966995,0.20186471093027794,2.558201635895646,2.558201635895646,4.07934772318421,2.350500523713036,0.20770111218260928,2.555309527160306,2.555309527160306,4.074435141755528,2.347843226101438,0.20746630105886735
45.0,20.0,0.1295739141993298,0.4389906114072353,-0.30570130549449626,-1.0909250087466642,1.221913589021164,2.4883960740337647,2.4883960740337647,3.959195074806235,2.139234039733922,0.34916203429984205,2.5603416751041927,2.5603416751041927,4.082979253551398,2.201084514594014,0.3592571605101781,2.5574471470028413,2.5574471470028413,4.0780666721227155,2.1985961353894368,0.35885101161340394
45.0,25.0,0.15856566212298637,0.5385301171284952,-0.29235245596096,-1.0456588698974814,1.2223052756822308,2.489991649653502,2.489991649653502,3.961978906638139,1.9647410969824664,0.5252505526710358,2.5619833827075853,2.5619833827075853,4.085763085383301,2.0215465551831118,0.5404368275244736,2.5590869986161375,2.5590869986161375,4.080850503954619,2.019261147977869,0.5398258506382692
45.0,30.0,0.18549817946639402,0.6313142935938477,-0.27651329591188994,-0.9922633620065779,1.2222984473024168,2.489963829171068,2.489963829171068,3.961930382983434,1.7683686428312055,0.7215951863398629,2.561954757867135,2.561954757867135,4.085714561728596,1.8194964943216436,0.7424582635454912,2.5590584061367605,2.5590584061367605,4.080801980299914,1.8174395095901392,0.7416188965466217
45.0,35.0,0.2101109176861301,0.7165795524260276,-0.2584517228004676,-0.9316561798182669,1.2216437218346803,2.487297040031856,2.487297040031856,3.957276530397352,1.5579308472474338,0.9293661927844229,2.5592108653481387,2.5592108653481387,4.081060709142515,1.6029744286937277,0.9562364366544119,2.556317615654528,2.556317615654528,4.076148127713833,1.6011622273868795,0.9551553882676495
45.0,40.0,0.23221764220568292,0.7938010824622102,-0.23846863186915213,-0.8647979183590231,1.2201589731888989,2.481254743641715,2.481254743641715,3.9467135438848064,1.3412062823677602,1.140048461273955,2.5529938714288662,2.5529938714288662,4.070497722629969,1.3799838279326682,1.1730100434961983,2.550107650197035,2.550107650197035,4.0655851412012876,1.3784237228856733,1.1716839273113617
45.0,45.0,0.251712092022253,0.8626866435165621,-0.21688449582706182,-0.7926567190108305,1.2177564538507955,2.471493075354238,2.471493075354238,3.929593979893278,1.1255460810259463,1.3459469943282916,2.5429499694971067,2.5429499694971067,4.053378158638441,1.1580883640559174,1.3848616054411889,2.5400751031389905,2.5400751031389905,4.048465577209759,1.156779117190078,1.383295985948912
45.0,50.0,0.2685684330551784,0.9231600980733998,-0.1940242405188207,-0.7161751333693495,1.2144569969637105,2.458118418080462,2.458118418080462,3.906028008775798,0.9175654289322569,1.5405529891482048,2.5291886182533823,2.5291886182533823,4.029812187520961,0.9440944839307099,1.585094134322672,2.5263293094352126,2.5263293094352126,4.024899606092279,0.9430271623147553,1.5833021471204574
45.0,55.0,0.2828361904339935,0.9753356416383312,-0.1702014637762857,-0.636239272447881,1.2103903810531003,2.441683933714951,2.441683933714951,3.8768944555178413,0.722931218523078,1.7187527151918724,2.512278972852095,2.512278972852095,4.0006786342630045,0.7438329236784422,1.768446049173652,2.5094387807964553,2.5094387807964553,3.9957660528343224,0.7429920025930914,1.7664467782033633
45.0,60.0,0.29462973167217454,1.0194833759680026,-0.14570329477779453,-0.553650837966824,1.2057826226774064,2.4231291351907545,2.4231291351907545,3.8437655949711713,0.5462516316238737,1.8768775035668805,2.493187709837179,2.493187709837179,3.9675497737163337,0.5620450989030494,1.9311426109341296,2.490369100915472,2.490369100915472,3.9626371922876515,0.5614096933441661,1.9289594075713057
45.0,65.0,0.3041128479049471,1.0559869547458516,-0.12077736114548812,-0.4691035282069912,1.2009322895133554,2.4036739782782677,2.4036739782782677,3.8087556190120164,0.3910662720687648,2.012607706209503,2.4731700568764974,2.4731700568764974,3.9325397977571788,0.4023729520205421,2.0707971048559553,2.4703740783949306,2.4703740783949306,3.9276272163284967,0.4019180596801283,2.068456018714803
45.0,70.0,0.3114795181002943,1.0852946549022942,-0.09562231120416786,-0.3831661434169659,1.1961788737544812,2.3846836490411367,2.3846836490411367,3.774307739051112,0.25992707612199023,2.124756572919146,2.4536306708932365,2.4536306708932365,3.898091917796274,0.2674422019981379,2.1861884688950983,2.450856782159441,2.450856782159441,3.893179336367592,0.2671398521294863,2.1837169300299544
45.0,75.0,0.31693245159941763,1.1078662924304397,-0.07038306831674612,-0.2962750697161644,1.191866852471946,2.367521880031608,2.367521880031608,3.742940013323678,0.15455084765703697,2.21297103237457,2.435972713274625,2.435972713274625,3.8667241920688404,0.15901928969753779,2.2769534235770865,2.4332187872883946,2.4332187872883946,3.8618116106401583,0.15883951454988382,2.27437927273851
45.0,80.0,0.3206613696490807,1.1241196183119444,-0.04515149904034917,-0.20873844440707684,1.188309314235184,2.3534095996319984,2.3534095996319984,3.7169752062221413,0.07601553587463403,2.277394063757365,2.4214524124210293,2.4214524124210293,3.840759384967303,0.07821333046057623,2.3432390819604536,2.41871490198561,2.41871490198561,3.8358468035386215,0.07812490840147383,2.340589993584136
45.0,85.0,0.32282311514314893,1.1343808135546878,-0.019972558393039585,-0.12075318705726679,1.1857549616615453,2.3433028424161755,2.3433028424161755,3.6982841932296875,0.024966470601321428,2.318336371814854,2.4110534441981435,2.4110534441981435,3.82206837197485,0.025688312173393794,2.3853651320247495,2.408327690047457,2.408327690047457,3.8171557905461686,0.025659270916054914,2.382668419131402
45.0,90.0,0.3235255440111956,1.138844098916513,0.005144642629984107,-0.03243443387353118,1.1843619037748514,2.3378001220689777,2.3378001220689777,3.688073769741237,0.0017973907359137556,2.336002731333066,2.4053916267815385,2.4053916267815385,3.8118579484863986,0.0018493576869160983,2.4035422690946247,2.4026722734521866,2.4026722734521866,3.8069453670577174,0.001847266943385155,2.400825006508803
45.0,95.0,0.3228167868177876,1.1375450718385804,0.030211931456910486,0.05614490064653276,1.1841809316935348,2.337085738688166,2.337085738688166,3.686746452788883,0.006774858175422383,2.3303108805127444,2.404656588834413,2.404656588834413,3.810530631534046,0.006970735852888552,2.3976858529815255,2.4019380664832126,2.4019380664832126,3.8056180501053642,0.0069628552676489035,2.3949752112155647
45.0,100.0,0.32068094009978565,1.1303511718804429,0.055244823361176934,0.14490829466483177,1.185149965821056,2.3409122527040993,2.3409122527040993,3.693851348069916,0.040083062964144364,2.3008291897399546,2.4085937367055243,2.4085937367055243,3.8176355268150775,0.04124196209912991,2.3673517746063943,2.4058707633135654,2.4058707633135654,3.8127229453863967,0.04119533706489657,2.364675426248669
45.0,105.0,0.31704061359898134,1.1169708510118777,0.08024470794778704,0.23372841436916073,1.1871001716445688,2.3486226977745224,2.3486226977745224,3.708132537142739,0.1017779102665501,2.2468447875079725,2.416527109552961,2.416527109552961,3.831916715887902,0.10472055794479894,2.311806551608162,2.41379516729139,2.41379516729139,3.8270041344592203,0.10460216882482024,2.30919299846657
45.0,110.0,0.3117660682481385,1.0969809191229387,0.10518240897199443,0.3223837301472414,1.189773014844223,2.359210797216736,2.359210797216736,3.7276674715009896,0.1916531658597044,2.1675576313570315,2.4274213367802613,2.4274213367802613,3.8514516502461515,0.1971943264324564,2.230227010347805,2.4246770783316918,2.4246770783316918,3.84653906881747,0.19697139348376605,2.2277056848479253
45.0,115.0,0.3046899840026854,1.0698695171382218,0.12998501805061669,0.4105237161605057,1.1928464262012017,2.3714151257762577,2.3714151257762577,3.7500758563277916,0.30903576347712647,2.062379362299131,2.4399785222515256,2.4399785222515256,3.8738600350729535,0.31797074130787784,2.1220077809436475,2.437220067601498,2.437220067601498,3.868947453644272,0.3176112677051659,2.1196087998963318
45.0,120.0,0.29562628060471297,1.0350905501497463,0.1545276050109557,0.4976463445210858,1.1959673949230816,2.383840521742057,2.383840521742057,3.772771978617762,0.45254044676641014,1.9313000749756468,2.452763166727088,2.452763166727088,3.896556157362925,0.4656244950781048,1.9871386716489834,2.4499902587277047,2.4499902587277047,3.8916435759342427,0.46509809534060653,1.9848921633870986
45.0,125.0,0.28439098872217516,0.9921243880238073,0.17863081943025383,0.5830901141713702,1.1987877571416452,2.3950970514710708,2.3950970514710708,3.7932311610731655,0.6198238156702588,1.7752732358008119,2.4643451501914506,2.4643451501914506,3.9170153398183283,0.6377444342733397,1.8266007159181106,2.461559148480031,2.461559148480031,3.9121027583896457,0.6370234487875219,1.8245356996925095
45.0,130.0,0.27082302961663035,0.94053928866654,0.2020645887640024,0.6660411941230929,1.2009996824301712,2.403943760591745,2.403943760591745,3.8092430328479128,0.807382595966268,1.5965611646254771,2.473447639254805,2.473447639254805,3.9330272115930742,0.8307259964669906,1.6427216427878149,2.4706513469596554,2.4706513469596554,3.9281146301643926,0.8297868406642015,1.6408645062954543
45.0,135.0,0.25480293730734876,0.880048296319782,0.22455725742375793,0.7455546508146011,1.2023673481630999,2.409421969415763,2.409421969415763,3.819128659761384,1.0104390269935082,1.398982942422255,2.479084236460297,2.479084236460297,3.9429128385065453,1.0396532842818276,1.43943095217847,2.476281571855871,2.476281571855871,3.9380002570778636,1.0384779311341295,1.4378036407217418
45.0,140.0,0.23626798569854235,0.8105572062563324,0.24580880666597638,0.8205874011098171,1.2027515113167941,2.410961863214039,2.410961863214039,3.82190340727228,1.2229472756279425,1.1880145875860963,2.480668652344931,2.480668652344931,3.945687586017442,1.2583056648090778,1.222362987535854,2.4778641965200805,2.4778641965200805,3.94077500458876,1.256883119864278,1.220981076655803
45.0,145.0,0.21522273801479364,0.7322003860339329,0.26550640570689155,0.8900396705108682,1.2021241611503,2.4084474238627522,2.4084474238627522,3.817371701540811,1.4377399057411164,0.9707075181216351,2.478081514417895,2.478081514417895,3.941155880285973,1.4793084738564835,0.9987730405614108,2.4752799834149557,2.4752799834149557,3.9362432988572915,1.477636079898372,0.9976439035165829
45.0,150.0,0.19174458956496576,0.64536256853745,0.283340514433191,0.952801421679227,1.2005712093707368,2.4022287869492063,2.4022287869492063,3.8061436700439026,1.646815196314567,0.7554135906346389,2.471683081540494,2.471683081540494,3.929927848789065,1.6944286411303293,0.7772544404101646,2.4688887841204585,2.4688887841204585,3.9250152673603838,1.6925130486275097,0.7763757354929484
45.0,155.0,0.16598435304431416,0.5506859515542356,0.29902001451774163,1.0078003877977564,1.1982822761863048,2.393077643629049,2.393077643629049,3.789567895673101,1.841747594640985,0.5513300489880648,2.4622673563422666,2.4622673563422666,3.9133520744182633,1.8949970106399683,0.5672703457022994,2.459483703626977,2.459483703626977,3.9084394929895816,1.8928546707512692,0.5666290328757089
45.0,160.0,0.13816232730396721,0.4490628944175492,0.3122852516006897,1.0540488073940684,1.195528033366378,2.3820893444078375,2.3820893444078375,3.7695804642284574,2.0141874921276597,0.36790185228017735,2.450961358584049,2.450961358584049,3.8933646429736197,2.0724225662389753,0.3785387923450739,2.448190487572289,2.448190487572289,3.888452061544938,2.0700796424744707,0.37811084509781845
45.0,165.0,0.10856061248022507,0.3416151609561824,0.32291829649596515,1.0906864774596456,1.1926271601394907,2.3705433906492264,2.3705433906492264,3.7484790909478143,2.1564045609373936,0.21413882971183218,2.4390815831353287,2.4390815831353287,3.8722632696929757,2.218751477453847,0.2203301056814818,2.4363241424966353,2.4363241424966353,3.867350688264295,2.2162431253210624,0.22008101717557263
45.0,170.0,0.07751268342217921,0.22966110459914446,0.3307501031997909,1.1170181523987468,1.1899065604542185,2.359740444339525,2.359740444339525,3.728642361098167,2.261822019447232,0.09791842489229312,2.4279662972934717,2.4279662972934717,3.8524265398433295,2.327216811860512,0.10074948543295928,2.4252214227538795,2.4252214227538795,3.8475139584146474,2.3245858370475148,0.10063558570636498
45.0,175.0,0.045391366779877845,0.11467256432764729,0.33566454172209453,1.1325435868758131,1.1876598140590007,2.350837672945206,2.350837672945206,3.7122264180972673,2.3254879815149314,0.025349691430274473,2.4188061250593744,2.4188061250593744,3.8360105968424296,2.3927235122079753,0.02608261285139878,2.4160716063157306,2.4160716063157306,3.831098015413748,2.39001848048811,0.02605312582762022
45.0,180.0,0.012596326088499676,-0.0017763542857739472,0.33759953407616106,1.1369787463043572,1.1861095808658428,2.344704657251975,2.344704657251975,3.700881460687242,2.344434958830032,0.0002696984219435137,2.4124957889206455,2.4124957889206455,3.824665639432405,2.4122182928593805,0.00027749606126506194,2.4097684041644145,2.4097684041644145,3.819753058003723,2.409491221819149,0.0002771823452656872
50.0,-180.0,0.013103632946856092,-0.0017389697722881444,0.31804142835372223,1.0324519328439399,1.0804082899509508,1.9454242892240492,1.9454242892240492,2.8901433387426447,1.9451330807308664,0.00029120849318315403,2.0016712513880535,2.0016712513880535,3.0139275174878066,2.0013716233469148,0.00029962804113916453,1.9994083136937812,1.9994083136937812,3.009014936059125,1.9991090243893792,0.0002992893044020082
50.0,-175.0,-0.019113378551108857,-0.11096976837613624,0.31674375131687194,1.0260477928726903,1.0797130581734644,1.942921373183079,1.942921373183079,2.884552257754648,1.9217891864831012,0.0211321866999777,1.9990959699383466,1.9990959699383466,3.0083364364998104,1.977352800167817,0.021743169770529584,1.9968359436619518,1.9968359436619518,3.0034238550711296,1.975117355069991,0.02171858859196064
50.0,-170.0,-0.051139316735640705,-0.21839953022264993,0.3126303141118352,1.009344623553944,1.0801980683729164,1.944667296927839,1.944667296927839,2.8884531081968783,1.8608132982559786,0.08385399867186061,2.0008923725978383,2.0008923725978383,3.012237286942041,1.914613950258235,0.08627842233960346,1.9986303154448497,1.9986303154448497,3.007324705513359,1.9124494329455073,0.08618088249934286
50.0,-165.0,-0.08255445316666227,-0.3224762818570725,0.3058048034528156,0.9827375119619356,1.08170965851746,1.9501136993044992,1.9501136993044992,2.9005993317842456,1.7654410665277462,0.18467263277675233,2.0064962437539866,2.0064962437539866,3.0243835105294092,1.8164842746452787,0.19001196910870702,2.004227851289311,2.004227851289311,3.019470929100727,1.8144306953008698,0.18979715598844024
50.0,-160.0,-0.11295952519695891,-0.4217840357241565,0.29640702393039486,0.9468191848754323,1.0839673979451276,1.958262731450636,1.958262731450636,2.9187095874625895,1.6405008390921532,0.31776189235848246,2.014880884299451,2.014880884299451,3.0424937662077522,1.6879317204364166,0.3269491638630337,2.0126030127961316,2.0126030127961316,3.0375811847790706,1.6860234728593555,0.3265795399367754
50.0,-155.0,-0.14198507125129484,-0.5150933348132687,0.2846070008611575,0.9023506048538618,1.0866087902490953,1.967818078399771,1.967818078399771,2.9398494612831767,1.492027780876002,0.47579029752376933,2.024712499639645,2.024712499639645,3.0636336400283386,1.53516594389958,0.4895465557400651,2.02242351325773,2.02242351325773,3.0587210585996583,1.5334304017225096,0.48899311153522024
50.0,-150.0,-0.1693014282300612,-0.6014006283776338,0.27060028738216096,0.8502252746306628,1.089244335567482,1.9773754524354346,1.9773754524354346,2.960891384283922,1.3268146300361332,0.6505608223993019,2.034546200674385,2.034546200674385,3.084675563029085,1.3651760778229582,0.669370122851427,2.0322460970559453,2.0322460970559453,3.079762981600404,1.363632713295101,0.6686133837608447
50.0,-145.0,-0.19462952237312406,-0.6799543342254654,0.25460417882316977,0.791429457320556,1.0915138209844695,1.9856239228327301,1.9856239228327301,2.9789699657390276,1.1519459841777393,0.8336779386549913,2.043033154473434,2.043033154473434,3.102754144484191,1.1852515528117495,0.8577816016616847,2.040723456148746,2.040723456148746,3.0978415630555083,1.1839115973049734,0.8568118588437731
50.0,-140.0,-0.21775174840301942,-0.750266434455786,0.2368538451606459,0.7270002668658523,1.0931352517387654,1.9915275457384856,1.9915275457384856,2.9918631771471222,0.9743589316369388,1.0171686141015464,2.049107465519586,2.049107465519586,3.115647355892284,1.0025300253492528,1.0465774401703327,2.046790900039553,2.046790900039553,3.1107347744636025,1.0013966409423831,1.0453942590971699
50.0,-135.0,-0.23852135876183694,-0.8121093974519116,0.21759702741246806,0.6579832614867842,1.0939399209969567,1.99446059689988,1.99446059689988,2.9982546069198976,0.8004652063241134,1.1939953905757672,2.052125318345386,2.052125318345386,3.122038785665061,0.8236086082149536,1.2285167101304324,2.049805341109846,2.049805341109846,3.1171262042363783,0.8226774987914836,1.227127842318363
50.0,-130.0,-0.2568681643180564,-0.8654990009888948,0.19708615530683138,0.5853910224646874,1.0938900202254265,1.9942786438497897,1.9942786438497897,2.9978583854528877,0.6358610226834819,1.3584176211663073,2.051938104588733,2.051938104588733,3.12164256419805,0.6542453160649058,1.3976927885238266,2.049618339002867,2.049618339002867,3.116729982769368,0.6535056759336915,1.396112663069175
50.0,-125.0,-0.2727982576365502,-0.9106642282455991,0.1755675694879683,0.5101643488179829,1.093078158338405,1.991319520043558,1.991319520043558,2.9914095096575544,0.48514129427858993,1.5061782257649685,2.0488934252943287,2.0488934252943287,3.115193688402717,0.49916791262330473,1.549725512671024,2.0465771017919403,2.0465771017919403,3.110281106974035,0.4986035912421273,1.5479735105498134
50.0,-120.0,-0.28638607603529287,-0.9480058980811502,0.15326873710482614,0.4331380881289753,1.0917106193975,1.9863399978045804,1.9863399978045804,2.9805358783126894,0.351824893260462,1.6345151045441182,2.0437699329196217,2.0437699329196217,3.1043200570578517,0.3619970092195308,1.681772923700091,2.041459401649106,2.041459401649106,3.09940747562917,0.3615877628576176,1.6798716387914883
50.0,-115.0,-0.29775838601497784,-0.9780462027264998,0.13038549684913667,0.3550140349179213,1.0900778751480416,1.9804029666456495,1.9804029666456495,2.9675356823350745,0.2383866217893163,1.7420163448563337,2.0376612477061933,2.0376612477061933,3.091319861080236,0.245278960581661,1.792382287124533,2.0353576224518495,2.0353576224518495,3.086407279651555,0.2450016667927197,1.79035595565913
50.0,-110.0,-0.30707141779093977,-1.0013719646842898,0.10707199952317578,0.27634347866632286,1.0885167883698939,1.9747348079753981,1.9747348079753981,2.955087813974605,0.14638010355619516,1.828354704419202,2.0318292087410206,2.0318292087410206,3.078871992719767,0.15061230945179047,1.881216899289229,2.029532176747583,2.029532176747583,3.073959411291086,0.15044203859835062,1.879090138149231
50.0,-105.0,-0.31448396346293217,-1.0185751931946003,0.08343585075659674,0.19752165178619632,1.0873692710310499,1.9705734610454424,1.9705734610454424,2.945926295756352,0.07662543496720982,1.8939480260782326,2.0275475471195,2.0275475471195,3.0697104745015142,0.07884086322379856,1.948706683895702,2.0252553556479365,2.0252553556479365,3.0647978930728326,0.07875173172375109,1.9465036239241855
50.0,-100.0,-0.3201303169814214,-1.030195275807564,0.05954004864921013,0.11879543640887513,1.0869420864294352,1.9690254436302925,1.9690254436302925,2.9425132810197874,0.029428261871352432,1.93959718175894,2.0259547727444103,2.0259547727444103,3.0662974597649493,0.030279104713810505,1.9956756680306,2.0236643819427464,2.0236643819427464,3.061384878336268,0.03024487345462737,1.993419508488119
50.0,-95.0,-0.3240971834430946,-1.0366676090443387,0.035411950745038445,0.04028433227506762,1.0874720914303362,1.9709461490273725,1.9709461490273725,2.9467475847540907,0.004794609847364021,1.9661515391800093,2.0279310104201795,2.0279310104201795,3.0705317634992535,0.004933233714748453,2.0229977767054317,2.0256383854340934,2.0256383854340934,3.0656191820705727,0.004927656574885942,2.020710728859208
50.0,-90.0,-0.3264080884778422,-1.038283343549444,0.01105812424588058,-0.03798689132103993,1.0891004672389255,1.9768531400309763,1.9768531400309763,2.959744068740065,0.0026087485803698266,1.9742443914506063,2.034008786944106,2.034008786944106,3.083528247485228,0.0026841738660045543,2.031324613078101,2.031709290884868,2.031709290884868,3.078615666056547,0.002681139342620582,2.0290281515422466
50.0,-85.0,-0.3270175834675506,-1.0351639965609185,-0.013517125314335668,-0.11604690887192974,1.0918583229560617,1.986877519979629,1.986877519979629,2.9817109607988783,0.022748793618186734,1.9641287263614418,2.0443229961720637,2.0443229961720637,3.1054951395440407,0.0234065167385397,2.0209164794335237,2.0420118396501836,2.0420118396501836,3.100582558115359,0.02338005510605009,2.0186317845441333
50.0,-80.0,-0.3258159897548006,-1.027253024932039,-0.038292332195351525,-0.19393200568123392,1.0956645298376826,2.000754133952519,2.000754133952519,3.0119372290495035,0.06512500826797904,1.9356291256845404,2.058600816907623,2.058600816907623,3.1357214077946653,0.06700793113281102,1.9915928857748126,2.056273518964562,2.056273518964562,3.1308088263659837,0.06693217704828267,1.98934134191628
50.0,-75.0,-0.3226438491349695,-1.014324408678815,-0.06321145396532911,-0.2716401757690568,1.1003350091815272,2.017847682054147,2.017847682054147,3.0488838026559644,0.12963706754188842,1.8882106145122592,2.0761885811854586,2.0761885811854586,3.172667981401127,0.13338519142081326,1.942803389764646,2.0738413998500995,2.0738413998500995,3.167755399972445,0.1332343962403786,1.9406070036097218
50.0,-70.0,-0.31731384984136213,-0.9960064088341594,-0.0881710779026357,-0.3490893390424108,1.1056013528173005,2.03720925744786,2.03720925744786,3.0903564102141297,0.2160574192355676,1.8211518382122927,2.096109946957362,2.096109946957362,3.2141405889592924,0.22230416630884617,1.8738057806485158,2.093740244036855,2.093740244036855,3.2092280075306103,0.22205284607972003,1.871687397957135
50.0,-65.0,-0.3096369131777298,-0.9718174345296338,-0.113014232364501,-0.42608306909293125,1.111135969421646,2.0576567610417595,2.0576567610417595,3.1337293154506973,0.3238573676881226,1.7337993933536366,2.117148637762897,2.117148637762897,3.25751349419586,0.3332208742546791,1.7839277635082176,2.1147551500943056,2.1147551500943056,3.252600912767178,0.33284416000834804,1.7819109900859573
50.0,-60.0,-0.29944849745370455,-0.9412106102440903,-0.13753179757354042,-0.5022862010159738,1.116581048799505,2.0778731114222277,2.0778731114222277,3.1761902315777713,0.4520000564129296,1.6258730550092986,2.1379494921516904,2.1379494921516904,3.299974410322934,0.4650684807211952,1.6728810114304955,2.135532488614828,2.135532488614828,3.2950618288942524,0.4645427095713562,1.6709897790434725
50.0,-55.0,-0.28663117566386187,-0.9036240237157837,-0.16147121945221876,-0.5772117077222333,1.1215792960561255,2.096517470183945,2.096517470183945,3.214984857106689,0.5987297448746203,1.4977877253093255,2.1571329048090804,2.1571329048090804,3.338769035851852,0.6160404824309295,1.5410924223781515,2.154694213960889,2.154694213960889,3.33385645442317,0.6153440337868656,1.5393501801740241
50.0,-50.0,-0.2711303079495746,-0.8585343099270045,-0.1845508309444996,-0.6502194398908808,1.1258051049915279,2.1123454590962507,2.1123454590962507,3.247649454480936,0.7613892777155714,1.350956181380679,2.1734185194940325,2.1734185194940325,3.3714336332260975,0.7834028991826026,1.3900156203114302,2.1709614173651084,2.1709614173651084,3.3665210517974167,0.7825172432842461,1.3884441740808622
50.0,-45.0,-0.2529611299323584,-0.8055116658008008,-0.2064769335406655,-0.7205267271197765,1.1289950688892,2.1243330619310954,2.1243330619310954,3.272226082752661,0.9362970893192786,1.1880359726118168,2.185752713171206,2.185752713171206,3.3960102614978234,0.9633677223163685,1.2223849908548376,2.1832816669384325,2.1832816669384325,3.3910976800691413,0.9622786118389297,1.2210030550995032
50.0,-40.0,-0.23220752151402488,-0.7442742454943171,-0.22696029076764218,-0.7872303591601261,1.1309761701833223,2.1317949393800313,2.1317949393800313,3.287454269123111,1.1187113307890373,1.013083608590994,2.193430331700825,2.193430331700825,3.411238447868274,1.151056004515935,1.0423743271848893,2.190950605734873,2.190950605734873,3.406325866439591,1.149754707902402,1.0411958978324707
50.0,-35.0,-0.20901458202797427,-0.6747391331299213,-0.24572909062627735,-0.8493390117529551,1.1316887982757229,2.1344822737692257,2.1344822737692257,3.292925524704052,1.3029018762546318,0.8315803975145942,2.1961953634831013,2.1961953634831013,3.4167097034492153,1.3405719479932419,0.8556234154898592,2.193712511581938,2.193712511581938,3.4117971220205323,1.3390563990283986,0.8546561125535398
50.0,-30.0,-0.1835783318152613,-0.5970660341646606,-0.2625366891216909,-0.905814672512893,1.1312005070454172,2.132640735482631,2.132640735482631,3.289177003913818,1.4823413008395394,0.6502994346430916,2.1943005818321137,2.1943005818321137,3.4129611826589805,1.5251994040945978,0.6691011777375158,2.19181987202737,2.19181987202737,3.4080486012302984,1.5234751293314897,0.6683447426958803
50.0,-25.0,-0.15613598798728914,-0.5116889835720084,-0.27716415847119363,-0.9556210011232216,1.12970594898961,2.1270091082298452,2.1270091082298452,3.277693496326266,1.6500135747229552,0.4769955335068891,2.188506130496805,2.188506130496805,3.401477675071428,1.6977194924611123,0.49078663803569206,2.1860319714592444,2.1860319714592444,3.396565093642746,1.6958001795713824,0.4902317918878613
50.0,-20.0,-0.1269592966940819,-0.419331271007863,-0.2894192417444935,-0.9977758075149019,1.1275093957107842,2.1187458132948915,2.1187458132948915,3.260788573691173,1.7988243872503222,0.3199214260445698,2.1800039235465496,2.1800039235465496,3.384572752436336,1.850832788610271,0.32917113493627925,2.177539376459292,2.177539376459292,3.379660171007653,1.8487403774412354,0.3287989990180573
50.0,-15.0,-0.09635171918380715,-0.32099977715578554,-0.29913421837666226,-1.0314040215351516,1.1249889097081975,2.1092837187971685,2.1092837187971685,3.241350004225994,1.9220806112598916,0.1872031075372769,2.1702682568136313,2.1702682568136313,3.3651341829711563,1.9776526507458498,0.19261560606778158,2.1678147161327526,2.1678147161327526,3.3602216015424746,1.9754168666597034,0.19239784947304925
50.0,-10.0,-0.06464848771481493,-0.21795701295064646,-0.30616514181991,-1.0557868523218157,1.1225451697189712,2.100129952939857,2.100129952939857,3.2224616906654107,2.0139908382023965,0.08613911473746039,2.160849833254303,2.160849833254303,3.3462458694105734,2.072220226568985,0.08862960668531782,2.158406940328733,2.158406940328733,3.3413332879818918,2.0698775315543645,0.08852940877436832
50.0,-5.0,-0.03221728862239234,-0.11167199186491099,-0.3103940222281577,-1.0704025842988223,1.1205421584937476,2.092641914188655,2.092641914188655,3.206949196923748,2.070128132170871,0.022513782017783566,2.153145297035348,2.153145297035348,3.33073337566891,2.129980586655902,0.023164710379446,2.1507111142740545,2.1507111142740545,3.325820794240229,2.1275725921591686,0.023138522114885474
50.0,0.0,0.0005430308290298279,-0.0037540108322472758,-0.31173419932662194,-1.074954900825887,1.1192500334238158,2.0878185417519166,2.0878185417519166,3.196927502016902,2.087794563183813,2.3978568103169433e-05,2.1481824691345985,2.1481824691345985,3.3207116807620634,2.148157797287594,2.4671847003981307e-05,2.1457538969701093,2.1457538969701093,3.3157990993333817,2.1457292530152237,2.464395488506622e-05
50.0,5.0,0.03320778333471929,0.10412422791771565,-0.3101379039401588,-1.069385877456317,1.118801271932097,2.0861446624497715,2.0861446624497715,3.1934442102498224,2.0662374452566645,0.019907217193107455,2.1464601938983146,2.1464601938983146,3.3172283889949856,2.1259774104914753,0.02048278340683965,2.1440335688075765,2.1440335688075765,3.312315807566304,2.1235739416820807,0.02045962712549584
50.0,10.0,0.06533668325745767,0.21030648436294397,-0.30560425510626826,-1.0538727042826825,1.1191690386690198,2.0875163818640714,2.0875163818640714,3.196298923114498,2.0066887868486765,0.08082759501539602,2.147871573067262,2.147871573067262,3.320083101859661,2.0647070550968993,0.08316451797036323,2.1454433523782854,2.1454433523782854,3.3151705204309794,2.0623728539040864,0.0830704984741994
50.0,15.0,0.09648860022520576,0.3132282682174162,-0.29818583980153557,-1.0288093979143942,1.1201721163638318,2.0912600156069323,2.0912600156069323,3.2040803392856576,1.912227570142656,0.17903244546427666,2.151723444394415,2.151723444394415,3.327864518030819,1.9675147341729151,0.18420871022150082,2.149290869071873,2.149290869071873,3.3229519366021383,1.9652904112463063,0.18400045782556693
50.0,20.0,0.12623939026892278,0.4114812967685615,-0.2879924515793219,-0.9947767250958757,1.1215050718587725,2.0962399914930856,2.0962399914930856,3.214410020782082,1.7874918632429397,0.3087481282501448,2.1568474035323444,2.1568474035323444,3.338194199527244,1.83917261368756,0.3176747898447832,2.1544090354502416,2.1544090354502416,3.333281618098562,1.8370933846278925,0.31731565082234814
50.0,25.0,0.15420085028359892,0.5038630249703429,-0.27519122512584543,-0.9525047756145781,1.1227873387758214,2.101036181683091,2.101036181683091,3.2243353140167437,1.638287333359326,0.4627488483237643,2.161782263281295,2.161782263281295,3.348119492761905,1.6856542168528923,0.4761280464284024,2.1593383162210595,2.1593383162210595,3.3432069113332243,1.683748544048639,0.4755897721724196
50.0,30.0,0.18003882093095208,0.5894095898268957,-0.26000299024308504,-0.9028327696827705,1.1236219144225184,2.1041607721626265,2.1041607721626265,3.230789197951755,1.471146282707007,0.6330144894556198,2.1649971932941936,2.1649971932941936,3.3545733766969175,1.5136807106770316,0.651316482617162,2.162549611677931,2.162549611677931,3.3496607952682362,1.5119694580750327,0.650580153602898
50.0,35.0,0.2034887603647181,0.6674126650562162,-0.2426950128212038,-0.8466697588088512,1.1236538127029754,2.104280243067014,2.104280243067014,3.2310357764560016,1.292887123633496,0.8113931194335181,2.1651201183938817,2.1651201183938817,3.3548199552011644,1.3302676444423251,0.8348524739515568,2.162672397807825,2.162672397807825,3.3499073737724827,1.3287637447415168,0.8339086530663083
50.0,40.0,0.22436749277987453,0.7374221220732764,-0.22357041696930585,-0.7849582353463824,1.122619846841003,2.1004093837932576,2.1004093837932576,3.2230394987426885,1.1102124487037035,0.9901969350895545,2.161137343135361,2.161137343135361,3.346823677487851,1.1423113990160545,1.018825944119307,2.1586941251729264,2.1586941251729264,3.3419110960591687,1.1410199883902399,1.017674136782687
50.0,45.0,0.24258013934972628,0.7992368160742289,-0.20295465722698708,-0.718640931176954,1.1203838596786402,2.092050701561389,2.092050701561389,3.205722055974876,0.9293704062968392,1.1626802952645496,2.152536991008734,2.152536991008734,3.3295062347200375,0.9562407719897512,1.1962962190189832,2.1501034959520955,2.1501034959520955,3.3245936532913567,0.9551597187017874,1.194943777250308
50.0,50.0,0.2581214425743622,0.8528853702898931,-0.181179613627462,-0.6486299326648357,1.1169543302723632,2.079262640979472,2.079262640979472,3.179093504781096,0.7558935950699919,1.3233690459094802,2.1393791963982633,2.1393791963982633,3.3028776835262583,0.7777483229447391,1.361630873453524,2.13696057654622,2.13696057654622,3.297965102097576,0.7768690596813894,1.3600915168648307
50.0,55.0,0.27107090349648416,0.8985979343880708,-0.1585662851985335,-0.5757771083833979,1.1124838101064292,2.062651785374072,2.062651785374072,3.144259170400991,0.5944235714858414,1.4682282138882305,2.122288080434275,2.122288080434275,3.268043349146153,0.6116098070643496,1.5106782733699256,2.1198887825016155,2.1198887825016155,3.263130767717472,0.6109183674057979,1.5089704150958176
50.0,60.0,0.2815815115850089,0.9367691163893506,-0.13540756142178778,-0.5008457548433717,1.1072516439013333,2.043295533345314,2.043295533345314,3.103311856333078,0.44862556051291846,1.5946699728323959,2.102372191938794,2.102372191938794,3.2270960350782403,0.46159641991245853,1.6407757720263356,2.099995409399089,2.099995409399089,3.222183453649558,0.4610745740112214,1.6389208353878681
50.0,65.0,0.2898624383612909,0.9679121328216493,-0.11195293688729044,-0.42448489878268086,1.1016328877663104,2.0226107148044585,2.0226107148044585,3.059123035909229,0.3211939152493881,1.7014167995550695,2.0810893248322446,2.0810893248322446,3.1829072146543917,0.3304804149083117,1.750608909923932,2.0787366030878296,2.0787366030878296,3.1779946332257096,0.3301067988174595,1.7486298042703692
50.0,70.0,0.2961568287639121,0.9926049256436507,-0.0883970847571511,-0.347209187534423,1.0960573297676595,2.0021889471379235,2.0021889471379235,3.015050595705218,0.21394206722183998,1.7882468799160829,2.0600771140425183,2.0600771140425183,3.138834774450381,0.22012765430789172,1.8399494597346258,2.05774814710989,2.05774814710989,3.1339221930216983,0.21987879467815,1.8378693524317398
50.0,75.0,0.3007165749275316,1.011430444994716,-0.06487383255546741,-0.2693881071112759,1.0909631386539997,1.9836208841919558,1.9836208841919558,2.9745867203366188,0.12796126268762611,1.8556596215043295,2.040972203099039,2.040972203099039,3.0983708990817815,0.1316609349600022,1.9093112681390365,2.0386648347296568,2.0386648347296568,3.0934583176531003,0.13151208909314094,1.9071527456365152
50.0,80.0,0.3037764788722733,1.024915081099405,-0.041456384420063254,-0.19124799886749905,1.0867499719167442,1.9683294637093995,1.9683294637093995,2.940977934324249,0.06382254453201419,1.9045069191773842,2.0252386703461256,2.0252386703461256,3.0647621130694116,0.0656678099928122,1.9595708603533124,2.022949089115518,2.022949089115518,3.0598495316407295,0.06559357094759936,1.957355518167918
50.0,85.0,0.30553036638577935,1.0334707747248708,-0.018163827396209278,-0.11288897113557796,1.0837363569724796,1.9574280371420296,1.9574280371420296,2.9168580462698985,0.021789227381756666,1.935638809760273,2.014022056942103,2.014022056942103,3.040642225015061,0.022419207101303292,1.9916028498407996,2.0117451563638533,2.0117451563638533,3.0357296435863783,0.02239386164620418,1.9893512947176497
50.0,90.0,0.3061115057201135,1.037347096800591,0.0050267392435743566,-0.03431663486828,1.08212575642157,1.9516142762539248,1.9516142762539248,2.9039398635948697,0.002004785329250062,1.9496094909246746,2.0080402060437543,2.0080402060437543,3.027724042340032,0.0020627485638955263,2.0059774574798586,2.00577006809242,2.00577006809242,3.022811460911351,0.0020604165768243186,2.0037096515155954
50.0,95.0,0.3055792220843099,1.036599217501339,0.0281636087773269,0.0445138340268422,1.08198487465083,1.951106148661979,1.951106148661979,2.902808975462976,0.004624341519922392,1.946481807142056,2.007517387243522,2.007517387243522,3.0265931542081392,0.004758042514582151,2.002759344728939,2.0052478403514686,2.0052478403514686,3.021680572779457,0.004752663432602664,2.0004951769188652
50.0,100.0,0.3039130103112469,1.0310761518650813,0.051300906322750105,0.12364590501942549,1.0832364661508382,1.955622663299959,1.955622663299959,2.9128506156842002,0.029866117744003013,1.9257565455559569,2.0121644853379554,2.0121644853379554,3.0366347944293626,0.030729620067911318,1.9814348652700449,2.009889684789269,2.009889684789269,3.031722213000681,0.030694879490239475,1.9791948052990302
50.0,105.0,0.3010147977896842,1.0204312683162666,0.07447786508212373,0.2030680923969836,1.085667299121996,1.9644095275958853,1.9644095275958853,2.9323203183926716,0.07797083397268877,1.8864386936231976,2.021205399316684,2.021205399316684,3.056104497137833,0.08022516099669591,1.940980238319989,2.0189203777963876,2.0189203777963876,3.0511919157091523,0.08013446451458248,1.9387859132818062
50.0,110.0,0.2967192880279667,1.0041542947148085,0.09769904904647597,0.28266477156588155,1.0889502563253273,1.9763078745618539,1.9763078745618539,2.9585460108565647,0.1490706168129441,1.827237257748909,2.0334477565200677,2.0334477565200677,3.082330189601727,0.15338061201043737,1.8800671445096298,2.031148894719274,2.031148894719274,3.0774176081730453,0.15320721152409464,1.877941683195179
50.0,115.0,0.29081150316127347,0.9816215095205403,0.12091784744451431,0.362176985197383,1.092678092011359,1.9898621419199074,1.9898621419199074,2.988229894361588,0.24298309960043135,1.7468790423194756,2.0473939108137746,2.0473939108137746,3.112014073106751,0.2500083337796392,1.7973855770341347,2.0450792825487225,2.0450792825487225,3.107101491678068,0.24972569332007333,1.795353589228649
50.0,120.0,0.2830497972077358,0.952158887627999,0.14402548705157814,0.44117741745005457,1.0964053035153893,2.003460449581246,2.003460449581246,3.017807734229926,0.3589596342167814,1.6445008153644645,2.061385378723373,2.061385378723373,3.1415919129750884,0.3693380329424647,1.6920473457809078,2.0590549327659264,2.0590549327659264,3.1366793315464077,0.3689204873759315,1.6901344453899942
50.0,125.0,0.2731918908258164,0.9151118925857595,0.16684725637747794,0.5190618787851714,1.0996939693085341,2.01549722693382,2.01549722693382,3.043822049558681,0.49542706313501833,1.5200701637988019,2.073770168673547,2.073770168673547,3.1676062283038435,0.5097510681500343,1.5640191005235127,2.0714257214119423,2.0714257214119423,3.162693646875161,0.5091747822559284,1.5622509391560142
50.0,130.0,0.2610210875925661,0.869915389955935,0.18914660364974273,0.5950576594108025,1.1021591761383145,2.0245437194938654,2.0245437194938654,3.0632715968182156,0.649768118211268,1.374775601282597,2.083078217402887,2.083078217402887,3.187055775563379,0.6685544996514744,1.4145237177514116,2.0807232471673847,2.0807232471673847,3.1821431941346963,0.6677986826426187,1.4129245645247657
50.0,135.0,0.24636990900119127,0.8161577025406255,0.21063647890587545,0.6682472463859517,1.1035096900462267,2.029508246667488,2.029508246667488,3.073908203613149,0.8181842385676723,1.211324008099816,2.088186281168318,2.088186281168318,3.197692382358311,0.8418399409071636,1.2463463402611543,2.0858255361433584,2.0858255361433584,3.192779800929629,0.8408882205217599,1.244937315621599
50.0,140.0,0.2291389150385738,0.7536339706417364,0.23099610952706562,0.7376044181459057,1.1035797589550491,2.0297659878442813,2.0297659878442813,3.0744597089538788,0.9956756765913999,1.0340903112528819,2.088451474271305,2.088451474271305,3.198243887699041,1.0244630894036422,1.0639883848676632,2.086090429439138,2.086090429439138,3.1933313062703594,1.0233049091381292,1.062785520301009
50.0,145.0,0.209309294693704,0.6823854910447172,0.2498906771851689,0.8020388543168528,1.102348408449646,2.0252389765568717,2.0252389765568717,3.064762769711165,1.1761584147365127,0.8490805618203592,2.0837935760436994,2.0837935760436994,3.1885469484563274,1.2101640238054459,0.8736295522382541,2.0814377970779767,2.0814377970779767,3.1836343670276452,1.2087959041485228,0.8726418929294544
50.0,150.0,0.18694869213335022,0.6027233009578815,0.26699126874280554,0.8604452305486612,1.0999434182569425,2.016411700778325,2.016411700778325,3.0457920888549244,1.3527186851046258,0.6636930156736982,2.0747110821878016,2.0747110821878016,3.1695762676000863,1.3918290823177546,0.6828819998700465,2.0723655712007445,2.0723655712007445,3.1646636861714046,1.3902555859245898,0.6821099852761543
50.0,155.0,0.1622105059989338,0.5152356576554888,0.28199292787744784,0.9117532062144558,1.0966284473746566,2.0042760337246177,2.0042760337246177,3.0195753339678784,1.5179874382831946,0.4862885954414224,2.0622245433939885,2.0622245433939885,3.14335951271304,1.561876158332333,0.5003483850616549,2.0598931487406142,2.0598931487406142,3.138446931284359,1.5601104196127382,0.499782729127875
50.0,160.0,0.1353274921954568,0.42078004755633347,0.29462938514299725,0.9549754614996758,1.0927735287888707,1.9902097544972976,1.9902097544972976,2.988988504901868,1.6646017945834886,0.32560795991381003,2.047751573718796,2.047751573718796,3.11277268364703,1.712729493346526,0.3350220803722708,2.0454365411071915,2.0454365411071915,3.107860102218348,1.7107932112882718,0.3346433298189208
50.0,165.0,0.1066009230112725,0.32046092430940276,0.3046838024126817,0.9892516419270666,1.088811274420016,1.9758034373678426,1.9758034373678426,2.9574373665207925,1.7857096478118273,0.19009378955601533,2.0329287348161773,2.0329287348161773,3.0812215452659553,1.8373388700605282,0.19558986475564905,2.030630459781955,2.030630459781955,3.076308963837273,1.83526171409232,0.19536874568963544
50.0,170.0,0.07638682387559262,0.21559467881884822,0.3119954375157635,1.0138864861697647,1.08518338186001,1.9626587153139015,1.9626587153139015,2.9284478714869406,1.8754674154672644,0.0871912998466362,2.0194039667804313,2.0194039667804313,3.0522320502321025,1.9296917537475715,0.08971221303285956,2.0171209818231257,2.0171209818231257,3.047319468803421,1.927510190613838,0.08961079120928694
50.0,175.0,0.04508090056866891,0.10766360764641494,0.31646247201533617,1.028380543901983,1.08228405664951,1.9521853070788968,1.9521853070788968,2.9052103977642445,1.9294796086587087,0.022705698420187184,2.008627746762935,2.008627746762935,3.028994576509407,1.9852655712097012,0.023362175553233028,2.0063569445826275,2.0063569445826275,3.0240819950807247,1.9830211805331022,0.023335764049524338
50.0,180.0,0.013103632946856146,-0.001738969772287983,0.31804142835372223,1.0324519328439399,1.0804082899509508,1.9454242892240492,1.9454242892240492,2.8901433387426447,1.9451330807308664,0.0002912084931831554,2.0016712513880535,2.0016712513880535,3.0139275174878066,2.0013716233469148,0.00029962804113916594,1.9994083136937812,1.9994083136937812,3.009014936059125,1.9991090243893792,0.0002992893044020096
55.0,-180.0,0.013541321492117295,-0.0017376756392170293,0.2970968007968484,0.9293888932198552,0.9758158693055415,1.5869902965938547,1.5869902965938547,2.005742713366832,1.58667965907156,0.0003106375222947323,1.6328740576127734,1.6328740576127734,2.1295268921119934,1.632554438801893,0.00031961881088047364,1.6310280540532935,1.6310280540532935,2.124614310683312,1.6307087965791982,0.00031925747409530553
55.0,-175.0,-0.0176653252781202,-0.10380359903652206,0.29556806906794414,0.9233829964107992,0.9752353010444484,1.5851024770937159,1.5851024770937159,2.0005734465954723,1.5666241609425764,0.018478316151139495,1.6309316566454528,1.6309316566454528,2.124357625340634,1.611919087295582,0.01901256934987087,1.6290878490171794,1.6290878490171794,2.1194450439119525,1.6100967738361522,0.01899107518102723
55.0,-170.0,-0.048645117240629754,-0.2040573783271898,0.2913832639502409,0.9078169351456993,0.9762384725715061,1.5883651717700704,1.5883651717700704,2.0095035568100235,1.5150239644872712,0.07334120728279879,1.6342886837844122,1.6342886837844122,2.133287735555185,1.558827003279423,0.07546168050498897,1.632441080955879,1.632441080955879,2.1283751541265037,1.557064711703259,0.07537636925261951
55.0,-165.0,-0.07897554266732895,-0.30094333149659336,0.28466359744123293,0.8830812499018874,0.9786060917183848,1.5960788690749903,1.5960788690749903,2.030543478905053,1.4347426281575553,0.16133624091743504,1.6422254028963785,1.6422254028963785,2.1543276576502155,1.476224537665969,0.16600086523040955,1.6403688274152006,1.6403688274152006,2.149415076221534,1.474555630172205,0.1658131972429959
55.0,-160.0,-0.10825805060278883,-0.39304878651964675,0.2755604443999359,0.8497592067511184,0.9819528614353457,1.6070145103290754,1.6070145103290754,2.060197981867406,1.3300091128171565,0.27700539751191866,1.653477220217178,1.653477220217178,2.183982160612568,1.368462920894286,0.28501429932289185,1.6516079242847639,1.6516079242847639,2.1790695791838868,1.366915840510952,0.2846920837738115
55.0,-155.0,-0.13612634973229013,-0.4791583652282829,0.26424787244535947,0.8085968195640575,0.985788454365685,1.6195933051167708,1.6195933051167708,2.0940597286492797,1.2060645107144103,0.41352879440236023,1.6664196986488018,1.6664196986488018,2.2178439073944416,1.2409347779755227,0.42548492067327937,1.6645357709319326,1.6645357709319326,2.21293132596576,1.2395318712378318,0.42500389969410096
55.0,-150.0,-0.16225577177512054,-0.5582963836586226,0.2509177402556676,0.7604670231277149,0.9895916294716599,1.632114204068549,1.632114204068549,2.1275054440648926,1.0687578304332936,0.563356373635255,1.6793026073346526,1.6793026073346526,2.251289622810055,1.0996582266007755,0.5796443807338771,1.677404115178365,1.677404115178365,2.2463770413813737,1.0984150364165401,0.5789890787618244
55.0,-145.0,-0.18637418737377384,-0.6297548434564014,0.2357772379482008,0.7063303805805877,0.9928846927219855,1.6429946476039174,1.6429946476039174,2.156361486329498,0.9241340823475491,0.7188605652563679,1.6904976310360298,1.6904976310360298,2.2801456650746603,0.9508530531408058,0.7396445778952236,1.688586482635064,1.688586482635064,2.2752330836459786,0.9497780907991256,0.738808391835938
55.0,-140.0,-0.20827387218233218,-0.6931056533761133,0.21904750959303704,0.6471941894484653,0.9952967310759736,1.6509870757243634,1.6509870757243634,2.177436735271418,0.778051886993678,0.8729351887306857,1.698721139751377,1.698721139751377,2.3012209140165805,0.8005472651442308,0.8981738746071464,1.6968006944751932,1.6968006944751932,2.296308332587898,0.7996422271260821,0.8971584673491115
55.0,-135.0,-0.2278224860937445,-0.7481968840324917,0.20096118252160666,0.5840712531418603,0.996607389132275,1.6553381485212482,1.6553381485212482,2.1888672381332075,0.6358593957739852,1.019478752747263,1.7031980126774855,1.7031980126774855,2.31265141687837,0.6542436421174865,1.048954370559999,1.7012725061883331,1.7012725061883331,2.307738835449688,0.6535040038787103,1.0477685023096228
55.0,-130.0,-0.24497035635731648,-0.7951338064217309,0.1817567142608844,0.5179392820226428,0.9967671988230675,1.6558690703074364,1.6558690703074364,2.190259941088967,0.5021491748887547,1.153719895418682,1.7037442847077233,1.7037442847077233,2.3140441198341293,0.5166675325535083,1.1870767521542156,1.7018181606448473,1.7018181606448473,2.309131538405448,0.516083427429347,1.1857347332155006
55.0,-125.0,-0.2597509843083873,-0.8342460999153763,0.1616685717262368,0.44970209470428146,0.9958944874526678,1.6529707744037079,1.6529707744037079,2.1826517503097245,0.3806055350540937,1.2723652393496143,1.7007621919988762,1.7007621919988762,2.3064359290548864,0.3916097695792713,1.3091524224196054,1.698839439263831,1.698839439263831,2.3015233476262047,0.3911670452765609,1.3076723939872705
55.0,-120.0,-0.27227241686819137,-0.8660430129301342,0.1409140138843248,0.380154440010035,0.9942519433225594,1.6475227305248092,1.6475227305248092,2.168314151770617,0.27395047525553967,1.373572255269269,1.6951566318806557,1.6951566318806557,2.2920983305157794,0.2818710518114412,1.4132855800692141,1.6932402163667104,1.6932402163667104,2.2871857490870977,0.2815523897795885,1.4116878265871213
55.0,-115.0,-0.28269880494331745,-0.8911586268106347,0.11967894991191252,0.309953033422768,0.992207763744766,1.6407550893554772,1.6407550893554772,2.150437600419105,0.18398555543364695,1.45676953392183,1.6881933216951095,1.6881933216951095,2.2742217791642663,0.18930502668345198,1.4988882950116578,1.6862847783715078,1.6862847783715078,2.2693091977355855,0.1890910127786711,1.497193765592837
55.0,-110.0,-0.2912236914270395,-0.9102899411691233,0.09810627056957133,0.2395968811618803,0.990187114251467,1.6340790379609635,1.6340790379609635,2.1327305887947583,0.11171654437203819,1.5223624935889253,1.6813242493682106,1.6813242493682106,2.2565147675399215,0.1149465422080854,1.5663777071601244,1.6794234716967764,1.6794234716967764,2.251602186111239,0.11481659236591797,1.564606879330858
55.0,-105.0,-0.29803864938108654,-0.9241313785622002,0.07628982111645097,0.1694198168457886,0.9886197714562538,1.6289100452120298,1.6289100452120298,2.118971015296702,0.05753732971603743,1.5713727154959922,1.6760058084288814,1.6760058084288814,2.242755194041864,0.059200874283401,1.6168049341454802,1.6741110433833808,1.6741110433833808,2.237842612613182,0.059133946265197766,1.614977097118183
55.0,-100.0,-0.3033021585792522,-0.9333103739593,0.0542759284797768,0.09959726822452387,0.9878896425153024,1.6265049239991676,1.6265049239991676,2.1125538238112505,0.021441981929879877,1.6050629420692875,1.6735311492943385,1.6735311492943385,2.236338002556413,0.022061921936289614,1.6514692273580487,1.671639181910758,1.671639181910758,2.231425421127731,0.02203698040069874,1.649602201510059
55.0,-95.0,-0.3071137007821036,-0.9383295870596465,0.03207264738495396,0.0301677033480095,0.9882914469908051,1.6278282901654715,1.6278282901654715,2.116085918513423,0.003231165602620756,1.624597124562851,1.6748927772049302,1.6748927772049302,2.239870097258586,0.003324586482787073,1.6715681907221431,1.6729992704681105,1.6729992704681105,2.2349575158299038,0.0033208279574725138,1.669678442510638
55.0,-90.0,-0.3094970429730659,-0.9395214333947215,0.00966528524546326,-0.03893272426287583,0.9899990495826495,1.6334583808245862,1.6334583808245862,2.131080734863938,0.002681894745998194,1.6307764860785876,1.680685647519895,1.680685647519895,2.2548649136091,0.0027594348657250683,1.67792621265417,1.6787855918032746,1.6787855918032746,2.2499523321804187,0.0027563152579632003,1.676029276545311
55.0,-85.0,-0.31039498102694846,-0.9370196697661365,-0.012964271220758345,-0.10782567159123163,0.9930485152084688,1.6435368690231933,1.6435368690231933,2.1577945093892583,0.019656949870711284,1.6238799191524824,1.6910555293993141,1.6910555293993141,2.281578688134421,0.02022528024561301,1.6708302491537013,1.6891437502807742,1.6891437502807742,2.2766661067057394,0.020202415077812213,1.6689413352029623
55.0,-80.0,-0.309675948527409,-0.9307506741623061,-0.03581729936029714,-0.17664092059464717,0.9973369061214608,1.6577624518049887,1.6577624518049887,2.1952229867416073,0.054140214108918505,1.6036222376960696,1.7056924084833713,1.7056924084833713,2.319007165486769,0.05570553977664216,1.6499868687067285,1.7037640820195152,1.7037640820195152,2.314094584058087,0.05564256331851851,1.6481215187009965
55.0,-75.0,-0.3071512262315257,-0.920444317468684,-0.05885986618503013,-0.24546668300899302,1.0026355238324036,1.6754238512830013,1.6754238512830013,2.241246937534271,0.10619479200483332,1.5692290592781688,1.7238644421061853,1.7238644421061853,2.3650311162794333,0.10926514250934594,1.61459929959684,1.7219155717194259,1.7219155717194259,2.360118534850752,0.10914161562675571,1.6127739560926708
55.0,-70.0,-0.3026001514005987,-0.9056617743892157,-0.08200885880397324,-0.31430466657823014,1.0086143849721114,1.6954650190012326,1.6954650190012326,2.292888338006536,0.1758506510432728,1.5196143679579595,1.7444850488746093,1.7444850488746093,2.416672516751699,0.18093492236163475,1.563550126512974,1.742512866393867,1.742512866393867,2.4117599353230164,0.1807303710619453,1.5617824953319213
55.0,-65.0,-0.295799715436998,-0.8858360773406055,-0.10512448918233108,-0.3830336198768432,1.014873854108285,1.7165744586485148,1.7165744586485148,2.346626462580349,0.2629369924123332,1.4536374662361815,1.7662048139196571,1.7662048139196571,2.4704106413255116,0.2705391423112801,1.495665671608377,1.7642080767199533,1.7642080767199533,2.4654980598968295,0.27023329127680695,1.4939747854431464
55.0,-60.0,-0.2865542828787836,-0.8603210577642801,-0.12801061013796236,-0.4513837779314067,1.0209797797979874,1.737291922236745,1.737291922236745,2.398728003494253,0.36688140875224795,1.3704105134844968,1.7875212699215401,1.7875212699215401,2.5225121822394154,0.3774888453053277,1.4100324246162121,1.7855004339534888,1.7855004339534888,2.5175996008107333,0.37706208504855904,1.4084383489049297
55.0,-55.0,-0.2747210417785003,-0.828445290540104,-0.15042302451410083,-0.518923466325091,1.0264998297227133,1.7561284612389712,1.7561284612389712,2.4455628148275306,0.4865029554424674,1.2696255057965045,1.806902419219026,1.806902419219026,2.569346993572694,0.5005689427332723,1.3063334764857542,1.8048596723935983,1.8048596723935983,2.5644344121440117,0.5000030374537177,1.3048566349398811
55.0,-50.0,-0.2602274648171239,-0.7895690079500686,-0.17208444415138668,-0.5850582590189748,1.031040141859476,1.7716978839455588,1.7716978839455588,2.4838966646656986,0.6198291013299001,1.1518687826156588,1.8229219919184676,1.8229219919184676,2.6076808434108605,0.637749872754296,1.1851721191641722,1.820861134579197,1.820861134579197,2.6027682619821793,0.637028881120144,1.1838322534590533
55.0,-45.0,-0.24307865130179265,-0.7431428169801344,-0.19270322371927212,-0.6490424877013609,1.034281954024742,1.7828565982157436,1.7828565982157436,2.511164126603909,0.7639664737642589,1.0188901244514854,1.8344033318404604,1.8344033318404604,2.6349483053490714,0.7860546082562598,1.0483487235842015,1.8323294945691093,1.8323294945691093,2.6300357239203893,0.7851659545367512,1.047163540032359
55.0,-40.0,-0.2233547127184245,-0.6887668792735033,-0.21199203352930485,-0.7100024375806948,1.0360170005014924,1.788843232020859,1.788843232020859,2.5257228218196675,0.9150519149565487,0.8737913170643098,1.8405630538335824,1.8405630538335824,2.64950700056483,0.9415082981341174,0.8990547556994648,1.838482252847748,1.838482252847748,2.644594419136148,0.9404439002636676,0.8980383525840799
55.0,-35.0,-0.20120074179373706,-0.6262479824422836,-0.2296827490352668,-0.7669701299967315,1.0361783724451024,1.7894005425492476,1.7894005425492476,2.5270756468611753,1.0683037409176674,0.7210968016315806,1.8411364775689345,1.8411364775689345,2.6508598256063376,1.0991910082494776,0.7419454693194574,1.839055028313718,1.839055028313718,2.645947244177656,1.0979483462668729,0.7411066820468455
55.0,-30.0,-0.17681355338691904,-0.5556501572471042,-0.2455351445327989,-0.8189261294780162,1.0348611707145203,1.7848540215439075,1.7848540215439075,2.5160270211182603,1.2181838219303827,0.5666701996135248,1.8364585055498588,1.8364585055498588,2.6398111998634226,1.2534044880444313,0.5830540175054273,1.8343823448549923,1.8343823448549923,2.6348986184347405,1.2519874839983376,0.5823948608566545
55.0,-25.0,-0.1504296623508679,-0.47733299568390025,-0.25933908685855084,-0.8648492697122188,1.0323259627549564,1.7761196451934351,1.7761196451934351,2.4947221791618386,1.35866969313019,0.41744995206324487,1.827471597071134,1.827471597071134,2.618506357907001,1.397952148503128,0.4295194485680058,1.8254055962933557,1.8254055962933557,2.6135937764783197,1.3963717298357556,0.42903386645760005
55.0,-20.0,-0.12231773139793764,-0.3919714090758342,-0.27091205019465203,-0.9037705075569595,1.0289789512996206,1.7646212308185267,1.7646212308185267,2.466515000816146,1.4836224959821005,0.28099873483642585,1.8156407354856743,1.8156407354856743,2.590299179561309,1.5265176417142716,0.2891230937714023,1.8135881097826583,1.8135881097826583,2.5853865981326263,1.5247918766516964,0.2887962331309618
55.0,-15.0,-0.09277645326014038,-0.3005517262847607,-0.2800950993041362,-0.9348272899113373,1.0253263563712045,1.7521156168591012,1.7521156168591012,2.435627605690621,1.5872214841950172,0.1648941326640839,1.8027735537185938,1.8027735537185938,2.5594117844357833,1.63311192941148,0.16966162430711376,1.800735474675335,1.800735474675335,2.554499203007101,1.6312656569321864,0.1694698177431489
55.0,-10.0,-0.06213641343035077,-0.20434174254855011,-0.28675054314768306,-0.9573140243358111,1.0219063052977426,1.740446491336182,1.740446491336182,2.4066067578195525,1.6644208130626785,0.07602567827350239,1.7907670453093751,1.7907670453093751,2.5303909365647144,1.7125432792084356,0.07822376610093877,1.788742539913856,1.788742539913856,2.525478355136033,1.710607207669762,0.07813533224409289
55.0,-5.0,-0.030762820370483356,-0.10483601691085946,-0.29076332341270994,-0.9707238235841715,1.019208022669935,1.7312675353631952,1.7312675353631952,2.383641852376394,1.7113731014599,0.01989443390329448,1.7813227033266745,1.7813227033266745,2.5074260311215557,1.7608530728057414,0.02046963052093269,1.7793088749878674,1.7793088749878674,2.502513449692874,1.7588623858786232,0.02044648910924407
55.0,0.0,0.0009443719832401651,-0.003681455535372651,-0.2920464411359729,-0.9747770255577352,1.0175931496863933,1.7257857058666584,1.7257857058666584,2.36986867545173,1.7257616315116586,2.407435499943058e-05,1.7756823807661881,1.7756823807661881,2.493652854196892,1.7756576103628552,2.477040333309042e-05,1.7736749289482614,1.7736749289482614,2.4887402727682106,1.7736501865484673,2.4742399793864932e-05
55.0,5.0,0.03255551333200381,0.09740893067667909,-0.29054910472122586,-0.9694332812686861,1.017235484197028,1.7245727544775067,1.7245727544775067,2.3668152065273844,1.7069925666109989,0.017580187866507432,1.7744343599933188,1.7744343599933188,2.490599385272546,1.7563458860078183,0.01808847398549998,1.772428319093018,1.772428319093018,2.4856868038438646,1.754360294564233,0.018068024528784615
55.0,10.0,0.06362236694929291,0.19674487479548716,-0.2862654055056729,-0.9548861455967544,1.018092228030681,1.7274789434551843,1.7274789434551843,2.3741276238663858,1.6562200366929345,0.07125890676224918,1.7774245739841383,1.7774245739841383,2.497911802611547,1.7041053983876266,0.07331917559651113,1.775415152574701,1.775415152574701,2.492999221182866,1.7021788660770134,0.07323628649768671
55.0,15.0,0.09369444741049457,0.29274144645377576,-0.2792413797493088,-0.9315416685553435,1.0199126591853727,1.7336622104331858,1.7336622104331858,2.3896448273902005,1.5762055800564085,0.15745663037677674,1.7837866142948717,1.7837866142948717,2.5134290061353632,1.6217775286103595,0.16200908568451153,1.7817700004452062,1.7817700004452062,2.508516424706681,1.6199440699449212,0.1618259305002844
55.0,20.0,0.12233857828178991,0.3839883181803433,-0.2695790448720398,-0.8999848347581431,1.022281429188529,1.7417245006548705,1.7417245006548705,2.409794610576496,1.4710412839812737,0.2706832166735974,1.7920820049952364,1.7920820049952364,2.5335787893216577,1.5135726761819874,0.27850932881324975,1.7900560130060332,1.7900560130060332,2.528666207892976,1.5118615457155946,0.27819446729043923
55.0,25.0,0.14915928656406668,0.46930134261449763,-0.2574368976715091,-0.8609391836218437,1.0246864286825748,1.7499292351296059,1.7499292351296059,2.430204867353724,1.345785018154448,0.4041442169751578,1.8005239583595078,1.8005239583595078,2.553989046098886,1.3846949461410103,0.4158290122184976,1.7984884225381352,1.7984884225381352,2.549076464670204,1.3831295150610974,0.4153589074770378
55.0,30.0,0.17381794615004678,0.5477550569851245,-0.24302696789473616,-0.8152250997004127,1.0265974630605,1.7564625379375856,1.7564625379375856,2.446388915373892,1.206061703454962,0.5504008344826237,1.8072461548899945,1.8072461548899945,2.570173094119055,1.240931889551355,0.5663142653386394,1.805203019463089,1.805203019463089,2.565260512690373,1.2395289860790975,0.5656740333839914
55.0,35.0,0.19604917338096284,0.6186973220448927,-0.22660864535325895,-0.7637210116372006,1.027542172591407,1.759696737228804,1.759696737228804,2.4543782878212186,1.0576771850253432,0.7020195522034607,1.8105738627727173,1.8105738627727173,2.578162466566381,1.0882572127022772,0.7223166500704401,1.8085269652916791,1.8085269652916791,2.5732498851376997,1.0870269116396127,0.7215000536520665
55.0,40.0,0.21567346559203518,0.6817489415914251,-0.20847930109416024,-0.7073294903526973,1.0271685791674232,1.7584173899939897,1.7584173899939897,2.451219700868568,0.9062763604621586,0.8521410295318311,1.8092575264883113,1.8092575264883113,2.5750038796137305,0.9324790209508782,0.8767785055374331,1.807212117157235,1.807212117157235,2.570091298185049,0.9314248308963603,0.8757872862608747
55.0,45.0,0.23260524283703415,0.7367914883876313,-0.18896157460752375,-0.6469478181630576,1.0252876925330918,1.75198347895612,1.75198347895612,2.4353000649414978,0.7570620911431325,0.9949213878129878,1.80263759538648,1.80263759538648,2.55908424368666,0.7789506030899604,1.02368699229652,1.8005996700473998,1.8005996700473998,2.5541716622579793,0.7780699806198691,1.022529689427531
55.0,50.0,0.24685536541160716,0.7839457783423757,-0.16838743529391517,-0.5834409578261145,1.0218934555261852,1.7404027217672937,1.7404027217672937,2.4064975380224243,0.6145816537361963,1.1258210680310978,1.7907220102554726,1.7907220102554726,2.530281716767587,0.6323507086492399,1.158371301606233,1.7886975557731692,1.7886975557731692,2.525369135338905,0.63163582090051,1.1570617348726597
55.0,55.0,0.2585271340909603,0.823542004346653,-0.14707982417387253,-0.5176146454922287,1.017160315727885,1.7243178897853695,1.7243178897853695,2.3661733402518457,0.482584290596403,1.2417335991889664,1.7741721265411765,1.7741721265411765,2.489957518997008,0.496536979726724,1.2776351468144524,1.7721663821021267,1.7721663821021267,2.4850449375683263,0.4959756326787287,1.2761907494233982
55.0,60.0,0.26780504952362083,0.8560812293692159,-0.12533359339461486,-0.45018763120750016,1.0114207970741378,1.7049132150459827,1.7049132150459827,2.3170227706112896,0.3639537804543585,1.340959434591624,1.7542064153163726,1.7542064153163726,2.4408069493564515,0.37447657213124647,1.379729843185126,1.7522232425960769,1.7522232425960769,2.4358943679277707,0.3740532173220539,1.3781700252740225
55.0,65.0,0.27493635483996237,0.8821874567872156,-0.10339814791531103,-0.3817643348680598,1.0051268041868895,1.6837601529610715,1.6837601529610715,2.2628022750560723,0.26071916497527936,1.4230409879857917,1.7324417666026048,1.7324417666026048,2.386586453801235,0.26825719207251714,1.4641845745300872,1.7304831993433416,1.7304831993433416,2.381673872372553,0.26795392083790276,1.4625292785054385
55.0,70.0,0.28020647671025467,0.9025502209851956,-0.08146428184623394,-0.3128114426609755,0.9987992785676024,1.6626274947810427,1.6626274947810427,2.2079495812963996,0.17414161050868784,1.4884858842723552,1.7106981117203854,1.7106981117203854,2.3317337600415615,0.1791764692959027,1.531521642424483,1.708764126188122,1.708764126188122,2.32682117861288,0.17897390596987445,1.5297902202182474
55.0,75.0,0.28391056368538636,0.9178594782744607,-0.05965710365415095,-0.24364332641264008,0.9929714349125242,1.6432817366913677,1.6432817366913677,2.157120285604004,0.1048659303233795,1.5384158063679885,1.6907930205693669,1.6907930205693669,2.280904464349166,0.10789786019485491,1.5828951603745123,1.6888815382233993,1.6888815382233993,2.275991882920484,0.10777587905794397,1.5811056591654555
55.0,80.0,0.28632402340736013,0.9287370010622295,-0.03803590772264322,-0.17442106195256327,0.9881312163124832,1.6273004966931548,1.6273004966931548,2.114677569967917,0.05311447721927665,1.574186019473878,1.6743497239357492,1.6743497239357492,2.238461748713079,0.05465014633118289,1.6196995776045662,1.6724568311337662,1.6724568311337662,2.233549167284397,0.05458836302083931,1.6178684681129267
55.0,85.0,0.287675091462712,0.9356707032999814,-0.016600803138489918,-0.10516819170211852,0.9846687557106187,1.6159161945995166,1.6159161945995166,2.0841883343933083,0.01889278025444005,1.5970234143450759,1.6626362738959939,1.6626362738959939,2.20797251313847,0.019439016621504324,1.643197257274489,1.6607566234321858,1.6607566234321858,2.2030599317097894,0.0194170403437205,1.6413395830884643
55.0,90.0,0.2881220987189404,0.9389595594297226,0.004694795766521092,-0.03580363725065212,0.9828343398367455,1.6099009714621129,1.6099009714621129,2.0679916244782954,0.002173184714512915,1.6077277867476,1.6564471359832422,1.6564471359832422,2.1917758032234587,0.0022360167862052836,1.654211119197037,1.6545744824893247,1.6545744824893247,2.1868632217947765,0.0022334889152239618,1.652340993574101
55.0,95.0,0.2877374925145543,0.9386764833268457,0.02592700359676673,0.03381094572836259,0.9827114502823147,1.609498405868925,1.609498405868925,2.06690550873964,0.0030255779977117103,1.6064728278712135,1.6560329312366757,1.6560329312366757,2.1906896874848028,0.003113054838678578,1.6529198763979973,1.654160746011228,1.654160746011228,2.18577710605612,0.003109535454996619,1.6510512105562316
55.0,100.0,0.286500048899027,0.9346546255362062,0.04718089527800014,0.1038147503849793,0.9842078471197534,1.6144037766630492,1.6144037766630492,2.080121648628575,0.02167205488723539,1.5927317217758137,1.661080128267362,1.661080128267362,2.203905827373737,0.02229864686411708,1.6387814814032446,1.659202237063771,1.659202237063771,2.198993245945055,0.02227343770527789,1.6369287993584927
55.0,105.0,0.28429615836132394,0.9264994486875567,0.06852800492395023,0.1742893134414666,0.9870655430700175,1.6237923887825338,1.6237923887825338,2.1053050140152307,0.05845337662265898,1.5653390121598747,1.6707401880672228,1.6707401880672228,2.229089192760393,0.06014340634083648,1.6105967817263862,1.6688513759327173,1.6688513759327173,2.224176611331712,0.06007541276737819,1.6087759631653389
55.0,110.0,0.2809304624884019,0.9136254237342499,0.09000384432384156,0.24520513884504114,0.9908882841958631,1.636394100965133,1.636394100965133,2.138879052415714,0.11370774133043522,1.5226863596346976,1.6837062464915453,1.6837062464915453,2.262663231160876,0.116995309528177,1.5667109369633678,1.6818027759148333,1.6818027759148333,2.2577506497321944,0.11686304350507215,1.5649397324097607
55.0,115.0,0.2761452982383461,0.8953130712475658,0.11158802621344699,0.3163796866484553,0.9951832569953543,1.650610638115163,1.650610638115163,2.1764463979175988,0.18757557041946965,1.4630350676956938,1.6983338184125558,1.6983338184125558,2.300230576662761,0.19299883776054083,1.5053349806520153,1.6964138110125004,1.6964138110125004,2.2953179952340794,0.19278064791312396,1.503633163099377
55.0,120.0,0.26964733473876396,0.8707799229121963,0.1331899626374399,0.387451149688434,0.999412486824605,1.6646696465927597,1.6646696465927597,2.213280607271645,0.2797566750899265,1.3849129715028337,1.7127993071229135,1.7127993071229135,2.3370647860168074,0.287845123047563,1.424954184075351,1.7108629461384992,1.7108629461384992,2.332152204588126,0.2875197071838915,1.423343238954608
55.0,125.0,0.26113865858009516,0.8392579931059104,0.1546428088802262,0.4578702381257026,1.0030488180028059,1.6768053814789812,1.6768053814789812,2.2448265911498497,0.38925675162965834,1.2875486298493222,1.7252859157104448,1.7252859157104448,2.3686107698950125,0.4005111139311229,1.324774801779321,1.723335438313444,1.723335438313444,2.3636981884663304,0.40005832644363654,1.323277111869807
55.0,130.0,0.2503487371545787,0.8000704210905512,0.17570715041317517,0.5269099560088191,1.0056312810103105,1.6854507478846674,1.6854507478846674,2.26716066121639,0.5141663941181068,1.1712843537665605,1.734181240749735,1.734181240749735,2.3909448399615525,0.5290321989074049,1.20514904184233,1.7322207069729367,1.7322207069729367,2.3860322585328713,0.5284341152292978,1.2037865917436388
55.0,135.0,0.2370634991903728,0.7527008318008063,0.19608411318334648,0.5936913487143181,1.0068148001609507,1.6894202684941866,1.6894202684941866,2.277377002422568,0.6515153125246695,1.0379049559695164,1.7382655298839247,1.7382655298839247,2.40116118116773,0.6703522096148468,1.0679133202690774,1.7363003787196158,1.7363003787196158,2.3962485997390477,0.6695943602514589,1.0667060184681565
55.0,140.0,0.2211483302852029,0.6968504163022367,0.2154356973455298,0.6572216709939179,1.0064094351720507,1.6880601495043426,1.6880601495043426,2.2738791748656473,0.7972359920335838,0.8908241574707588,1.7368660865360044,1.7368660865360044,2.3976633536108096,0.8202860294614506,0.9165800570745537,1.7349025174762,1.7349025174762,2.392750772182128,0.8193586762935086,0.9155438411826914
55.0,145.0,0.20256291582243688,0.6324794942320645,0.23340885030108818,0.7164406121870532,1.004404742959914,1.68134186857603,1.68134186857603,2.2565602785984873,0.9462557773875134,0.7350860911885169,1.7299535637164625,1.7299535637164625,2.3803444573436496,0.9736143403513873,0.7563392233650755,1.7279978094306576,1.7279978094306576,2.375431875914968,0.9725136458247824,0.7554841636058756
55.0,150.0,0.1813672166880267,0.5598320887704813,0.24965951820698692,0.7702702416463375,1.0009756016524747,1.6698809176242557,1.6698809176242557,2.226855018885138,1.0927177902208687,0.5771631274033872,1.718161248713094,1.718161248713094,2.3506391976303007,1.1243109272773626,0.5938503214357312,1.7162188259242093,1.7162188259242093,2.3457266162016186,1.1230398666195978,0.5931789593046117
55.0,155.0,0.15771908283640515,0.47944350505945577,0.2638736208723711,0.8176650683936377,0.9964671773309552,1.6548724052018582,1.6548724052018582,2.1876451421266463,1.230313434702496,0.424558970499362,1.7027188035825271,1.7027188035825271,2.3114293208718086,1.2658847975126,0.43683400606992695,1.7007938388508306,1.7007938388508306,2.306516739443127,1.264453684175227,0.4363401546756033
55.0,160.0,0.131864895720816,0.3921318468568194,0.2757831689840814,0.8576596382228012,0.9913587379824572,1.6379483237116341,1.6379483237116341,2.14300195909805,1.352695483938786,0.28525283977284865,1.6853054056092545,1.6853054056092545,2.266786137843213,1.39180521034961,0.29350019525964466,1.6834001271445367,1.6834001271445367,2.261873556414531,1.3902317409442815,0.29316838620025554
55.0,165.0,0.10412515426583768,0.29897484469342184,0.2851770216129769,0.8894119286757243,0.9862086584679026,1.6209743413747641,1.6209743413747641,2.0977614039598693,1.4539316008998346,0.16704274047492948,1.6678406640341232,1.6678406640341232,2.2215455827050326,1.495968310422713,0.17187235361141012,1.6659551298815662,1.6659551298815662,2.21663300127635,1.4942770821169933,0.17167804776457293
55.0,170.0,0.07487713870942074,0.20127352455328815,0.291906638142685,0.9122411482070338,0.9815859694704611,1.605813860915624,1.605813860915624,2.056952022986422,1.5289529757094276,0.07686088520619622,1.6522418571001378,1.6522418571001378,2.180736201731584,1.5731587361965507,0.079083120903587,1.650373957775564,1.650373957775564,2.175823620302902,1.5713802422501826,0.07899371552538151
55.0,175.0,0.04453674903945123,0.10050441113131926,0.295887495184701,0.925658452502535,0.9779967480354527,1.5940918432535007,1.5940918432535007,2.0251333956268605,1.573951219961912,0.020140623291588312,1.6401809273109378,1.6401809273109378,2.148917574372022,1.619457989465904,0.020722937845033762,1.6383266631587876,1.6383266631587876,2.14400499294334,1.61762715309549,0.02069951006329734
55.0,180.0,0.01354132149211734,-0.0017376756392169,0.2970968007968484,0.9293888932198552,0.9758158693055415,1.5869902965938547,1.5869902965938547,2.005742713366832,1.58667965907156,0.0003106375222947335,1.6328740576127734,1.6328740576127734,2.1295268921119934,1.632554438801893,0.00031961881088047483,1.6310280540532935,1.6310280540532935,2.124614310683312,1.6307087965791982,0.0003192574740953068
60.0,-180.0,0.013890373526515261,-0.0018074275014487106,0.27535566776765535,0.8294131965802266,0.8740384452094085,1.2732086771971298,1.2732086771971298,1.0489958977145246,1.2728816694496705,0.00032700774745889603,1.3100202461129022,1.3100202461129022,1.1727800764596865,1.309683783773712,0.000336462339190139,1.3085392365849227,1.3085392365849227,1.167867495031005,1.308203154624533,0.00033608196038941015
60.0,-175.0,-0.016129302020442167,-0.09672671944364973,0.273632838448487,0.8238823948339425,0.8736551627688611,1.2720922697130204,1.2720922697130204,1.0451861349311875,1.2560656262228935,0.016026643490126908,1.3088715605648937,1.3088715605648937,1.1689703136763494,1.292381547713647,0.016490012851246946,1.3073918496536692,1.3073918496536692,1.1640577322476675,1.2909204791602193,0.016471370493450058
60.0,-170.0,-0.045887053477670386,-0.18984903551423093,0.26943295829883535,0.8095774999404781,0.8753045900656999,1.2769001263732689,1.2769001263732689,1.0615692994844381,1.2133211609651862,0.06357896540808321,1.3138184240902038,1.3138184240902038,1.1853534782296011,1.2484012356880196,0.0654171884021846,1.3123331206302866,1.3123331206302866,1.180440896800919,1.246989887939554,0.065343232690733
60.0,-165.0,-0.07496351279189246,-0.2796290243049469,0.2628926968403263,0.7868752966617562,0.8786906293072343,1.2867983875829696,1.2867983875829696,1.095105080394927,1.1471151459205389,0.13968324166243024,1.3240028681787936,1.3240028681787936,1.2188892591400893,1.1802810432354551,0.14372182494333802,1.3225060509588586,1.3225060509588586,1.2139766777114074,1.1789467070098036,0.1435593439490547
60.0,-160.0,-0.1029667360039816,-0.36466745511596704,0.2541721013575155,0.7563365154886874,0.883307921007241,1.3003575036121309,1.3003575036121309,1.1406276807699258,1.0610556387738275,0.23930186483830293,1.3379540113305184,1.3379540113305184,1.264411859515088,1.0917333457905418,0.24622066553997624,1.336441422006301,1.336441422006301,1.2594992780864067,1.090499114875465,0.24594230713083548
60.0,-155.0,-0.1295392604955467,-0.4437687197473732,0.24344522285191386,0.7186758578164861,0.8885221785490984,1.3157551049577616,1.3157551049577616,1.191750636983862,0.9595783350998639,0.3561767698578976,1.353796794894291,1.353796794894291,1.3155348157290239,0.9873220857082662,0.3664747091860249,1.3522662949206181,1.3522662949206181,1.3106222343003424,0.9862058942444644,0.3660604006761537
60.0,-150.0,-0.15436650486752018,-0.5159862144422264,0.23089488204385217,0.6747268309861452,0.8936663439595809,1.3310345325757023,1.3310345325757023,1.2418932302728627,0.8475946031167579,0.4834399294589441,1.3695179880396153,1.3695179880396153,1.3656774090180246,0.8721006308434591,0.49741735719615604,1.3679697148773915,1.3679697148773915,1.3607648275893425,0.871114700017223,0.4968550148601686
60.0,-145.0,-0.17718739047065354,-0.5806525274872155,0.21671178361538018,0.6254039836614346,0.898135217523755,1.3443797758911242,1.3443797758911242,1.285219705596008,0.7301396984657409,0.6142400774253831,1.383249074895693,1.383249074895693,1.4090038843411694,0.7512498183617048,0.6319992565339881,1.381685278408144,1.381685278408144,1.4040913029124882,0.7504005122977809,0.6312847661103628
60.0,-140.0,-0.19780677329506957,-0.6373926684230017,0.20109622751149692,0.5716643170884446,0.9014636528847711,1.354362621564178,1.354362621564178,1.31734959371091,0.612051887531258,0.7423107340329196,1.39352054899082,1.39352054899082,1.4411337724560724,0.6297478007318222,0.7637727482589973,1.3919451403537284,1.3919451403537284,1.4362211910273903,0.6290358556333587,0.7629092847203695
60.0,-135.0,-0.21610767627154834,-0.6861200398163958,0.18425923852461118,0.5144687145031472,0.9033785264025989,1.3601225600202056,1.3601225600202056,1.335780442101209,0.4977041498480958,0.8624184101721102,1.3994470213192773,1.3994470213192773,1.4595646208463715,0.5120939909950569,0.8873530303242209,1.3978649126620817,1.3978649126620817,1.4546520394176896,0.5115150563700882,0.8863498562919939
60.0,-130.0,-0.23205993653655144,-0.7270160991087506,0.16641985124280145,0.4547437078311533,0.9038205735699727,1.361453974058336,1.361453974058336,1.3400296396437061,0.3908031375316202,0.9706508365267158,1.4008169297853028,1.4008169297853028,1.4638138183888678,0.40210220962199844,0.9987147201633046,1.3992332724135006,1.3992332724135006,1.4589012369601873,0.40164762336240517,0.9975856490510954
60.0,-125.0,-0.2457213778857976,-0.7604954301345523,0.14779675476672857,0.39334412032815436,0.9029373026528136,1.3587942755743967,1.3587942755743967,1.3315370857502276,0.2942655302312001,1.0645287453431966,1.3980803329297218,1.3980803329297218,1.4553212644953897,0.3027734645860687,1.0953068683436533,1.3964997693467591,1.3964997693467591,1.4504086830667082,0.30243117187173696,1.0940685974750222
60.0,-120.0,-0.25722845442898773,-0.7871582500407113,0.1285949525928371,0.3310180283939483,0.901051710685492,1.3531250971472926,1.3531250971472926,1.3133794921352897,0.21017770999384228,1.1429473871534501,1.392247244724038,1.392247244724038,1.437163670880452,0.2162544603290897,1.175992784394948,1.3906732755881732,1.3906732755881732,1.4322510894517706,0.2160099794386868,1.174663296149486
60.0,-115.0,-0.2667754699001553,-0.8077324995975385,0.10899044295572971,0.26837665405209304,0.8986133135795502,1.3458114394723877,1.3458114394723877,1.2898421550964838,0.13983828069659465,1.2059731587757931,1.3847221313637077,1.3847221313637077,1.4136263338416457,0.14388134653420584,1.2408407848295022,1.383156669550244,1.383156669550244,1.408713752412964,0.14371868519691128,1.2394379843533332
60.0,-110.0,-0.27458434656914643,-0.8230080174695386,0.08911713008873098,0.20587266561210701,0.8961384812189641,1.338408764171066,1.338408764171066,1.2658877181168302,0.0838737195469611,1.2545350446241046,1.3771054266602178,1.3771054266602178,1.3896718968619914,0.0862987133933132,1.2908067132669045,1.3755485757153811,1.3755485757153811,1.3847593154333104,0.08620115061352629,1.2893474251018546
60.0,-105.0,-0.2808695059845261,-0.8337661886807981,0.06905976867313238,0.1437904715448428,0.8941469052317805,1.332466421857499,1.332466421857499,1.2465627361925347,0.042407253183990745,1.2900591686735086,1.3709912767337165,1.3709912767337165,1.3703469149376968,0.043633350328213555,1.327357926405503,1.369441337983041,1.369441337983041,1.3654343335090149,0.043584021771830156,1.325857316211211
60.0,-100.0,-0.28580380974770864,-0.8407098451347628,0.048855027413770104,0.08225124365754508,0.8931007458062243,1.3293502519784108,1.3293502519784108,1.2363942222244413,0.01525310862860067,1.3140971433498105,1.367785010781367,1.367785010781367,1.3601784009696025,0.015694113209795933,1.3520908975715717,1.366238696791789,1.366238696791789,1.3552658195409215,0.015676370635766358,1.3505623261560231
60.0,-95.0,-0.289491277001021,-0.8443995921827339,0.02850057835172078,0.02123368623784571,0.8933526868687859,1.3301003692664017,1.3301003692664017,1.2388441403014405,0.0021052043993412626,1.3279951648670607,1.3685568157901038,1.3685568157901038,1.3626283190466035,0.002166070994280546,1.3663907447958232,1.3670096292563225,1.3670096292563225,1.3577157376179216,0.002163622198706334,1.3648460070576163
60.0,-90.0,-0.2919506960734222,-0.8452033445616343,0.00797036431132242,-0.03939068593798732,0.8951084042962889,1.335333633152395,1.335333633152395,1.255897877489405,0.0026918579921315815,1.332641775160264,1.3739413861018572,1.3739413861018572,1.3796820562345675,0.0027696861736100234,1.3711716999282477,1.3723881121812898,1.3723881121812898,1.3747694748058856,0.0027665549764970005,1.3696215572047934
60.0,-85.0,-0.29311199523590864,-0.8432649687774687,-0.01276664969445234,-0.09981126034018489,0.8984073265248662,1.345194515691784,1.345194515691784,1.2878508804369035,0.016875060830716066,1.3283194548610682,1.3840873708115895,1.3840873708115895,1.4116350591820657,0.017362960006910243,1.3667244108046797,1.382522626610261,1.382522626610261,1.4067224777533847,0.017343330761270363,1.3651792958489908
60.0,-80.0,-0.2928250950275165,-0.8384953861386826,-0.03372694952362656,-0.1602262083468391,0.9031229118005512,1.3593529645741353,1.3593529645741353,1.3333223867782187,0.04468218893706388,1.3146707756370726,1.3986551749913936,1.3986551749913936,1.457106565523381,0.045974060023730716,1.3526811149676639,1.3970739615355965,1.3970739615355965,1.4521939840946996,0.045922085238503475,1.351151876297094
60.0,-75.0,-0.29087937605958275,-0.8305859175072018,-0.05489450467276654,-0.2207903557197024,0.9089805089220524,1.3770435007696078,1.3770435007696078,1.3894765982540216,0.086267613983335,1.290775886786273,1.4168571877452494,1.4168571877452494,1.5132607769991844,0.08876182115787118,1.3280953665873783,1.4152553964744172,1.4152553964744172,1.5083481955705031,0.08866147377526722,1.32659392269915
60.0,-70.0,-0.28703087421778395,-0.8190402682660326,-0.07620637750761858,-0.28156836539356883,0.9155882481545731,1.3971368183201942,1.3971368183201942,1.4523893763314084,0.14181025301764152,1.2553265653025523,1.4375314521249039,1.4375314521249039,1.57617355507657,0.14591033338578202,1.2916211187391218,1.4359062880988633,1.4359062880988633,1.5712609736478886,0.1457453782298474,1.2901609098690157
60.0,-65.0,-0.2810336181535358,-0.8032195952761589,-0.09754378744185113,-0.3424972368001799,0.922475344089111,1.4182345217666865,1.4182345217666865,1.51748052488459,0.2113602666840259,1.20687425508266,1.4592391416469663,1.4592391416469663,1.6412647036297525,0.21747120761809435,1.2417679340288712,1.4575894365536344,1.4575894365536344,1.6363521222010702,0.21722535116549424,1.2403640853881397
60.0,-60.0,-0.27267097629131065,-0.7823951639338138,-0.11873029282203093,-0.40336054588194303,0.9291330724209856,1.4387798807602024,1.4387798807602024,1.5799435621353233,0.29465407889647593,1.1441258018637257,1.480378517090444,1.480378517090444,1.7037277408804863,0.303173247141142,1.1772052699493012,1.4787049134226127,1.4787049134226127,1.6988151594518035,0.30283050246297627,1.175874410959636
60.0,-55.0,-0.2617826067423434,-0.7558048207644499,-0.13953803762571276,-0.46377550467171946,0.9350559571285247,1.4571817417208306,1.4571817417208306,1.6351372095611925,0.39092176136735257,1.0662599803534778,1.4993124207437294,1.4993124207437294,1.7589213883063548,0.40222426316221066,1.0970881575815186,1.4976174118405245,1.4976174118405245,1.7540088068776727,0.4017695389181424,1.0958478729223822
60.0,-50.0,-0.24828300054022742,-0.722711730988996,-0.15970157652332745,-0.5231930012946063,0.9397830625277642,1.4719523298266926,1.4719523298266926,1.6789374530823697,0.49871410099373475,0.973238228832958,1.5145100625853407,1.5145100625853407,1.8027216318275325,0.513133142292144,1.0013769202931968,1.512797872380979,1.512797872380979,1.7978090503988506,0.5125530328815362,1.0002448394994428
60.0,-45.0,-0.23216904908310826,-0.6824652481192179,-0.17893690668601928,-0.5809101854629389,0.9429402644873788,1.4818589927304628,1.4818589927304628,1.7080688003158246,0.6157772597605198,0.8660817329699431,1.5247031512814722,1.5247031512814722,1.831852979060987,0.633580882560469,0.8911222687210032,1.522979437544155,1.522979437544155,1.8269403976323053,0.6328646040704211,0.8901148334737337
60.0,-40.0,-0.21351651609666397,-0.6345635645033301,-0.1969617291227875,-0.6360946928619046,0.9442831148905226,1.4860826576844433,1.4860826576844433,1.7204296607185365,0.7389998915422316,0.7470827661422117,1.52904893269312,1.52904893269312,1.8442138394636993,0.760366181234933,0.7686827514581868,1.527320305944957,1.527320305944957,1.8393012580350172,0.7595065689026017,0.7678137370423553
60.0,-35.0,-0.19246811905437466,-0.5787159515216423,-0.21351247780984742,-0.6878191548853534,0.9437366674054957,1.4843631920906337,1.4843631920906337,1.715401765645633,0.8644509143324226,0.619912277758211,1.5272797531542688,1.5272797531542688,1.8391859443907956,0.8894442991382061,0.6378354540160625,1.5255531265063038,1.5255531265063038,1.8342733629621135,0.8884387608760765,0.6371143656302272
60.0,-30.0,-0.16921807494917654,-0.5148997353256708,-0.22835474132863468,-0.7351042270614645,0.9414247749336384,1.477099545637598,1.477099545637598,1.6940976454980339,0.9875169225474216,0.48958262309017636,1.5198060969622367,1.5198060969622367,1.817881824243196,1.0160684458765528,0.5037376510856841,1.5180879194631018,1.5180879194631018,1.8129692428145152,1.0149197559582954,0.5031681635048061
60.0,-25.0,-0.14399848020662198,-0.44340488407285916,-0.24128607941681582,-0.7769679757707744,0.9376788688112553,1.4653682456102382,1.4653682456102382,1.6594677618505926,1.1031376902314984,0.3622305553787397,1.5077356164319766,1.5077356164319766,1.783251940595755,1.1350320920171812,0.37270352441479543,1.5060310849026086,1.5060310849026086,1.7783393591670738,1.1337489108237393,0.37228217407886915
60.0,-20.0,-0.11707144726563265,-0.3648583489992404,-0.2521329568941738,-0.8124789725280803,0.9330168526622687,1.45083323193641,1.45083323193641,1.6161749471740825,1.206126766000193,0.2447064659362169,1.4927803600539256,1.4927803600539256,1.739959125919246,1.2409988332134922,0.2517815268404331,1.4910927358030936,1.4910927358030936,1.735046544490564,1.2395958540598078,0.2514968817432856
60.0,-15.0,-0.08872805924245075,-0.28022173802543215,-0.2607454156718746,-0.8408097439317143,0.9280873279187358,1.4355429936464614,1.4355429936464614,1.5701620388498472,1.2915515676891356,0.14399142595732609,1.4770480436736921,1.4770480436736921,1.6939462175950093,1.328893474317456,0.1481545693562363,1.475378205186497,1.475378205186497,1.6890336361663283,1.3273911281491628,0.14798707703733407
60.0,-10.0,-0.05929212447970393,-0.1907593716083234,-0.2669933975867206,-0.8612863974169567,0.9235823875605791,1.4216405517899982,1.4216405517899982,1.5278980306922412,1.3551342954809484,0.06650625630904955,1.462743648307437,1.462743648307437,1.6516822094374035,1.3943145338830625,0.06842911442437447,1.4610899812846845,1.4610899812846845,1.6467696280087218,1.3927382276268738,0.06835175365781042
60.0,-5.0,-0.029124677534323497,-0.09797839658680012,-0.27076730638633617,-0.8734296486922455,0.9201316745235812,1.4110372546765222,1.4110372546765222,1.4953848029357428,1.393624309844397,0.017412944832125587,1.451833784007122,1.451833784007122,1.6191689816809043,1.4339173884601266,0.01791639554699618,1.4501924508494572,1.4501924508494572,1.6142564002522228,1.4322963102203463,0.0178961406291116
60.0,0.0,0.0013750879824483086,-0.0035471264036346906,-0.271983194495908,-0.8769826023922966,0.9181981354585985,1.4051132567373419,1.4051132567373419,1.477113312117072,1.4050891356844741,2.41210528679065e-05,1.4457385088356232,1.4457385088356232,1.6008974908622353,1.4457136903842722,2.4818451350865833e-05,1.4441040665337534,1.4441040665337534,1.5959849094335534,1.4440792761402612,2.4790393492195785e-05
60.0,5.0,0.03177535497320537,0.09079904801156696,-0.27059095011109274,-0.8719218147005567,0.917998504103474,1.4045023337577494,1.4045023337577494,1.47522465173247,1.3890791299419922,0.015423203815757102,1.4451099225823123,1.4451099225823123,1.5990088304776324,1.4292407963185432,0.01586912626376901,1.4434761909123834,1.4434761909123834,1.5940962490489503,1.4276250050791286,0.015851185833254983
60.0,10.0,0.06162428768635643,0.18335362413604772,-0.26658288776506683,-0.8584503618827136,0.9194670000507894,1.4089994122209586,1.4089994122209586,1.4891081193884719,1.3466407074744269,0.06235870474653156,1.4497370225547472,1.4497370225547472,1.612892298133635,1.385575375526728,0.0641616470280189,1.4480980598365454,1.4480980598365454,1.607979716704953,1.3840089491001302,0.06408911073641475
60.0,15.0,0.09046815831990987,0.27252703541546525,-0.2600004353397827,-0.8369744246125894,0.9222699640206169,1.4176030801133235,1.4176030801133235,1.5155464816230877,1.2801805298272166,0.1374225502861072,1.4585894434749702,1.4585894434749702,1.6393306603682503,1.3171936720107178,0.1413957714642527,1.4569404728811135,1.4569404728811135,1.6344180789395684,1.3157045527515072,0.1412359201296066
60.0,20.0,0.11787223933440893,0.35691924130798136,-0.25093772849598506,-0.8080675759812881,0.9258661677351498,1.428679942522451,1.428679942522451,1.5493494763998878,1.193210140608378,0.23546980191407338,1.4699865649989206,1.4699865649989206,1.6731336551450497,1.2277087566708282,0.2422778083280928,1.4683247096839167,1.4683247096839167,1.6682210737163685,1.2263208022696586,0.24200390741425834
60.0,25.0,0.14344167349868137,0.43537242971127577,-0.23954208544755248,-0.7724287536743454,0.9295973625458859,1.4402181638519003,1.4402181638519003,1.5842828388727526,1.0900186371541578,0.35019952669774207,1.4818583844550883,1.4818583844550883,1.7080670176179154,1.1215337351107706,0.36032464934431735,1.4801831077614596,1.4801831077614596,1.7031544361892332,1.120265814135825,0.3599172936256341
60.0,30.0,0.16684035051886745,0.5070027119754754,-0.2260118734557415,-0.7308401792659271,0.932789465573112,1.4501261481486072,1.4501261481486072,1.6140578365693956,0.9753249131826605,0.47480123496594734,1.4920528327488503,1.4920528327488503,1.737842015314559,1.0035239357780228,0.4885288969708275,1.490366030985208,1.490366030985208,1.732929433885877,1.0023894277314085,0.4879766032537999
60.0,35.0,0.18780683135109452,0.5712125678686824,-0.2105920108985754,-0.684130047340647,0.9348465758197406,1.4565292193609205,1.4565292193609205,1.6331920141128435,0.8539514095594418,0.6025778098014785,1.4986410323705321,1.4986410323705321,1.7569761928580052,0.8786412280681571,0.6199998043023751,1.4969467824880989,1.4969467824880989,1.7520636114293238,0.8776479029387891,0.6192988795493097
60.0,40.0,0.20616695071419772,0.6276876471356209,-0.1935666510050789,-0.6331420443756014,0.9353253394786653,1.4580214681198689,1.4580214681198689,1.6376391864406514,0.7305442836008929,0.7274771845189754,1.5001764256815198,1.5001764256815198,1.7614233651858142,0.7516661010401201,0.7485103246413987,1.4984804399998655,1.4984804399998655,1.7565107837571328,0.7508163243585744,0.7476641156412902
60.0,45.0,0.22184262737544297,0.6763819504750294,-0.1752481420749284,-0.5787106617959267,0.9339832094990993,1.4538401415537314,1.4538401415537314,1.6251665586425488,0.609348879920736,0.8444912616329956,1.495874206763794,1.495874206763794,1.7489507373877111,0.6269666425771541,0.8689075641866402,1.4941830848445339,1.4941830848445339,1.74403815595903,0.6262578416451551,0.8679252431993787
60.0,50.0,0.23485582811922392,0.7174944079617296,-0.15596169397971654,-0.5216390726941877,0.9307990425479572,1.443944077999283,1.443944077999283,1.5955037392155922,0.49404064776702683,0.9499034302322563,1.4856920238700306,1.4856920238700306,1.719287917960754,0.5083245681315226,0.9773674557385085,1.484012413154453,1.484012413154453,1.7143753365320724,0.5077498949301406,0.9762625182243128
60.0,55.0,0.2453261136668615,0.7514379873840604,-0.13602634643699252,-0.4626759722414817,0.9259676955192823,1.4289932894548103,1.4289932894548103,1.5503018935108968,0.38761123858802704,1.0413820508667835,1.4703089715555204,1.4703089715555204,1.674086072256059,0.39881802509314446,1.0714909464623763,1.4686467517521173,1.4686467517521173,1.6691734908273772,0.3983671516834811,1.0702796000686368
60.0,60.0,0.25346030189678725,0.7788006156710522,-0.11573432464927062,-0.40248940121338245,0.9198720974126513,1.4102412353246514,1.4102412353246514,1.4929340925758505,0.29231336668044466,1.117927868644207,1.4510147497938586,1.4510147497938586,1.6167182713210124,0.30076485922465757,1.1502498905692013,1.4493743425741532,1.4493743425741532,1.6118056898923305,0.30042483728719904,1.1489495052869545
60.0,65.0,0.25953373823774484,0.8002963130952717,-0.09533191543237911,-0.34163850233060805,0.9130372338586477,1.3893622519044202,1.3893622519044202,1.428154951916292,0.2096701276529164,1.1796921242515035,1.4295321040275955,1.4295321040275955,1.5519391306614538,0.21573220254441444,1.2137999014831808,1.42791598345778,1.42791598345778,1.547026549232772,0.21548831207905078,1.2124276713787292
60.0,70.0,0.2638642010273741,0.8167055849342673,-0.07500503370849887,-0.28054720597101973,0.9060710893226849,1.368242463624409,1.368242463624409,1.3616306469662076,0.1405508385158377,1.2276916251085719,1.4078016911456004,1.4078016911456004,1.48541482571137,0.14461450613832463,1.2631871850072762,1.4062101373323834,1.4062101373323834,1.4805022442826887,0.1444510159463902,1.2617591213859936
60.0,75.0,0.2667809856714395,0.8288062692090613,-0.05487164483959926,-0.2194858098212278,0.8995981571325895,1.348762964893676,1.348762964893676,1.2993563233765484,0.08530618713065098,1.2634567777630252,1.3877589925853238,1.3877589925853238,1.4231405021217112,0.08777259710942587,1.2999863954758977,1.3861900975269024,1.3861900975269024,1.418227920693029,0.08767336806850048,1.298516729458402
60.0,80.0,0.26859261246259203,0.8372991029169691,-0.034981675549204054,-0.15856654305754772,0.8941917274368468,1.3326000141783876,1.3326000141783876,1.246998135528556,0.04394407505315328,1.2886559391252344,1.3711287315345073,1.3711287315345073,1.3707823142737185,0.0452146054667695,1.3259141260677378,1.3695786373878598,1.3695786373878598,1.3658697328450367,0.04516348926326133,1.3244151481245983
60.0,85.0,0.26955664101630966,0.8427352460635753,-0.015323717390063534,-0.09775736564469155,0.8903116288841064,1.3210602045621456,1.3210602045621456,1.2092261013029546,0.016318480305454738,1.3047417242566912,1.3592552778703009,1.3592552778703009,1.3330102800481167,0.016790287380856812,1.3424649904894443,1.3577186069497897,1.3577186069497897,1.328097698619435,0.016771305555451938,1.3409473013943383
60.0,90.0,0.2698544478380717,0.8454548068267755,0.0041627855331574206,-0.0369149474097705,0.8882540714965241,1.3149611799227767,1.3149611799227767,1.1891293184160774,0.002300016023141445,1.3126611638996348,1.352979915549724,1.352979915549724,1.3129134971612397,0.0023665150973777604,1.3506134004523458,1.3514503390778794,1.3514503390778794,1.3080009157325578,0.0023638396949038493,1.3490864993829752
60.0,95.0,0.2695729959008745,0.8455452448230103,0.02357105663285571,0.02416605681764621,0.8881193355482586,1.3145622870612113,1.3145622870612113,1.1878116882663377,0.0018992769429274853,1.3126630101182837,1.352569489722411,1.352569489722411,1.3115958670115,0.0019541896727312334,1.3506153000496797,1.3510403772468769,1.3510403772468769,1.306683285582818,0.0019519804141084128,1.3490883968327683
60.0,100.0,0.26869499731264107,0.842826216016022,0.0430070157529072,0.08569358794826615,0.8898011162075178,1.319545623374096,1.319545623374096,1.204244105750734,0.01532129640983324,1.3042243269642626,1.3576969064452065,1.3576969064452065,1.3280282844958968,0.015764272466131535,1.3419326339790745,1.356161997301229,1.356161997301229,1.3231157030672145,0.01574645057536818,1.3404155467258607
60.0,105.0,0.26709852682778645,0.8368635251482097,0.06256655956943351,0.14781662272814491,0.89299860643126,1.3290462073556573,1.3290462073556573,1.2354008045419405,0.042939535601958186,1.2861066717536986,1.3674721754868373,1.3674721754868373,1.3591849832871026,0.04418102232941474,1.3232911531574223,1.3659262151651153,1.3659262151651153,1.354272401858421,0.044131074616606564,1.3217951405485082
60.0,110.0,0.26456682913686513,0.8270104638791416,0.08231147158223949,0.21056957349390004,0.8972494848594592,1.3417294535371882,1.3417294535371882,1.2766495347743048,0.085189199078706,1.2565402544584823,1.380522125256907,1.380522125256907,1.4004337135194667,0.08765222664750076,1.2928698986094065,1.3789614116517863,1.3789614116517863,1.3955211320907854,0.08755313368828982,1.2914082779634966
60.0,115.0,0.2608083913386362,0.8124710955104452,0.10224652244210111,0.27382933508849394,0.9019795752338852,1.3559133128092047,1.3559133128092047,1.3223192480239403,0.142391405564997,1.2135219072442078,1.3951160745027313,1.3951160745027313,1.4461034267691026,0.14650828847103303,1.2486077860316984,1.3935388620855134,1.3935388620855134,1.4411908453404207,0.14634265731243268,1.2471962047730807
60.0,120.0,0.2554861185186136,0.792377757272447,0.12230142218112922,0.33728936085144473,0.9065635210987275,1.369730093378077,1.369730093378077,1.3663499744485534,0.21453119719118136,1.1551988961868949,1.409332331904596,1.409332331904596,1.490134153193716,0.22073381746185963,1.1885985144427358,1.4077390476650324,1.4077390476650324,1.4852215717650332,0.22048427255003222,1.1872547751149998
60.0,125.0,0.2482528386144479,0.7658743373430725,0.1423215127906127,0.4004525933855898,0.9103903915535767,1.381318565774418,1.381318565774418,1.402938490370864,0.30102239577214757,1.0802961700022706,1.4212558553085894,1.4212558553085894,1.5267226691160265,0.30972568759352564,1.111530167715064,1.4196490912378397,1.4196490912378397,1.5218100876873448,0.30937553522317324,1.1102735560146666
60.0,130.0,0.23878891073732722,0.7321974274413465,0.16206994697814212,0.46264269578771794,0.9129283369038722,1.3890308562281672,1.3890308562281672,1.4271189335516876,0.4004987840768432,0.9885320721513239,1.4291911268938855,1.4291911268938855,1.5509031122968504,0.41207818096187177,1.0171129459320134,1.427575391806955,1.427575391806955,1.5459905308681683,0.41161231662573805,1.0159630751812165
60.0,135.0,0.22683703759846208,0.6907487870967114,0.18124173423302212,0.5230310424738904,0.9137827784113367,1.3916321579423092,1.3916321579423092,1.4352445590159983,0.5106713650771316,0.8809607928651771,1.4318676385865923,1.4318676385865923,1.5590287377611602,0.5254361200505522,0.9064315185360399,1.4302488776385498,1.4302488776385498,1.5541161563324788,0.5248421018264456,0.9054067758121038
60.0,140.0,0.21222983827579564,0.6411543047426617,0.19948724948083596,0.5806755057270526,0.9127428731035997,1.3884665429884493,1.3884665429884493,1.425354192893311,0.6282838742957619,0.7601826686926871,1.428610497981736,1.428610497981736,1.549138371638473,0.6464490938324539,0.782161404149282,1.4269954193098142,1.4269954193098142,1.5442257902097913,0.6457182675187686,0.7812771517910454
60.0,145.0,0.19490720374524964,0.5833065345168262,0.21644067888584947,0.6345664250951819,0.9098112148223214,1.3795615764731504,1.3795615764731504,1.3974108990087017,0.7491842087898225,0.6303773676833275,1.4194480671603564,1.4194480671603564,1.521195077753864,0.7708449519393175,0.6486031152210386,1.41784334683777,1.41784334683777,1.5162824963251822,0.7699734931036203,0.6478698537341495
60.0,150.0,0.1749224211759833,0.5173896678747987,0.23174823784302107,0.6836754020749854,0.9052122530099784,1.3656498648586946,1.3656498648586946,1.3533936607211126,0.8685117072272143,0.49713815763147995,1.4051341340247914,1.4051341340247914,1.4771778394662753,0.8936224994620993,0.5115116345626917,1.4035455959493264,1.4035455959493264,1.4722652580375932,0.8926122376435912,0.5109333583057347
60.0,155.0,0.1524378934848413,0.4438871922216977,0.24509196389931182,0.7270035599926963,0.8993761158706816,1.3480972363814407,1.3480972363814407,1.297212183869091,0.9809839672565545,0.3671132691248865,1.3870740162377209,1.3870740162377209,1.420996362614254,1.0093466069107464,0.3777274093269745,1.3855058955616042,1.3855058955616042,1.4160837811855722,1.0082055161937868,0.3773003793678176
60.0,160.0,0.1277125692536073,0.3635733187855492,0.25620686229794354,0.763627145862633,0.8928966528467694,1.3287427504661462,1.3287427504661462,1.2344090805542627,1.081255150252976,0.24748760021317073,1.3671599449183518,1.3671599449183518,1.3581932592994248,1.1125168744242988,0.25464307049405366,1.3656143375808285,1.3656143375808285,1.3532806778707431,1.1112591472281357,0.25435519035269344
60.0,165.0,0.10108382362724984,0.27748958191100914,0.2648911976557054,0.7927392236600471,0.886465583535458,1.3096711966545032,1.3096711966545032,1.1716227626469502,1.1643106087711816,0.14536058788332115,1.3475369859599784,1.3475369859599784,1.295406941392112,1.1979736688663254,0.1495633170936528,1.3460135628514933,1.3460135628514933,1.2904943599634304,1.1966193307000839,0.1493942321514092
60.0,170.0,0.07294661660147558,0.186908089921466,0.27101097773417027,0.8136863835699109,0.880788467119776,1.2929500789527957,1.2929500789527957,1.1158175701197242,1.2258585879813872,0.06709149097140835,1.3303324199534887,1.3303324199534887,1.2396017488648867,1.2613011503049565,0.06903126964853211,1.3288284470224005,1.3288284470224005,1.2346891674362053,1.2598752188914566,0.06895322813094383
60.0,175.0,0.04373248113667256,0.09328305156081843,0.27449990983869504,0.8259990094830574,0.8764923398315078,1.2803678719983709,1.2803678719983709,1.0733476794875776,1.2626778594009291,0.0176900125974419,1.3173864307010708,1.3173864307010708,1.1971318582327393,1.2991849566837423,0.01820147401732884,1.3158970935235053,1.3158970935235053,1.1922192768040576,1.2977161967121573,0.018180896811348303
60.0,180.0,0.0138903735265153,-0.0018074275014486104,0.27535566776765535,0.8294131965802266,0.8740384452094085,1.2732086771971298,1.2732086771971298,1.0489958977145246,1.2728816694496705,0.0003270077474588972,1.3100202461129022,1.3100202461129022,1.1727800764596865,1.309683783773712,0.00033646233919014016,1.3085392365849227,1.3085392365849227,1.167867495031005,1.308203154624533,0.0003360819603894113
65.0,-180.0,0.014126691699890193,-0.001971701987373998,0.2534234250096386,0.7337743779355457,0.7764352652252624,1.0047291979660105,1.0047291979660105,0.02049023272038585,1.0043901209091741,0.0003390770568363208,1.0337783701677237,1.0337783701677237,0.14427441146554904,1.0334294895659781,0.0003488806017453656,1.0326096587523232,1.0326096587523232,0.139361830036867,1.0322611725685245,0.00034848618379889083
65.0,-175.0,-0.014530926433125167,-0.0898697490321958,0.2515614309722235,0.7287745559915714,0.7763267524873915,1.0044483804854758,1.0044483804854758,0.01927622869883676,0.9906358398728947,0.013812540612580873,1.0334894335687579,1.0334894335687579,0.14306040744399912,1.0192775387106645,0.014211894858093295,1.0323210488031611,1.0323210488031611,0.13814782601531747,1.0181252208354519,0.014195827967709016
65.0,-170.0,-0.042896075185649425,-0.1760121419629484,0.24741263768639044,0.715818403727461,0.7787357368110093,1.0106917686618497,1.0106917686618497,0.046187287073182724,0.9559924783530459,0.05469929030880371,1.039913333328377,1.039913333328377,0.16997146581834455,0.9836325530950157,0.05628078023336116,1.0387376861889512,1.0387376861889512,0.16505888438966282,0.9825205327369433,0.05621715345200792
65.0,-165.0,-0.07055763045182731,-0.2588775235820494,0.24112563148066135,0.6952614556095682,0.7832790136625867,1.0225192657794808,1.0225192657794808,0.09671499508615641,0.902528840260285,0.11999042551919563,1.0520827922414662,1.0520827922414662,0.22049917383131945,0.9286231507977004,0.12345964144376545,1.050893387234821,1.050893387234821,0.2155865924026371,0.927573319897518,0.1233200673373028
65.0,-160.0,-0.0971351444012568,-0.3370896357327847,0.2328653211663508,0.6676311092513723,0.7893175626061033,1.0383458952421039,1.0383458952421039,0.1634205040200465,0.8332429626208648,0.20510293262123933,1.0683670081717294,1.0683670081717294,0.2872046827652085,0.8573340494092652,0.21103295876246458,1.067159193465677,1.067159193465677,0.2822921013365268,0.8563648125599843,0.21079438090569305
65.0,-155.0,-0.12228477396527987,-0.40947746711032584,0.22280153287589033,0.633597034942747,0.7960597262485489,1.0561602640791705,1.0561602640791705,0.23729823997223856,0.7517918313656646,0.30436843271350594,1.0866964338709442,1.0866964338709442,0.36108241871740143,0.7735279672452563,0.31316846662568776,1.0854678973064444,1.0854678973064444,0.3561698372887191,0.7726534751959553,0.31281442211048915
65.0,-150.0,-0.14570664780720366,-0.47512364935243623,0.21110343152489913,0.593937199736755,0.8026823564909814,1.073806311132622,1.073806311132622,0.3092595213421998,0.6621944926855267,0.4116118184470953,1.1048526711931494,1.1048526711931494,0.43304370008736226,0.6813401509265632,0.42351252026658637,1.1036036085638459,1.1036036085638459,0.4281311186586811,0.6805698794301404,0.42303372913370535
65.0,-145.0,-0.16715488104334986,-0.5333972696844789,0.19794041687848898,0.5495023611470934,0.8084470638846639,1.089285429261653,1.089285429261653,0.37141694366435113,0.568542028231972,0.520743401029681,1.120779328389395,1.120779328389395,0.4952011224095137,0.5849799652556559,0.5357993631337391,1.1195122602894687,1.1195122602894687,0.49028854098083247,0.5843186312764357,0.5351936290130329
65.0,-140.0,-0.18645005640201204,-0.5839686541141765,0.1834873114429126,0.501180773545846,0.8127931924867464,1.1010286836829897,1.1010286836829897,0.41798633234219007,0.4747384176472256,0.626290266035764,1.1328621089443254,1.1328621089443254,0.5417705110873531,0.4884642634501756,0.6443978454941496,1.1315813809691568,1.1315813809691568,0.5368579296586707,0.48791204280290396,0.6436693381662528
65.0,-135.0,-0.2034920965787985,-0.6268055246205088,0.16792951454797805,0.44986353461300155,0.8153966646336304,1.1080934288154143,1.1080934288154143,0.44576379443288155,0.384286815935456,0.7238066128799583,1.140131113093337,1.140131113093337,0.5695479731780435,0.3953974852715876,0.7447336278217495,1.1388421673334164,1.1388421673334164,0.5646353917493618,0.3949504788648057,0.7438916884686108
65.0,-130.0,-0.21826968798316326,-0.6621516558818433,0.15146355047864604,0.3964101773615612,0.8161915877529957,1.1102550232620525,1.1102550232620525,0.45422746781588685,0.30012998894172516,0.8101250343203275,1.1423552045087484,1.1423552045087484,0.5780116465610495,0.3088074791045634,0.8335477254041852,1.1410637443597662,1.1410637443597662,0.5730990651323677,0.30845836479108446,0.8326053795686819
65.0,-125.0,-0.2308616617617391,-0.6904902245148472,0.13429037250290954,0.34161426781923987,0.8153576326659372,1.107987345399564,1.107987345399564,0.4453480023489781,0.22455172997241132,0.8834356154271525,1.1400219625471384,1.1400219625471384,0.5691321810941401,0.23104406829139967,0.9089778942557388,1.1387331401845466,1.1387331401845466,0.5642195996654589,0.2307828673919952,0.9079502727925514
65.0,-120.0,-0.241426681360271,-0.7124943067045717,0.11660204078682487,0.28616987919402737,0.8132799119815014,1.102347721740717,1.102347721740717,0.4231860886517611,0.15914497681114728,0.9432027449295699,1.1342192836101623,1.1342192836101623,0.5469702673969229,0.1637462463331076,0.9704730372770553,1.1329370213162557,1.1329370213162557,0.5420576859682416,0.16356112724681118,0.9693758940694449
65.0,-115.0,-0.25018023739759654,-0.728966772419152,0.09856541873125889,0.23064137053741704,0.8104895372850657,1.0947963576705488,1.0947963576705488,0.3933334386576847,0.10484850248601041,0.9899478551845388,1.1264495911827852,1.1264495911827852,0.5171176174028476,0.10787992847619138,1.018569662706594,1.125176112713822,1.125176112713822,0.5122050359741654,0.10775796761152148,1.0174181451023008
65.0,-110.0,-0.2573614743509569,-0.7407717989427931,0.08030793743899636,0.1754401881577691,0.8075929736108279,1.0869850766589524,1.0869850766589524,0.36223581649166314,0.06204624564089387,1.024938831018058,1.118412466981122,1.118412466981122,0.4860199952368257,0.06384015396737718,1.0545723130137443,1.1171480746751823,1.1171480746751823,0.4811074138081439,0.06376798113144282,1.053380093543739
65.0,-105.0,-0.26319541918750256,-0.7487609817477016,0.06190976229490738,0.12081284538690439,0.8051977389107344,1.0805468745394615,1.0805468745394615,0.3364361148975397,0.03071354687981299,1.0498333276596483,1.1117881207320315,1.1117881207320315,0.4602202936427016,0.0316015504473845,1.0801865702846467,1.1105312174095183,1.1105312174095183,0.4553077122140198,0.0315658241313597,1.0789653932781584
65.0,-100.0,-0.2678575589069081,-0.7536986836013776,0.043404431035728636,0.06684354202016478,0.8038416394224389,1.0769102644186932,1.0769102644186932,0.32179516397850916,0.010586423499014291,1.0663238409196787,1.1080463673409746,1.1080463673409746,0.4455793427236717,0.010892502828495,1.0971538645124794,1.1067936941610412,1.1067936941610412,0.4406667612949897,0.010880188590970494,1.0959135055700706
65.0,-95.0,-0.2714469937621985,-0.7561932578130586,0.024787432313200873,0.013473107714613393,0.803932618455448,1.0771540482541646,1.0771540482541646,0.32277817989267277,0.00132653780158962,1.075827510452575,1.1082971995618525,1.1082971995618525,0.44656235863783433,0.0013648912455907192,1.106932308316262,1.1070442428100353,1.1070442428100353,0.4416497772091527,0.00136334820307258,1.105680894606963
65.0,-90.0,-0.2739720715896909,-0.756641989091929,0.0060303921582930825,-0.039466560978722,0.8057057594017852,1.081910795717128,1.081910795717128,0.34191454370478946,0.002656562522243595,1.0792542331948842,1.1131914761983002,1.1131914761983002,0.4656987224499521,0.0027333702255824617,1.1104581059727177,1.1119329863485383,1.1119329863485383,0.46078614102126997,0.0027302800845257907,1.1092027062640126
65.0,-85.0,-0.27534955674686684,-0.7551969151380553,-0.012901973644826687,-0.09220605062793637,0.8092021847048269,1.0913212490118023,1.0913212490118023,0.3795261139179923,0.014447020801833426,1.0768742282099686,1.122874008655008,1.122874008655008,0.5033102926631545,0.01486471941746417,1.1080092892375435,1.1216045724684502,1.1216045724684502,0.4983977112344724,0.014847914493148432,1.1067566579753016
65.0,-80.0,-0.2754160411938702,-0.7517557460404506,-0.032034472773738124,-0.14498549799010413,0.8142712690038055,1.1050367988758778,1.1050367988758778,0.43376740720342094,0.03674413779695067,1.0682926610789274,1.1369861085254427,1.1369861085254427,0.5575515859485831,0.0378065004598731,1.09917960806557,1.1357007182691445,1.1357007182691445,0.5526390045199012,0.03776375929799657,1.0979369589711485
65.0,-75.0,-0.2739489732751065,-0.7459776354375606,-0.051365151019805155,-0.19800154354143518,0.8205934818870895,1.1222629980264134,1.1222629980264134,0.5009464409236446,0.06973667370727399,1.0525263243191398,1.1547103591176187,1.1547103591176187,0.6247306196688076,0.07175293107035084,1.0829574280472682,1.153404931167948,1.153404931167948,0.6198180382401254,0.07167181264879136,1.0817331185191572
65.0,-70.0,-0.27069421555201834,-0.7373192257470276,-0.07085125531774067,-0.2513599929390726,0.82771779334502,1.1418343417839052,1.1418343417839052,0.576031006981323,0.11366689949487199,1.0281674422890328,1.174847558168438,1.174847558168438,0.6998151857264846,0.11695328685551186,1.0578942713129258,1.173519364628885,1.173519364628885,0.6949026042978037,0.11682106834005342,1.0566982962888312
65.0,-65.0,-0.26539690925464066,-0.7250839275166869,-0.0903988341385915,-0.3050384461386018,0.8351063550358178,1.1623103240570793,1.1623103240570793,0.6532209538018685,0.168696697052426,0.9936136270046534,1.195915551041341,1.195915551041341,0.7770051325470311,0.17357413010847408,1.022341420932867,1.1945635396270085,1.1945635396270085,0.772092551118349,0.17337790036220554,1.0211856392648029
65.0,-60.0,-0.25783215701990553,-0.7084776798722237,-0.10985786228955059,-0.3588612936711515,0.8421806350616408,1.1820858545828605,1.1820858545828605,0.7264902038407519,0.23474476629623753,0.947341088286623,1.2162628403980456,1.2162628403980456,0.850274382585914,0.24153181016178366,0.9747310302362621,1.2148878258816653,1.2148878258816653,0.8453618011572323,0.24125875261689364,0.9736290732647718
65.0,-55.0,-0.24783163429418,-0.6866669906360796,-0.12902479333214611,-0.4124879521560354,0.8483665380921248,1.1995147121107466,1.1995147121107466,0.7900557898107421,0.311315512302363,0.8881991998083836,1.2341956087156567,1.2341956087156567,0.9138399685559052,0.3203164032332164,0.9138792054824401,1.2328003207715792,1.2328003207715792,0.908927387127223,0.31995427780304525,0.912846042968534
65.0,-50.0,-0.23530221320180986,-0.6588382780348598,-0.14765337616233032,-0.46541423434827783,0.853139459389693,1.2130496502620671,1.2130496502620671,0.8387857695358875,0.3973438539823108,0.8157057962797559,1.248121874948109,1.248121874948109,0.9625699482810495,0.40883203414169234,0.8392898408064162,1.246710843023707,1.246710843023707,0.9576573668523678,0.4083698396529402,0.8383410033707666
65.0,-45.0,-0.22023370388384875,-0.6242595880680253,-0.16547244899891372,-0.516986143116381,0.8560716799271593,1.2214024268208366,1.2214024268208366,0.8685877856622539,0.49108143648632124,0.7303209903345157,1.2567161506542202,1.2567161506542202,0.9923719644074165,0.5052797988335438,0.7514363518206766,1.2552954026935625,1.2552954026935625,0.9874593829787343,0.5047085678173907,0.7505868348761722
65.0,-40.0,-0.20269515454556483,-0.5823454911958355,-0.1822070498066812,-0.5664248731830644,0.8568828057278745,1.2237180748975418,1.2237180748975418,0.8768137482002926,0.5900470089598486,0.6336710659376934,1.2590987497659654,1.2590987497659654,1.0005979269454548,0.6071067074388812,0.6519920423270844,1.2576753082194672,1.2576753082194672,0.9956853455167726,0.6064203586432154,0.6512549495762522
65.0,-35.0,-0.18282225960174314,-0.5327234222445556,-0.19759778480506304,-0.6128613213413618,0.8554893961762391,1.2197414422799235,1.2197414422799235,0.8626777977988115,0.691056858920029,0.5286845833598947,1.2550071429981722,1.2550071429981722,0.9864619765439739,0.7110369985801307,0.5439701444180416,1.2535883271119461,1.2535883271119461,0.9815493951152926,0.7102331540801942,0.543355173031752
65.0,-30.0,-0.16080105294198632,-0.47529607157946463,-0.2114139114864844,-0.6553780536133902,0.8520443470936321,1.209937443993621,1.209937443993621,0.8276291706795493,0.7903417721439893,0.4195956718496316,1.2449196872040549,1.2449196872040549,0.9514133494247115,0.8131924808560442,0.4317272063480107,1.2435122754302372,1.2435122754302372,0.9465007679960296,0.8122731471161247,0.4312391283141126
65.0,-25.0,-0.13685388439619495,-0.41029135581401877,-0.22345802539701443,-0.6930565082064565,0.8469526521663956,1.1955198263220947,1.1955198263220947,0.77556782786285,0.8837472008526539,0.31177262546944107,1.2300852210331255,1.2300852210331255,0.899352006608012,0.9092984883760201,0.3207867326571057,1.2286945799815978,1.2286945799815978,0.8944394251793306,0.9082705044734367,0.3204240755081614
65.0,-20.0,-0.11123209987033644,-0.33829051191474974,-0.23356354919569558,-0.7250270506981162,0.8408502876553037,1.1783542494580608,1.1783542494580608,0.7127587233285844,0.9670041445198859,0.21135010493817472,1.2124233454656455,1.2124233454656455,0.8365429020737469,0.9949625933942647,0.21746075207138052,1.2110526715910184,1.2110526715910184,0.8316303206450657,0.9938377641519895,0.2172149074390285
65.0,-15.0,-0.08421645615131712,-0.2602267152638368,-0.2415888455293974,-0.7505190662200526,0.8345384316301673,1.1607299773661657,1.1607299773661657,0.6473120080740167,1.0360489900311214,0.12468098733504443,1.194289512672256,1.194289512672256,0.7710961868191785,1.0660036938276791,0.12828581884457704,1.192939339533572,1.192939339533572,0.7661836053904967,1.0647985509055717,0.12814078862800043
65.0,-10.0,-0.056122621964770227,-0.17735098735967442,-0.2474124954964644,-0.7689075098106467,0.8288756378279251,1.1450310624132303,1.1450310624132303,0.5881726838042841,1.0873605520554561,0.05767051035777426,1.1781367037897215,1.1781367037897215,0.7119568625494466,1.11879879828733,0.05933790550239147,1.1768047917916036,1.1768047917916036,0.707044281120765,1.1175339692245179,0.059270822567085574
65.0,-5.0,-0.027306801832221707,-0.09116774085393854,-0.2509329021304694,-0.7797515729220055,0.824643592859774,1.1333683909419163,1.1333683909419163,0.5437109622595498,1.1182733825687798,0.015095008373136197,1.1661368360344853,1.1661368360344853,0.6674951410047119,1.150605394144233,0.015531441890252285,1.1648184901766867,1.1648184901766867,0.6625825595760302,1.1493046069566082,0.01551388322007831
65.0,0.0,0.0018335080724040831,-0.0033474021298373177,-0.25207277774428016,-0.7828209438328422,0.8224134496929932,1.127246580151654,1.127246580151654,0.5201892641505217,1.127222302635493,2.4277516161063416e-05,1.1598380287598045,1.1598380287598045,0.6439734428956838,1.159813049321425,2.497943837952816e-05,1.1585268038557595,1.1585268038557595,0.6390608614670024,1.1585018526572384,2.4951198521134033e-05
65.0,5.0,0.030866581915192905,0.08437323215157391,-0.25078667341272465,-0.7781060221772712,0.8224442385309703,1.1273309835912821,1.1273309835912821,0.5205144332526254,1.1138786535446064,0.013452330046675393,1.159924872508779,1.159924872508779,0.6442986119977883,1.1460836027828032,0.013841269725975299,1.158613549425778,1.158613549425778,0.6393860305691061,1.1447879275895236,0.013825621836254257
65.0,10.0,0.05934131900528137,0.17029145197518775,-0.24706865222702126,-0.7658104838128826,0.8246388220233768,1.1333552771565751,1.1333552771565751,0.5436607113649149,1.0791556027899618,0.05419967436661313,1.1661233430976183,1.1661233430976183,0.6674448901100778,1.110356623922175,0.05576671917544308,1.1648050124939107,1.1648050124939107,0.6625323086813956,1.109101338941379,0.05570367355253148
65.0,15.0,0.08680735008946794,0.25282975670427527,-0.24095777621663722,-0.7463274199663572,0.8285672390443667,1.1441791602048663,1.1441791602048663,0.5849403336982334,1.0250846294562896,0.11909453074857698,1.1772601710102544,1.1772601710102544,0.7087245124433954,1.054722326840508,0.12253784416974686,1.1759292499536138,1.1759292499536138,0.703811931014714,1.0535299377762484,0.12239931217736585
65.0,20.0,0.11283676661927537,0.33061013572947856,-0.2325406256249741,-0.7202031887428818,0.8335484229423187,1.1579776747444008,1.1579776747444008,0.6370018648228287,0.9545904701157598,0.20338720462864077,1.1914576342673122,1.1914576342673122,0.7607860435679908,0.9821900093793186,0.20926762488799336,1.1901106626355609,1.1901106626355609,0.7558734621393093,0.9810796198517572,0.20903104278380347
65.0,25.0,0.137044357757365,0.40250723476977635,-0.22195148217314423,-0.6880952477218365,0.8387674054297601,1.1725236437574569,1.1725236437574569,0.6912160895630161,0.8712086924061744,0.30131495135128217,1.2064241627301748,1.2064241627301748,0.8150002683081786,0.896397461062017,0.3100267016681574,1.2050602710765228,1.2050602710765228,0.8100876868794962,0.8953840620823991,0.3096762089941235
65.0,30.0,0.1591047606730268,0.46767943741863527,-0.20937118393714071,-0.6507307858680629,0.8434009896797248,1.185514119349233,1.185514119349233,0.7390673074688878,0.778793066240398,0.4067210531088344,1.2197902246622419,1.2197902246622419,0.8628514862140501,0.8013098736911185,0.41848035097112296,1.2184112223527572,1.2184112223527572,0.8579389047853682,0.8004039735255889,0.4180072488271679
65.0,35.0,0.17876646600585228,0.5255798092757875,-0.1950248449213641,-0.6088715404220331,0.8467294893642812,1.1948898964083476,1.1948898964083476,0.7732788889478387,0.6812493551698551,0.5136405412384925,1.2294370783088255,1.2294370783088255,0.8970630676930008,0.7009459359706297,0.5284911423381957,1.2280471699983015,1.2280471699983015,0.8921504862643187,0.7001534996606938,0.5278936703376078
65.0,40.0,0.1958632963438138,0.575950858911411,-0.17917729916302322,-0.5632870819119993,0.8482208815631384,1.199102856755904,1.199102856755904,0.7885643764897531,0.5823143498419352,0.6167885069139685,1.233771845617763,1.233771845617763,0.9123485552349158,0.5991504782816495,0.6346213673361133,1.2323770367481026,1.2323770367481026,0.9074359738062339,0.5984731241952056,0.6339039125528967
65.0,45.0,0.21032347529062678,0.6188076576885893,-0.16212434564207698,-0.5147351672341419,0.8475821360256461,1.1972975882698096,1.1972975882698096,0.7820210770023757,0.48538289121452266,0.7119146970552868,1.2319143824156904,1.2319143824156904,0.9058052557475378,0.4994164947160435,0.7324978876996469,1.2305216734530415,1.2305216734530415,0.900892674318856,0.49885189230680643,0.731669781146235
65.0,50.0,0.2221751354682883,0.6544128636605773,-0.14417841047354624,-0.4639449914869809,0.8447782881427071,1.1893892392625571,1.1893892392625571,0.7532400499726483,0.3933780143245752,0.7960112249379823,1.2237773837458146,1.2237773837458146,0.8770242287178109,0.40475153238458195,0.819025851361233,1.2223938738566877,1.2223938738566877,0.8721116472891294,0.40429395100161886,0.8180999228550692
65.0,55.0,0.23154597924161435,0.6832450539868233,-0.12564905906671217,-0.4115985225514353,0.8400228414223567,1.1760362505034876,1.1760362505034876,0.704207087732734,0.3086611112419669,0.8673751392615208,1.2100383275064177,1.2100383275064177,0.8279912664778957,0.3175852569626164,0.8924530705438015,1.208670349952197,1.208670349952197,0.823078685049215,0.3172262191592671,0.8914441307929298
65.0,60.0,0.23865468094789705,0.7059594670400895,-0.10682099934137464,-0.3583068898404626,0.8337441928129427,1.158521671361131,1.158521671361131,0.6390416213507997,0.2329854330866559,0.9255362382744747,1.19201735915334,1.19201735915334,0.7628258000959626,0.23972161033712924,0.9522957488162104,1.1906697547390863,1.1906697547390863,0.7579132186672803,0.23945059926686113,0.9512191554722248
65.0,65.0,0.24379281992568314,0.7233389197176208,-0.08793362570077551,-0.30458228488531935,0.8265330136300771,1.1385678807395483,1.1385678807395483,0.5635892810162182,0.1675005384971323,0.9710673422424154,1.1714866557665895,1.1714866557665895,0.6873734597613808,0.17234338769125665,0.9991432680753322,1.1701622618083742,1.1701622618083742,0.6824608783326985,0.17214854932901574,0.998013712479358
65.0,70.0,0.24729821537119925,0.7362330939101887,-0.06916599563735382,-0.25080960595016977,0.8190756798268,1.1181152736899704,1.1181152736899704,0.4848658006805201,0.11281299787694651,1.005302275813024,1.1504427139520224,1.1504427139520224,0.6086499794256829,0.1160746968586753,1.0343680170933471,1.149142110678284,1.149142110678284,0.6037373979970005,0.11594347161042808,1.033198639067856
65.0,75.0,0.2495225603215504,0.7454867135998055,-0.05062952379764078,-0.19722467844742658,0.8120793500218602,1.09909555752424,1.09909555752424,0.4103545247934062,0.06909990951650888,1.0299956480077312,1.1308730913923655,1.1308730913923655,0.5341387035385684,0.07109775647341177,1.0597753349189538,1.1295946120495786,1.1295946120495786,0.5292261221098866,0.07101737874255795,1.0585772333070207
65.0,80.0,0.25079735826043936,0.751860756572273,-0.032368517825982185,-0.14390632394944702,0.8061951768664584,1.0832255855244255,1.0832255855244255,0.34718909392071956,0.036260397436042445,1.046965188088383,1.114544279786424,1.114544279786424,0.47097327266588207,0.03730877398502155,1.0772355058014025,1.113284260559533,1.113284260559533,0.46606069123720095,0.03726659551494598,1.0760176650445867
65.0,85.0,0.2514020482936857,0.7559545760933165,-0.01436706924916433,-0.09078760119729654,0.8019470756930634,1.07183993544322,1.07183993544322,0.30129934289525756,0.014081003614260576,1.0577589318289595,1.1028294427854926,1.1028294427854926,0.4250835216404209,0.014488119780080848,1.0883413230054115,1.1015826674647688,1.1015826674647688,0.42017094021173895,0.014471740610750848,1.0871109268540178
65.0,90.0,0.2515372287327401,0.7581392415889953,0.003439586889485288,-0.03768774503956331,0.7996738609957319,1.065772031309486,1.065772031309486,0.27664319013041777,0.0023869385727853572,1.063385092736701,1.0965861007402882,1.0965861007402882,0.4004273688755802,0.0024559507899839053,1.0941301499503044,1.0953463836685366,1.0953463836685366,0.39551478744689905,0.0024531742782994423,1.0928932093902373
65.0,95.0,0.25130478245609594,0.7585124300849058,0.021150429881437754,0.015638178774888583,0.7994917720640906,1.0652867254734502,1.0652867254734502,0.2746651531607801,0.0011531283659486633,1.0641335971075012,1.0960867635286038,1.0960867635286038,0.398449331905942,0.001186468120124152,1.0949002954084797,1.09484761096963,1.09484761096963,0.39353675047725994,0.0011851267892586466,1.0936624841803713
65.0,100.0,0.25069607310808933,0.7568824933229229,0.03888087101881296,0.06943873581987296,0.8012821537598255,1.0700632735019802,1.0700632735019802,0.2940945854531217,0.010555518260625075,1.059507755241355,1.1010014132132733,1.1010014132132733,0.4178787641982846,0.010860704044269035,1.090140709169004,1.0997567045241317,1.0997567045241317,0.4129661827696024,0.010848425756038104,1.0889082787680935
65.0,105.0,0.24958933442676623,0.7527845865641498,0.056741520762083886,0.1239036204549988,0.8047056461641142,1.0792265360145166,1.0792265360145166,0.33112615224813,0.030952116363262745,1.0482744196512535,1.1104296079992968,1.1104296079992968,0.4549103309932923,0.031847017556603296,1.0785825904426931,1.109174240508239,1.109174240508239,0.4499977495646107,0.03181101373408298,1.0773632267741557
65.0,110.0,0.24775750536616187,0.7455264325659273,0.07481391579597035,0.17910800256298923,0.809240533894943,1.091424689854009,1.091424689854009,0.37993774026632277,0.062793184947499,1.0286315049065098,1.122980440224312,1.122980440224312,0.5037219190114846,0.06460868911153309,1.0583717511127788,1.1217108837142948,1.1217108837142948,0.4988093375828032,0.06453564742805652,1.057175236286238
65.0,115.0,0.2448874194273379,0.7342569742806209,0.09312538880259011,0.23497061898751054,0.8142399414794883,1.1049517721714512,1.1049517721714512,0.4334332278411485,0.10647004137395805,0.9984817307974935,1.1368986234915641,1.1368986234915641,0.5572174065863107,0.10954835000921705,1.0273502734823474,1.1356133321392097,1.1356133321392097,0.5523048251576286,0.10942450295370817,1.026188829185502
65.0,120.0,0.2406099869028696,0.7180488281856781,0.1116272516120652,0.29122965750721685,0.8190010025454539,1.117911399970924,1.117911399970924,0.4840738492027022,0.16212177508157272,0.9557896248893515,1.1502329457463978,1.1502329457463978,0.6078580279478645,0.1668091111035834,0.9834238346428146,1.1489325796206824,1.1489325796206824,0.6029454465191829,0.1666205293746893,0.9823120502459932
65.0,125.0,0.23453891601770255,0.6959851782871089,0.13018148023701565,0.34743759272688785,0.8228389697617956,1.128413365867779,1.128413365867779,0.5246822165936924,0.22942809260957467,0.8989852732582043,1.1610385490974164,1.1610385490974164,0.6484663953388546,0.2360614184685407,0.9249771306288757,1.1597259669761346,1.1597259669761346,0.6435538139101729,0.23579454533358138,0.923931421642553
65.0,130.0,0.22631330212592798,0.6672429531458157,0.14856022351782047,0.4029737229393167,0.8251598818611633,1.1347879831450307,1.1347879831450307,0.5491472818000478,0.30742269305191666,0.8273652900931138,1.16759747211136,1.16759747211136,0.6729314605452106,0.31631103308150704,0.8512864390298526,1.166277474969199,1.166277474969199,0.6680188791165288,0.3159534358190305,0.8503240391501681
65.0,135.0,0.21563803953976482,0.631166024341916,0.16645964019478168,0.45707137007425247,0.8255261131759939,1.1357955142457354,1.1357955142457354,0.5530014913158258,0.3943624577699748,0.7414330564757606,1.16863413339411,1.16863413339411,0.6767856700609882,0.4057644384915885,0.7628696949025214,1.1673129642813314,1.1673129642813314,0.6718730886323065,0.4053057119938076,0.7620072522875236
65.0,140.0,0.2023161794679607,0.5873241894798364,0.18352576523694022,0.5088555744760448,0.8237094403998347,1.1308020963333796,1.1308020963333796,0.5338660493348399,0.4876813476378355,0.6431207486955443,1.1634963435882082,1.1634963435882082,0.6576502280800022,0.5017814051217568,0.6617149384664516,1.1621809828708936,1.1621809828708936,0.6527376466513202,0.5012141291241885,0.6609668537467053
65.0,145.0,0.18626909816532833,0.5355555760623789,0.19938689932286013,0.5573867574896318,0.8197262256566037,1.119892091405566,1.119892091405566,0.49176177701552326,0.5840447955110349,0.5358472958945312,1.1522709038024137,1.1522709038024137,0.6155459557606856,0.6009309553565542,0.5513399484458599,1.150968233715895,1.150968233715895,0.6106333743320043,0.6002515883977748,0.5507166453181205
65.0,150.0,0.1675429931521689,0.4759916725305295,0.21368578656382,0.6017063350082426,0.813849406119614,1.1038920863712351,1.1038920863712351,0.4292661996547741,0.6795042064438921,0.42438787992734306,1.1358082995897059,1.1358082995897059,0.5530503783999364,0.6991503307376192,0.4366579688520867,1.1345242408748561,1.1345242408748561,0.5481377969712545,0.6983599244027666,0.4361643164720895
65.0,155.0,0.14630283074361647,0.4090653230368109,0.22610601077354714,0.6408814555199899,0.8065927875527736,1.0842943298947991,1.0842943298947991,0.3514718672131942,0.7697368125935987,0.3145575173012006,1.1156439241638019,1.1156439241638019,0.47525604595835624,0.791991781658194,0.3236521425056082,1.1143826617623835,1.1143826617623835,0.4703434645296753,0.7910964158207591,0.3232862459416244
65.0,160.0,0.12281667008982382,0.3355026525037596,0.23638983321291068,0.6740473424922402,0.7986650971817224,1.0630848504444814,1.0630848504444814,0.2656792925442184,0.8503465885501886,0.21273826189429307,1.0938212269209604,1.0938212269209604,0.38946347128938075,0.87493218288938,0.2188890440315805,1.0925846356058388,1.0925846356058388,0.38455088986069835,0.873943050925168,0.21864158468067116
65.0,165.0,0.09743403749550518,0.25630014172599597,0.24434763785737534,0.700446480420983,0.7908945532572992,1.0424990969524726,1.0424990969524726,0.18075687445576494,0.9171967917755325,0.12530230517693963,1.0726402890754938,1.0726402890754938,0.3045410532009268,0.9437151885744752,0.12892510050101824,1.0714276433221712,1.0714276433221712,0.29962847177224594,0.9426482957610817,0.12877934756108902
65.0,170.0,0.07056191851594673,0.17268821963176345,0.249860915446145,0.719463782788672,0.7841293371354054,1.0247405536349108,1.0247405536349108,0.10613923550489801,0.9667415774645144,0.05799897617039623,1.0543683029477424,1.0543683029477424,0.22992341425006071,0.9946924348847767,0.05967586806296557,1.053176314116044,1.053176314116044,0.2250108328213788,0.9935679110632214,0.05960840305282244
65.0,175.0,0.04264133855021164,0.08608301005232952,0.2528808322665256,0.7306561775193453,0.7791249793505628,1.0117023876216316,1.0117023876216316,0.050527749318982906,0.9963218026859066,0.015380584935724612,1.0409531717477432,1.0409531717477432,0.17431192806414536,1.025127896579799,0.015825275167943836,1.03977634904587,1.03977634904587,0.1693993466354637,1.023968964733717,0.015807384312152735
65.0,180.0,0.014126691699890212,-0.00197170198737392,0.2534234250096386,0.7337743779355457,0.7764352652252624,1.0047291979660105,1.0047291979660105,0.02049023272038585,1.0043901209091741,0.00033907705683632115,1.0337783701677237,1.0337783701677237,0.14427441146554904,1.0334294895659781,0.0003488806017453659,1.0326096587523232,1.0326096587523232,0.139361830036867,1.0322611725685245,0.0003484861837988912
70.0,-180.0,0.014225560446649934,-0.0022389696443795965,0.2318856233170773,0.6433723649144039,0.6840367839464424,0.7798254976707242,0.7798254976707242,-1.0800256894713303,0.779479873221507,0.00034562444921732664,0.802372155232765,0.802372155232765,-0.9562415107261674,0.8020165379375523,0.0003556172952128065,0.8014650541322962,0.8014650541322962,-0.9611540921548494,0.8011098388710247,0.00035521526127166146
70.0,-175.0,-0.012899112153528017,-0.0833289730136813,0.22994926800785703,0.6389340010665042,0.6842685353091028,0.7803539962568978,0.7803539962568978,-1.077083412261032,0.7685041006999288,0.011849895556969319,0.8029159340023643,0.8029159340023643,-0.9532992335158695,0.7907234290564141,0.01219250494595053,0.8020082181468631,0.8020082181468631,-0.9582118149445515,0.7898294971222289,0.01217872102463445
70.0,-170.0,-0.03970867370935666,-0.1627288644812996,0.2259199077360439,0.6273736532475767,0.6875281576806891,0.7878063860015762,0.7878063860015762,-1.0358050309782747,0.741045050817722,0.046761335183854176,0.810583790515049,0.810583790515049,-0.9120208522331124,0.7624704710543492,0.04811331946069985,0.8096674059625655,0.8096674059625655,-0.9169334336617936,0.7616084797715539,0.048058926191011486
70.0,-165.0,-0.06580443028377651,-0.2389540906005753,0.21995325265232107,0.6090202977299352,0.6933357317051496,0.8011718532154646,0.8011718532154646,-0.9627431675231475,0.6987921310894354,0.1023797221260289,0.8243356859918352,0.8243356859918352,-0.8389589887779849,0.7189959163385486,0.10533976965328623,0.8234037545893776,0.8234037545893776,-0.8438715702066673,0.7181830740898616,0.10522068049951581
70.0,-160.0,-0.09082114737747769,-0.3106601904012247,0.21221443466778944,0.5843600249628667,0.7009064415220181,0.8187637769455834,0.8187637769455834,-0.8684137927361952,0.6441708323453793,0.17459294460020444,0.8424362351533937,0.8424362351533937,-0.7446296139910333,0.6627953825963363,0.17964085255705772,0.8414838406429428,0.8414838406429428,-0.749542195419715,0.6620460764084062,0.1794377642345369
70.0,-155.0,-0.11443226270811484,-0.3767049378884985,0.2028647673911926,0.5540069865322276,0.7092807680695135,0.838445593570182,0.838445593570182,-0.7652511335467898,0.5801160912824347,0.25832950228774726,0.8626871011114127,0.8626871011114127,-0.6414669548016274,0.5968886627044292,0.2657984384069835,0.8617118125078951,0.8617118125078951,-0.6463795362303093,0.5962138656551229,0.26549794685277206
70.0,-150.0,-0.13635646547392932,-0.4361997633330893,0.19205601837504885,0.5186708433050089,0.7174735375588372,0.8579269165143841,0.8579269165143841,-0.6654970644777065,0.5098295853581796,0.3480973311562045,0.8827316766276202,0.8827316766276202,-0.5417128857325444,0.5245700024263603,0.3581616742012599,0.8817337271473628,0.8817337271473628,-0.5466254671612265,0.5239769633691465,0.35775676377821636
70.0,-145.0,-0.15636699059459,-0.4885456685430909,0.17993327736835565,0.47912392255128816,0.7246124643319866,0.8750847562380276,0.8750847562380276,-0.5794988139614294,0.43654924440436627,0.43853551183366163,0.900385591355106,0.900385591355106,-0.45571463521626765,0.4491709480444144,0.45121464331069205,0.8993676836978701,0.8993676836978701,-0.46062721664494855,0.44866314943922536,0.450704534258645
70.0,-140.0,-0.1743036129574112,-0.533450197849856,0.16664374508589394,0.4361698983738235,0.7300446432237836,0.88825437536451,0.88825437536451,-0.5146264458506506,0.3633486365414293,0.5249057388230808,0.9139359762984979,0.9139359762984979,-0.3908422671054879,0.37385393203151485,0.5400820442669829,0.9129027496038129,0.9129027496038129,-0.3957548485341701,0.3734312811319931,0.5394714684718198
70.0,-135.0,-0.19008529378337657,-0.57092431643437,0.15234591032737033,0.3906140734991603,0.7334000441899686,0.8964382554232205,0.8964382554232205,-0.47479618262925216,0.29297414914292946,0.603464106280291,0.9223564722947016,0.9223564722947016,-0.3510120038840898,0.3014447465201456,0.620911725774556,0.9213137260259204,0.9213137260259204,-0.35592458531277105,0.3011039559536788,0.6202097700722414
70.0,-130.0,-0.20371939815881618,-0.6012604246753959,0.13721324678890556,0.34323413454043955,0.7346106708148918,0.8994002070710856,0.8994002070710856,-0.4604701677939613,0.22772321206088658,0.6716769950101988,0.9254040611905398,0.9254040611905398,-0.33668598904879893,0.2343072456640463,0.6910968155264933,0.924357869548906,0.924357869548906,-0.3415985704774809,0.23404235566380943,0.6903155138850965
70.0,-125.0,-0.21530245298847786,-0.624994290220801,0.12142905265734219,0.2947502394950485,0.7338908144833988,0.8976383984243697,0.8976383984243697,-0.46898577804567493,0.16936720738144137,0.7282711910429286,0.9235913143578244,0.9235913143578244,-0.34520159930051314,0.17426402652684575,0.7493272878309791,0.9225471720702667,0.9225471720702667,-0.3501141807291947,0.17406701683601375,0.7484801552342534
70.0,-120.0,-0.22500845731828378,-0.6428539935480507,0.10517314732880576,0.2457945294210957,0.7316873680048165,0.8922563200791084,0.8922563200791084,-0.49510367142813627,0.11912442955699826,0.7731318905221101,0.918053626997745,0.918053626997745,-0.37131949268297415,0.12256860742565927,0.7954850195720857,0.9170157451994947,0.9170157451994947,-0.3762320741116556,0.12243004065467444,0.7945857045448202
70.0,-115.0,-0.23306384118722726,-0.6556984029253139,0.08860477169445805,0.19688206621523544,0.7286099801896484,0.8847666610855961,0.8847666610855961,-0.5317125039216274,0.0776870923694947,0.8070795687161013,0.9103474236913223,0.9103474236913223,-0.4079283251764648,0.0799332157315513,0.8304142079597708,0.9093182539420308,0.9093182539420308,-0.412840906605147,0.0798428493006112,0.8294754046414196
70.0,-110.0,-0.23971223766429373,-0.6644471502307031,0.07184751095837637,0.14838693585292967,0.7253500671389373,0.8768672083003826,0.8768672083003826,-0.5706617068066002,0.045300178706720665,0.8315670295936618,0.902219578454967,0.902219578454967,-0.4468775280614384,0.04660991738524608,0.855609661069721,0.9011995974310201,0.9011995974310201,-0.4517901094901195,0.04655722374791434,0.8546423736831057
70.0,-105.0,-0.24517558484808472,-0.6700045426709572,0.054980932397937596,0.10052809878649728,0.7225966760083341,0.8702227586373181,0.8702227586373181,-0.6036956294015776,0.0218808204626495,0.8483419381746684,0.8953830215426669,0.8953830215426669,-0.47991145065641594,0.02251344836161076,0.8728695731810561,0.8943707694114265,0.8943707694114265,-0.4848240320850976,0.02248799636449075,0.8718827730469356
70.0,-100.0,-0.24961928118521776,-0.673181685874663,0.038040812526643396,0.05336913532199088,0.7209568196218014,0.8662774842192247,0.8662774842192247,-0.6234297338400728,0.007158778050181455,0.8591187061690431,0.8913236796164468,0.8913236796164468,-0.4996455550949108,0.0073657557878191735,0.8839579238286274,0.8903160166692957,0.8903160166692957,-0.5045581365235917,0.007357428623002523,0.8829585880462929
70.0,-95.0,-0.2531277871316339,-0.67462368424367,0.021026893400128137,0.006834307511316263,0.7208880842168779,0.8661123117883671,0.8661123117883671,-0.6242578785874809,0.0008147108148505787,0.8652976009735164,0.8911537316476665,0.8911537316476665,-0.5004736998423186,0.000838266092036813,0.8903154655556296,0.8901462608307986,0.8901462608307986,-0.5053862812710004,0.0008373184119738732,0.8893089424188246
70.0,-90.0,-0.255693980482496,-0.6747506686477454,0.003915370171366499,-0.039259330885021,0.7226510234412465,0.8703536647239352,0.8703536647239352,-0.6030423769455582,0.0025943141888386144,0.8677593505350963,0.8955177124436003,0.8955177124436003,-0.4792581982003956,0.002669322141000735,0.8928483903025994,0.8945053080410434,0.8945053080410434,-0.4841707796290767,0.00266630440785058,0.8918390036331925
70.0,-85.0,-0.25722216368366346,-0.6737210445009693,-0.013326786627250804,-0.0851570380581479,0.7262868659601573,0.8791336411848879,0.8791336411848879,-0.5594510078801243,0.012381915581027855,0.86675172560386,0.9045515394432431,0.9045515394432431,-0.4356668291349617,0.012739906966794787,0.8918116324764482,0.903528922081077,0.903528922081077,-0.440579410563643,0.012725504194273232,0.8908034178868037
70.0,-80.0,-0.25754217714593974,-0.6714221102121701,-0.030727505404463926,-0.13111438606978684,0.731622023256321,0.8920969578599661,0.8920969578599661,-0.4958794161580285,0.03022455764153392,0.8618724002184324,0.917889657228075,0.917889657228075,-0.3720952374128661,0.031098423337312393,0.8867912338907626,0.9168519608016095,0.9168519608016095,-0.37700781884154816,0.03106326581863712,0.8857886949829725
70.0,-75.0,-0.2564311434257126,-0.6674878996263965,-0.04829587153972495,-0.17734492779020566,0.7382958364280349,0.9084465013016992,0.9084465013016992,-0.41700643340627064,0.05630486454289078,0.8521416367588084,0.9347119058562601,0.9347119058562601,-0.2932222546611086,0.05793277553543655,0.8767791303208234,0.9336551914714277,0.9336551914714277,-0.29813483608979,0.05786728113349514,0.8757879103379326
70.0,-70.0,-0.2536396404014231,-0.6613388154035164,-0.06600904931455827,-0.22397376280737832,0.7458039534353496,0.9270173885764612,0.9270173885764612,-0.32912119477964064,0.09086692762001643,0.8361504609564446,0.9538197227867694,0.9538197227867694,-0.2053370160344783,0.09349411217205104,0.8603256106147181,0.952741406553403,0.952741406553403,-0.21024959746316013,0.09338841482016076,0.8593529917332421
70.0,-65.0,-0.24891973239541282,-0.6522345997947131,-0.08380053695488467,-0.2710014901504193,0.7535485014269807,0.9463699443861969,0.9463699443861969,-0.2393906085106495,0.13410407005905553,0.8122658743271414,0.9737318081965192,0.9737318081965192,-0.11560642976548684,0.13798134587823388,0.8357504623182851,0.9726309808696783,0.9726309808696783,-0.12051901119416854,0.13782535463417833,0.8348056262354998
70.0,-60.0,-0.24205248256025588,-0.6393326334617169,-0.10155169397415248,-0.3182809203115928,0.7608883698060389,0.9648957867728718,0.9648957867728718,-0.15519589944807055,0.18602143547585884,0.7788743512970131,0.9927932778813374,0.9927932778813374,-0.031411720702907944,0.19139976898431818,0.8013935088970192,0.9916709011026431,0.9916709011026431,-0.036324302131589895,0.1911833869227737,0.8004875141798695
70.0,-55.0,-0.23287212076685948,-0.6217468998046604,-0.11908941990497375,-0.36550719763232503,0.7671873522820223,0.9809376125010043,0.9809376125010043,-0.08358612811835435,0.24629053337538537,0.734647079125619,1.0092989119261284,1.0092989119261284,0.04019805062680762,0.2534113935336818,0.7558875183924468,1.0081578751295008,1.0081578751295008,0.035285469198126564,0.2531249058328729,0.7550329692966279
70.0,-50.0,-0.22128350953012346,-0.5986071718201655,-0.13619243140371012,-0.412220917434792,0.771862293992226,0.9929289423052069,0.9929289423052069,-0.03081830123899893,0.3141167049323909,0.6788122373728158,1.021636940328436,1.021636940328436,0.09296587750616368,0.3231985851758318,0.6984383551526039,1.02048195509271,1.02048195509271,0.08805329607748169,0.32283320136936366,0.6976487537233461
70.0,-45.0,-0.2072699158498383,-0.5691206814605227,-0.15260642209359893,-0.45782317948398615,0.7744352470152199,0.999559704311433,0.999559704311433,-0.0019126009653886613,0.3881421619506849,0.6114175423607481,1.028459413840347,1.028459413840347,0.12187157777977421,0.39936429874543156,0.6290951150949151,1.0272967156335386,1.0272967156335386,0.11695899635109247,0.39891280776021065,0.6283839078733279
70.0,-40.0,-0.19089001486245813,-0.5326382186020744,-0.1680652406816025,-0.5016009720025741,0.7745914600155832,0.9999629916595951,0.9999629916595951,-0.00016072815438181802,0.4664047789914212,0.5335582126681739,1.0288743612095845,1.0288743612095845,0.12362345059078095,0.4798896789704921,0.5489846822390925,1.0277111938947534,1.0277111938947534,0.1187108691620988,0.47934715209806905,0.5483640417966844
70.0,-35.0,-0.17226618811477742,-0.48872336441676817,-0.1823126791152744,-0.5427607764141937,0.7722391727142366,0.993898817768198,0.993898817768198,-0.02657825986619155,0.5463657504177651,0.4475330673504327,1.0226348572571233,1.0226348572571233,0.0972059188789716,0.5621625171496708,0.4604723401074521,1.0214787438522075,1.0214787438522075,0.09229333745028889,0.5615269788466238,0.45995176500558344
70.0,-30.0,-0.1515691601003324,-0.4372189249158259,-0.19511906106798377,-0.5804680336171091,0.7675598899378704,0.9818905086181948,0.9818905086181948,-0.07936938031877346,0.6250095854126538,0.35688092320554105,1.010279358594706,1.010279358594706,0.04441479842638901,0.6430801372699391,0.367199221324767,1.0091372133794398,1.0091372133794398,0.039502216997708076,0.6423531196430151,0.36678409373642445
70.0,-25.0,-0.1290051566389066,-0.3783008026000657,-0.20628903282367383,-0.6138902418680783,0.7610323395306254,0.9652609623452757,0.9652609623452757,-0.15355257449028561,0.6990108554777866,0.2662501068674892,0.993169011570404,0.993169011570404,-0.029768395745123213,0.7192209645825565,0.2739480469878477,0.9920462100156995,0.9920462100156995,-0.03468097717380518,0.7184078679113941,0.27363834210430543
70.0,-20.0,-0.10481016763398454,-0.3125084347703138,-0.21566077402912545,-0.642241727129759,0.7534127013553147,0.9460288766892165,0.9460288766892165,-0.24095606943472353,0.7649553208813938,0.18107355580782314,0.973380879400367,0.973380879400367,-0.11717189068956045,0.7870720453558945,0.18630883404447282,0.9722804488070057,0.9722804488070057,-0.12208447211824257,0.7861822413991714,0.18609820740783464
70.0,-15.0,-0.07925213420963434,-0.24074334903615885,-0.22310030560950297,-0.6648280767520833,0.7456596937496724,0.9266588002295747,0.9266588002295747,-0.330801455261063,0.8195975543589922,0.10706124587058283,0.9534507667759797,0.9534507667759797,-0.2070172765159006,0.843294119105867,0.11015664767011299,0.9523728676562946,0.9523728676562946,-0.21192985794458244,0.842340754736888,0.11003211291940679
70.0,-10.0,-0.05263777821693145,-0.16423271782208704,-0.22849593032786952,-0.6810876039544412,0.7388056819865726,0.9097016278131772,0.9097016278131772,-0.4110102816528861,0.8601309268225781,0.04957070099059884,0.9360033211371305,0.9360033211371305,-0.2872261029077242,0.8849994102506205,0.05100391088650976,0.9349451467761326,0.9349451467761326,-0.2921386843364061,0.8839988970427318,0.05094624973340065
70.0,-5.0,-0.025318374284558087,-0.08446124445515568,-0.23175659249389166,-0.6906262752504658,0.7337918588551107,0.8973963450251488,0.8973963450251488,-0.4701570362246972,0.8844387804747529,0.012957564550395328,0.9233422626043304,0.9233422626043304,-0.34637285747953506,0.9100100632521381,0.013332199352191921,0.9222984018757951,0.9222984018757951,-0.35128543890821673,0.9089812748969712,0.013317126978823562
70.0,0.0,0.002310890115044474,-0.0030801421412052065,-0.23281505214201667,-0.6932419469395679,0.7313016292810967,0.8913157897227695,0.8913157897227695,-0.49968399850812817,0.8912910778237364,2.4711899033109983e-05,0.9170859036143322,0.9170859036143322,-0.37589981976296594,0.9170604772340122,2.542638032010493e-05,0.9160491158507393,0.9160491158507393,-0.38081240119164783,0.9160237182155563,2.5397635183052397e-05
70.0,5.0,0.0298205988696448,0.0781951354432553,-0.23163400232485384,-0.6889341671650686,0.7316340239794691,0.8921262240550107,0.8921262240550107,-0.49573694354424164,0.8804535868452132,0.011672637209797367,0.9179197695802146,0.9179197695802146,-0.37195276479908007,0.9059096479526837,0.01201012162753099,0.9168820391110077,0.9168820391110077,-0.3768653462277618,0.9048854952160464,0.011996543894961322
70.0,10.0,0.05676486967043046,0.15768667470976772,-0.2282120963434315,-0.6778974712965623,0.7346516727793262,0.8995006091096323,0.8995006091096323,-0.4599853822964428,0.8526894822544987,0.04681112685513372,0.9255073660969568,0.9255073660969568,-0.33620120355128,0.8773428153662916,0.048164550730665424,0.9244610576666312,0.9244610576666312,-0.3411137849799623,0.8763509581238424,0.048110099542789025
70.0,15.0,0.0827034813334794,0.2338456173896767,-0.2225876656896456,-0.6604987942345262,0.7398158991934849,0.9121911174360903,0.9121911174360903,-0.39914161066000514,0.8096541354527682,0.10253698198332228,0.9385647879782801,0.9385647879782801,-0.2753574319148418,0.8330632117015827,0.10550157627669748,0.9375037178171535,0.9375037178171535,-0.28027001334352397,0.8321214136205223,0.10538230419663133
70.0,20.0,0.10722385483054596,0.3053265060005652,-0.2148398518990318,-0.6372426831629028,0.7462945996855992,0.9282375140982286,0.9282375140982286,-0.3234088384132482,0.7537062420448276,0.1745312720534012,0.9550751251139301,0.9550751251139301,-0.19962465966808557,0.7754977282074571,0.1795773969064731,0.9539953896179122,0.9539953896179122,-0.2045372410967676,0.7746210092958146,0.17937438032209782
70.0,25.0,0.12995958197527557,0.3710405586023019,-0.20508848518448353,-0.6087304842764394,0.7531100041280763,0.945268860851632,0.945268860851632,-0.24444648446179493,0.6876739477625956,0.25759491308903676,0.97259888965082,0.97259888965082,-0.1206623057166327,0.7075562792083503,0.2650426104424702,0.9714993431157575,0.9714993431157575,-0.1255748871453138,0.7067563697457302,0.26474297337002745
70.0,30.0,0.15060451634887073,0.43018684669468277,-0.19349417675434014,-0.5756206241452803,0.7592901571817151,0.9608466013129167,0.9608466013129167,-0.17345941697729209,0.6146173524707089,0.3462292488422076,0.9886270205915388,0.9886270205915388,-0.04967523823212993,0.6323874395212563,0.35623958107028264,0.9875093538673346,0.9875093538673346,-0.054587819660811485,0.6316725102473884,0.35583684361994616
70.0,35.0,0.168923537844486,0.48226300363912383,-0.18025864538171837,-0.5385958857583479,0.7639970377610102,0.9727962046486958,0.9727962046486958,-0.11978132462113023,0.5376185131793235,0.4351776914693721,1.0009221161114268,1.0009221161114268,0.004002854124031888,0.5531623759433312,0.44775974016809555,0.999790549484785,0.999790549484785,-0.0009097273046492927,0.5525370125172904,0.4472535369674944
70.0,40.0,0.18476184109380037,0.5270591830758133,-0.16562328789057762,-0.49834035150473144,0.7666175707733672,0.9794810906769372,0.9794810906769372,-0.09003943838650072,0.45961280432127866,0.519868286355659,1.0078002785028677,1.0078002785028677,0.03374474035866115,0.4729013317432644,0.5348989467596037,1.0066609359475203,1.0066609359475203,0.02883215892998013,0.4723667053661651,0.5342942305813555
70.0,45.0,0.1980536212539112,0.5646399143787245,-0.14986293120367689,-0.4555245645625573,0.7668148387128841,0.9799852405526359,0.9799852405526359,-0.08780465118541533,0.38326018251874694,0.596725058033889,1.0083190045813724,1.0083190045813724,0.03597952755974654,0.39434116937827646,0.6139778352030959,1.0071790755936647,1.0071790755936647,0.031066946131064862,0.39389535716212426,0.6132837184315405
70.0,50.0,0.20882896777210527,0.5953178220618853,-0.13327257321278677,-0.4107941441964139,0.764543167337261,0.9741874735624814,0.9741874735624814,-0.11357459036131286,0.31084835615570355,0.663339117406778,1.002353610003582,1.002353610003582,0.010209588383849114,0.3198357404627056,0.6825178695408767,1.0012204250385215,1.0012204250385215,0.005297006955168224,0.3194741584334055,0.6817462666051162
70.0,55.0,0.2172159256261964,0.6196210781426182,-0.11614752084700061,-0.36475605841950415,0.7600330700547859,0.9627277649675211,0.9627277649675211,-0.1649650299702343,0.24422296091601695,0.7185048040515039,0.9905625732765934,0.9905625732765934,-0.041180851225071965,0.2512840425105638,0.7392785307660292,0.989442718363331,0.989442718363331,-0.0460934326537537,0.25099995983146656,0.7384427585318643
70.0,60.0,0.22343427160490484,0.6382538630714305,-0.09876031025653573,-0.31795851226095306,0.7537520028858197,0.9468811620949316,0.9468811620949316,-0.23704523515166348,0.1847476715141696,0.7621334905807616,0.9742578064563552,0.9742578064563552,-0.11326105640650089,0.19008917739908385,0.784168629057271,0.9731563844757775,0.9731563844757775,-0.11817363783518302,0.18987427699298004,0.7832821074827971
70.0,65.0,0.22777899801313445,0.6520473099504228,-0.08133948205217739,-0.2708642415583218,0.7463461094190359,0.9283656536211154,0.9283656536211154,-0.32280935341010464,0.13330277399987578,0.7950628796212401,0.9552069694630264,0.9552069694630264,-0.19902517466494266,0.13715688239518037,0.8180500870678467,0.9541270849137875,0.9541270849137875,-0.20393775609362477,0.1370018232270049,0.8171252616867832
70.0,70.0,0.2305941484620085,0.6618984699377928,-0.06405476351555209,-0.22382136626022003,0.7385677101894821,0.9091156862822458,0.9091156862822458,-0.41380848662303565,0.09032956645662081,0.8187861198256252,0.9354004386071055,0.9354004386071055,-0.290024307877873,0.0929412145865015,0.8424592240206042,0.9343429458193688,0.9343429458193688,-0.2949368893065545,0.0928361422986853,0.8415068035206836
70.0,75.0,0.23224020581590427,0.6686971399490742,-0.04701085086190465,-0.17703916487887222,0.7311937254744834,0.8910527812257909,0.8910527812257909,-0.5009656990679593,0.05592015923798902,0.8351326219878017,0.9168152909000832,0.9168152909000832,-0.37718152032279717,0.057536947461661714,0.8592783434384214,0.9157788090706998,0.9157788090706998,-0.3820941017514787,0.0574719005529178,0.8583069085177818
70.0,80.0,0.23305953489966397,0.6732444099442961,-0.030249153237259945,-0.1305769672864711,0.7249414721108143,0.8758795950472119,0.8758795950472119,-0.5755559109287243,0.02994155403295073,0.8459380410142615,0.9012034108933141,0.9012034108933141,-0.4517717321835615,0.030807237404003224,0.8703961734893112,0.9001845786713382,0.9001845786713382,-0.4566843136122428,0.030772409078058303,0.8694121695932799
70.0,85.0,0.23334407752904926,0.6761711858280294,-0.01375503398254288,-0.08435243919136214,0.7203898014404144,0.864915400075655,0.864915400075655,-0.6302637008101274,0.01217393812203544,0.8527414619536196,0.8899222142974123,0.8899222142974123,-0.5064795220649654,0.012525916372091203,0.8773962979253211,0.8889161357406525,0.8889161357406525,-0.5113921034936472,0.01251175552110528,0.8764043802195473
70.0,90.0,0.23330813310471868,0.677868000872178,0.0025319906617133937,-0.03817138108761509,0.7179144634913683,0.8589817246522383,0.8589817246522383,-0.6601607594421534,0.002439051389570429,0.8565426732626679,0.8838169818419984,0.8838169818419984,-0.5363765806969912,0.002509570315434128,0.8813074115265643,0.8828178053979838,0.8828178053979838,-0.5412891621256728,0.0025067331855811196,0.8803110722124027
70.0,95.0,0.23306764131237936,0.6784376881007853,0.018706261490592496,0.008223915028578778,0.7176459984280593,0.8583394100674329,0.8583394100674329,-0.6634094668294332,0.0006959119338647943,0.8576434981335679,0.8831560963755868,0.8831560963755868,-0.5396252880842711,0.0007160324455857541,0.882440063930001,0.8821576670785536,0.8821576670785536,-0.5445378695129535,0.0007152229536123271,0.8814424441249412
70.0,100.0,0.23262673146013846,0.6776794515035858,0.034881604147388175,0.05509507468589664,0.7194559255038266,0.8626743907438179,0.8626743907438179,-0.6415309418853259,0.007086822311785819,0.8555875684320324,0.8876164119187344,0.8876164119187344,-0.5177467631401631,0.007291719633486799,0.8803246922852479,0.8866129401272538,0.8866129401272538,-0.5226593445688449,0.007283476168330749,0.8793294639589233
70.0,105.0,0.23187258286743323,0.6751073486306773,0.05117306779756724,0.10264642758480201,0.7229728894118326,0.8711291416940884,0.8711291416940884,-0.5991745765860055,0.021924436753026005,0.8492047049410628,0.8963156103447766,0.8963156103447766,-0.47539039784084314,0.022558325705346237,0.8737572846394309,0.8953023038993715,0.8953023038993715,-0.48030297926952414,0.022532822973305246,0.8727694809260667
70.0,110.0,0.23058031051333688,0.6699999956509491,0.0676739726056716,0.15097146772715725,0.7276258821706549,0.8823782526421087,0.8823782526421087,-0.5434520418744466,0.04561917631340903,0.8367590763287,0.9078899605330885,0.9078899605330885,-0.4196678631292843,0.046938137990954865,0.860951822542134,0.9068635690052503,0.9068635690052503,-0.4245804445579663,0.046885073292301155,0.8599784957129496
70.0,115.0,0.22842972943095807,0.6614734173625559,0.08442973793700656,0.2000138528525731,0.7327080899964468,0.8947474958033076,0.8947474958033076,-0.4829950842868401,0.07855468595783403,0.8161928098454736,0.920616828689482,0.920616828689482,-0.3592109055416778,0.08082589356706867,0.8397909351224134,0.9195760491298125,0.9195760491298125,-0.3641234869703594,0.08073451794227547,0.8388415311875371
70.0,120.0,0.22503471433042757,0.6485666347526007,0.10141285114256729,0.24954641942593864,0.7374532420386133,0.9063741203022679,0.9063741203022679,-0.4269250337676006,0.12092712077520368,0.785446999527064,0.9325796072664554,0.9325796072664554,-0.303140855022438,0.1244234188447409,0.8081561884217141,0.9315253034966783,0.9315253034966783,-0.3080534364511196,0.12428275516464919,0.8072425483320288
70.0,125.0,0.21998339647963364,0.6303298647023152,0.11850531119704114,0.29916849741971724,0.7411165439339711,0.9154013201285714,0.9154013201285714,-0.38388465598755783,0.17257143209052814,0.7428298880380433,0.9418678054620552,0.9418678054620552,-0.2601004772423956,0.17756089318914303,0.764306912272912,0.9408030011598885,0.9408030011598885,-0.26501305867107683,0.17736015631092306,0.7634428448489653
70.0,130.0,0.2128844246274803,0.6059072069764975,0.13549455519779868,0.34831945713272905,0.7430535246000264,0.9201925551312292,0.9201925551312292,-0.3612128474053916,0.23280321320967948,0.6873893419215494,0.9467975667571039,0.9467975667571039,-0.23742866866022883,0.23953412203897467,0.7072634447181289,0.9457271892407288,0.9457271892407288,-0.24234125008891094,0.23926332292875588,0.7064638663119726
70.0,135.0,0.20341228165348152,0.5746082539502299,0.15208582990981884,0.39630498906500755,0.7427913205284384,0.9195432461481262,0.9195432461481262,-0.3642784106229404,0.30030583176194814,0.6192374143861779,0.9461294846672768,0.9461294846672768,-0.24049423187777774,0.3089884059696966,0.6371410786975799,0.9450598624338399,0.9450598624338399,-0.2454068133064596,0.3086390871140268,0.6364207753198128
70.0,140.0,0.19134432570693802,0.5359653520439049,0.1679292015067408,0.4423319644021125,0.7400873549942014,0.9128606488672838,0.9128606488672838,-0.3959551386437999,0.3730875161469806,0.5397731327203028,0.9392536771965057,0.9392536771965057,-0.27217095989863727,0.38387438640496,0.5553792907915452,0.9381918282294797,0.9381918282294797,-0.2770835413273194,0.383440407139754,0.5547514210897254
70.0,145.0,0.17658408944654896,0.4897749478505685,0.18265496896670622,0.4855477930609779,0.7349700247100616,0.9002803522476678,0.9002803522476678,-0.45622227811200017,0.4485219282873874,0.4517584239602803,0.9263096535113364,0.9263096535113364,-0.3324380993668373,0.4614897914264713,0.4648198620848649,0.9252624380757118,0.9252624380757118,-0.33735068079552005,0.46096806607131285,0.464294372004399
70.0,150.0,0.15916867462714523,0.43612256714529735,0.1959092137821961,0.5250809865364721,0.7277554692496919,0.8826925762672878,0.8826925762672878,-0.5419052595566574,0.523471771590742,0.359220804676546,0.9082133720210802,0.9082133720210802,-0.4181210808114948,0.5386066175437205,0.3696067544773598,0.907186614868744,0.907186614868744,-0.4230336622401762,0.5379977097541027,0.36918890511464125
70.0,155.0,0.13926150257458456,0.3753916126819846,0.20738243306315962,0.5600809146183594,0.7190345843102722,0.8616642556944818,0.8616642556944818,-0.6466192246190319,0.5944828352945132,0.26718142039996845,0.8865770714008455,0.8865770714008455,-0.5228350458738698,0.6116707843343073,0.2749062870665382,0.8855747746089226,0.8855747746089226,-0.5277476273025514,0.6109792757394792,0.2745954988694434
70.0,160.0,0.11713408319424695,0.30825649614933015,0.21682780617862574,0.589755942411269,0.7096258380341421,0.8392616110995141,0.8392616110995141,-0.7610264161815011,0.6580284460153355,0.18123316508417878,0.8635267116982345,0.8635267116982345,-0.637242237436339,0.6770536536838517,0.1864730580143829,0.8625504738946702,0.8625504738946702,-0.6421548188650205,0.6762882281760899,0.1862622457185804
70.0,165.0,0.09314140371449292,0.23566088209112127,0.2240696085176866,0.6134096096905707,0.7004926203436258,0.8177972520307363,0.8177972520307363,-0.8735435309923325,0.7107808191844928,0.10701643284624343,0.8414417656453713,0.8414417656453713,-0.7497593522471696,0.7313312266534548,0.11011053899191629,0.8404904954067176,0.8404904954067176,-0.7546719336758521,0.7305044390385331,0.10998605636818443
70.0,170.0,0.06769526529138974,0.1587822373519553,0.22900465205893608,0.6304740446057434,0.692629121122931,0.799539662615744,0.799539662615744,-0.9715998741755462,0.7498834194029087,0.049656243212835204,0.8226563047800638,0.8226563047800638,-0.847815695430384,0.7715643784369881,0.051091926343075626,0.8217262719586268,0.8217262719586268,-0.8527282768590662,0.7706921062722597,0.05103416568636711
70.0,175.0,0.04123896262869448,0.07898447364995284,0.2315996326968305,0.6405387852513896,0.6869261418763182,0.7864273464726335,0.7864273464726335,-1.043413931722685,0.7731956596717692,0.013231686800864133,0.8091648795890867,0.8091648795890867,-0.9196297529775233,0.7955506324434295,0.013614247145657099,0.8082500991496746,0.8082500991496746,-0.9245423344062045,0.7946512432392283,0.01359885591044618
70.0,180.0,0.014225560446649946,-0.0022389696443795393,0.2318856233170773,0.6433723649144039,0.6840367839464424,0.7798254976707242,0.7798254976707242,-1.0800256894713303,0.779479873221507,0.0003456244492173268,0.802372155232765,0.802372155232765,-0.9562415107261674,0.8020165379375523,0.0003556172952128067,0.8014650541322962,0.8014650541322962,-0.9611540921548494,0.8011098388710247,0.0003552152612716616
75.0,-180.0,0.014166868541854222,-0.00260147914475572,0.21128811995897662,0.5587972807747815,0.5975822441263727,0.5951602093898231,0.5951602093898231,-2.253661121061477,0.5948144377725177,0.0003457716173052354,0.6123677429672015,0.6123677429672015,-2.1298769423163137,0.6120119742489123,0.0003557687182891608,0.6116754464438058,0.6116754464438058,-2.1347895237449963,0.6113200799306452,0.0003553665131605708
75.0,-175.0,-0.011258434037640087,-0.07716464998533774,0.20934340312649438,0.5549242577912409,0.5982029152905234,0.59639716252661,0.59639716252661,-2.2446443145305923,0.5862621753904929,0.010134987136117232,0.6136404594367837,0.6136404594367837,-2.12086013578543,0.6032124450977393,0.010428014339044379,0.6129467240766804,0.6129467240766804,-2.1257727172141117,0.6025304988597048,0.010416225216975572
75.0,-170.0,-0.03635645781476761,-0.15012402423619775,0.2054960406304734,0.5447660051219542,0.6023766576893909,0.6047484822220177,0.6047484822220177,-2.1842521294281627,0.564984394565054,0.039764087656963834,0.6222332361580591,0.6222332361580591,-2.060467950683001,0.5813194717203972,0.04091376443766214,0.6215297864563388,0.6215297864563388,-2.065380532111682,0.5806622760175272,0.04086751043881175
75.0,-165.0,-0.06074442685444682,-0.22004333522352584,0.19990327803005958,0.5286219106052137,0.6095173498016591,0.6191710790723625,0.6191710790723625,-2.0818933735846126,0.5323248671401593,0.08684621193220332,0.6370728254680137,0.6370728254680137,-1.95810919483945,0.5477156776830531,0.0893571477849607,0.636352599252171,0.636352599252171,-1.9630217762681321,0.5470964718809447,0.08925612737122642
75.0,-160.0,-0.08407504195476935,-0.2856179698383377,0.19272536370185728,0.5069316942626957,0.6186833162744331,0.6379333805946895,0.6379333805946895,-1.9522467229885225,0.4901931322639823,0.14774024833070712,0.65637759089895,0.65637759089895,-1.8284625442433602,0.5043658115690732,0.15201177932987667,0.655635540179537,0.655635540179537,-1.833375125672042,0.5037956138375974,0.1518399263419395
75.0,-155.0,-0.10604159210441451,-0.34573836460763113,0.1841110120708246,0.4802468403089497,0.6287397938814366,0.6588406923269342,0.6588406923269342,-1.8121958511358327,0.44087943393406176,0.2179612583928725,0.6778893840178355,0.6778893840178355,-1.6884116723906697,0.45362633391713325,0.22426305010070227,0.6771230136967463,0.6771230136967463,-1.6933242538193523,0.4531134983906082,0.22400951530613822
75.0,-150.0,-0.12638427919890804,-0.39954431547689606,0.1741919261880257,0.44919945555760754,0.6385386629491394,0.6795366975324727,0.6795366975324727,-1.6778708476592217,0.38686251590683607,0.29267418162563646,0.6991837612228343,0.6991837612228343,-1.554086668914059,0.39804765501269274,0.3011361062101415,0.6983933170940108,0.6983933170940108,-1.5589992503427421,0.39759765252501134,0.3007956645689995
75.0,-145.0,-0.144898922022742,-0.44646434697259235,0.16308777607101846,0.4144722255395128,0.647078788995964,0.6978351582499965,0.6978351582499965,-1.5624715376248655,0.33063362465044466,0.3672015335995518,0.718011275079737,0.718011275079737,-1.4386873588797036,0.34019304933680894,0.37781822574292806,0.7171995459917744,0.7171995459917744,-1.4435999403083848,0.3398084528781548,0.37739109311361946
75.0,-140.0,-0.16144799223793985,-0.4862354526791334,0.15091840837306483,0.3767714807508362,0.6536233505106596,0.7120223659527306,0.7120223659527306,-1.4750636414784357,0.2745487230358672,0.43747364291686364,0.7326086695675796,0.7326086695675796,-1.351279462733273,0.28248659639455415,0.45012207317302566,0.7317804377725906,0.7317804377725906,-1.3561920441619546,0.2821672384746836,0.4496131992979071
75.0,-135.0,-0.17597200006675706,-0.5189012492273064,0.13781661581486915,0.3368031952873386,0.657764747616941,0.7210737841675134,0.7210737841675134,-1.4202029364771875,0.2207111534958785,0.5003626306716352,0.7419217863643518,0.7419217863643518,-1.296418757732025,0.22709245137964654,0.5148293349847055,0.7410830258658925,0.7410830258658925,-1.301331339160707,0.22683571787860068,0.5142473079872921
75.0,-130.0,-0.18849719201642492,-0.5447897449823488,0.12393448728776696,0.2952500681572223,0.6594387140001228,0.7247486214492722,0.7247486214492722,-1.398126020475334,0.17088324062253504,0.5538653808267371,0.7457028721568805,0.7457028721568805,-1.2743418417301722,0.1758238919873804,0.5698789801695,0.7448598370496117,0.7448598370496117,-1.2792544231588534,0.17562511883097126,0.5692347182186404
75.0,-125.0,-0.19913452949692606,-0.5644741350762663,0.10943944444358472,0.25274754702617436,0.6588959891636386,0.7235561612322112,0.7235561612322112,-1.4052775401744393,0.12642754569467168,0.5971286155375397,0.7444759350058764,0.7444759350058764,-1.281493361429277,0.13008287446720002,0.6143930605386765,0.7436342869806898,0.7436342869806898,-1.286405942857959,0.12993581263583934,0.6136984743448507
75.0,-120.0,-0.20806605784685384,-0.5787205225062215,0.09450090864745685,0.20985791013828634,0.6566427428827705,0.7186158896949973,0.7186158896949973,-1.435031841108263,0.08828252711497854,0.6303333625800192,0.7393928281664752,0.7393928281664752,-1.3112476623631009,0.09083499034363467,0.6485578378228409,0.7385569267163384,0.7385569267163384,-1.316160243791782,0.09073229919319478,0.647824627523144
75.0,-115.0,-0.2155181394278426,-0.588425535449453,0.07927260871655123,0.16704373261624866,0.6533608760023135,0.7114506293518769,0.7114506293518769,-1.4785523211376093,0.05697824947588735,0.6544723798759899,0.7320204026668146,0.7320204026668146,-1.3547681423924454,0.0586256296696032,0.6733947729972115,0.7311928359217645,0.7311928359217645,-1.3596807238211281,0.05855935197932924,0.6726334839424356
75.0,-110.0,-0.2217253882220101,-0.5945456750537497,0.06387693195253008,0.12464426117828827,0.6498177912212543,0.7037553564741331,0.7037553564741331,-1.525782865941598,0.032693320242241926,0.671062036231891,0.7241026406771613,0.7241026406771613,-1.4019986871964354,0.03363856388748012,0.6904640767896811,0.7232840251532714,0.7232840251532714,-1.4069112686251173,0.03360053467856313,0.6896834904747081
75.0,-105.0,-0.22689254342449672,-0.5980202724940316,0.04839615733134252,0.0828595367723768,0.6467738116637423,0.6971775142194315,0.6971775142194315,-1.5665662845805852,0.015346123256860028,0.6818313909625713,0.7173346169558922,0.7173346169558922,-1.4427821058354224,0.015789817117872237,0.7015447998380198,0.7165236528462811,0.7165236528462811,-1.4476946872641048,0.015771966348263132,0.7007516864980177
75.0,-100.0,-0.23116237780976304,-0.5996918161458653,0.03287214747954722,0.04174702607470589,0.6448951166918455,0.6931331896316267,0.6931331896316267,-1.5918330512236467,0.004705542918337169,0.68842764671329,0.7131733610779162,0.7131733610779162,-1.4680488724784844,0.004841591643520083,0.7083317694343966,0.7123671013685784,0.7123671013685784,-1.4729614539071656,0.004836118107232445,0.7075309832613463
75.0,-95.0,-0.23459575219370557,-0.60023049289647,0.01731296672160472,0.001233944464775253,0.6446805976494991,0.6926721362481708,0.6926721362481708,-1.594722821438065,0.0005020905639437394,0.6921700456842271,0.7126989775163812,0.7126989775163812,-1.4709386426929019,0.0005166072270230881,0.7121823702893582,0.7118932541091169,0.7118932541091169,-1.4758512241215849,0.0005160231900757855,0.7113772309190411
75.0,-90.0,-0.23716615885521947,-0.6000723172037907,0.0017033111427683118,-0.03885432387684174,0.6464109625719862,0.6963954811087495,0.6963954811087495,-1.5714405567059067,0.002520873531795966,0.6938746075769535,0.7165299733601702,0.7165299733601702,-1.4476563779607445,0.002593758135400726,0.7139362152247696,0.715719918919578,0.715719918919578,-1.4525689593894267,0.002590825829183932,0.7131290930903941
75.0,-85.0,-0.23876727606454617,-0.5993802543572788,-0.01398408467499179,-0.0787525677248584,0.650126159279978,0.7044234427220691,0.7044234427220691,-1.5216619944606609,0.010662284718657501,0.6937611580034116,0.7247900429283559,0.7247900429283559,-1.3978778157154983,0.010970557381065442,0.7138194855472905,0.7239706502796188,0.7239706502796188,-1.40279039714418,0.01095815490098407,0.7130124953786348
75.0,-80.0,-0.23922965131026838,-0.5980343620512346,-0.029777392757750334,-0.11870647145243375,0.6556323998584852,0.7164061950260492,0.7164061950260492,-1.4484066730374918,0.02496261104372603,0.6914435839823232,0.7371192458339842,0.7371192458339842,-1.3246224942923288,0.025684341026572723,0.7114349048074116,0.7362859147235861,0.7362859147235861,-1.3295350757210103,0.02565530425871123,0.7106306104648749
75.0,-75.0,-0.23834220377188442,-0.5956510385424832,-0.045694706468841856,-0.15892268199619924,0.6625342186390949,0.73156874968253,0.73156874968253,-1.3574485449456004,0.045572968095721804,0.6859957815868083,0.7527201869354152,0.7527201869354152,-1.2336643662004378,0.04689059378096698,0.7058295931544482,0.7518692185843062,0.7518692185843062,-1.23857694762912,0.04683758283219096,0.7050316357521152
75.0,-70.0,-0.2358753298830371,-0.5916253661950487,-0.061732186362154065,-0.19952473950813754,0.6702825745024996,0.7487802422186631,0.7487802422186631,-1.2564562368316707,0.07269992810362429,0.6760803141150388,0.7704293057090884,0.7704293057090884,-1.1326720580865088,0.07480186038031102,0.6956274453287774,0.7695583167714933,0.7695583167714933,-1.1375846395151903,0.07471729507052854,0.6948410217009647
75.0,-65.0,-0.23160389839452727,-0.5851869780088044,-0.07785120726763314,-0.24051954886002586,0.6782290386288968,0.7666396533967461,0.7666396533967461,-1.1540872120739725,0.1065149303661656,0.6601247230305807,0.7888050760332813,0.7888050760332813,-1.0303030333288101,0.10959453685169832,0.6792105391815831,0.7879133128435211,0.7879133128435211,-1.0352156147574922,0.1094706375808485,0.6784426752626728
75.0,-60.0,-0.22532921441956041,-0.575460358206616,-0.09396630502722958,-0.28177674660339885,0.6856789920546563,0.7835743399402257,0.7835743399402257,-1.0591979448030333,0.1470428714812683,0.6365314684589575,0.8062293856777711,0.8062293856777711,-0.9354137660578707,0.15129423961443386,0.6549351460633372,0.8053179238851241,0.8053179238851241,-0.9403263474865521,0.1511231978224751,0.654194726062649
75.0,-55.0,-0.21689865143070963,-0.5615244385502765,-0.10993760278981195,-0.3230213842755577,0.6919420577534882,0.7979542197350218,0.7979542197350218,-0.9802202429687463,0.19404391384529218,0.6039103058897296,0.8210250228778904,0.8210250228778904,-0.8564360642235846,0.19965419677466012,0.6213708261032305,0.8200968342600428,0.8200968342600428,-0.8613486456522663,0.1994284828831369,0.6206683513769061
75.0,-50.0,-0.20622062307873412,-0.5424713993465633,-0.12557177567295114,-0.36383913545321483,0.6963830496393495,0.808229878544591,0.808229878544591,-0.9246509865062016,0.24690616200283613,0.5613237165417548,0.8315977760516422,0.8315977760516422,-0.8008668077610392,0.25404482148660984,0.5775529545650322,0.8306576346809774,0.8306576346809774,-0.8057793891897208,0.25375761768020155,0.5769000170007758
75.0,-45.0,-0.19327212660244897,-0.5174678648664615,-0.14063364860376515,-0.40369251706764797,0.6984787595531506,0.8131018066362243,0.8131018066362243,-0.8985507397266413,0.3045686103994893,0.508533196236735,0.8366105634697235,0.8366105634697235,-0.7747665609814792,0.31337443193691666,0.5232361315328068,0.8356647550218133,0.8356647550218133,-0.7796791424101607,0.31302015457295923,0.522644600448854
75.0,-40.0,-0.1780973066474748,-0.48582136517091573,-0.15486673973941,-0.44194604814099664,0.6978832753667158,0.8117159867676638,0.8117159867676638,-0.905959005074436,0.3654914169282551,0.44622456983940845,0.835184676167984,0.835184676167984,-0.7821748263292745,0.3760586654267467,0.45912601074123727,0.8342404797201064,0.8342404797201064,-0.7870874077579565,0.3756335220228727,0.45860695769723375
75.0,-35.0,-0.1607983368785918,-0.4470511095028667,-0.16801731008601437,-0.4778978168767695,0.6944976166372261,0.8038592943279071,0.8038592943279071,-0.9481996250120718,0.4276834906046139,0.376175803723293,0.8271008275829891,0.8271008275829891,-0.8244154462669097,0.4400488636738491,0.3870519639091398,0.8261657701211789,0.8261657701211789,-0.8293280276955916,0.4395513778053585,0.3866143923158201
75.0,-30.0,-0.1415230186137988,-0.40095665403413366,-0.1798549218984188,-0.5108148659408224,0.6885307715774482,0.7901057581725071,0.7901057581725071,-1.0231477311886534,0.4887878515963989,0.30131790657610824,0.812949643144878,0.812949643144878,-0.8993635524434913,0.5029199008091356,0.31002974233574265,0.8120305839388561,0.8120305839388561,-0.904276133872173,0.5023513377146956,0.30967924622416054
75.0,-25.0,-0.12045488909465144,-0.34767364542335655,-0.19018421585394268,-0.5399703025059518,0.6805323707048173,0.7718556617417169,0.7718556617417169,-1.1246390584284116,0.5462170708678885,0.22563859087382823,0.7941718919042257,0.7941718919042257,-1.0008548796832493,0.5620095389112959,0.23216235299292956,0.7932740613995035,0.7932740613995035,-1.005767461111931,0.5613741735538422,0.23189988784566107
75.0,-20.0,-0.0978101242595727,-0.2877047477503812,-0.19884676589053132,-0.5646807928238169,0.6713756596534028,0.7512244291247385,0.7512244291247385,-1.2423029765679465,0.597326651007332,0.15389777811740646,0.7729441600213383,0.7729441600213383,-1.1185187978227835,0.6145968216970181,0.15834733832431985,0.772070327980204,0.772070327980204,-1.1234313792514659,0.6139020051462815,0.15816832283392238
75.0,-15.0,-0.07384163739164186,-0.22191694171395038,-0.20571618228215224,-0.584343470410039,0.6621753208146188,0.7307763760638468,0.7307763760638468,-1.3621550060650676,0.639612329752271,0.09116404631157589,0.7519049038623797,0.7519049038623797,-1.2383708273199048,0.65810508257256,0.09379982128981984,0.7510548572084758,0.7510548572084758,-1.243283408748586,0.6573610788820873,0.09369377832638837
75.0,-10.0,-0.04884654996777247,-0.15150264264123808,-0.21069180065828932,-0.5984708221670837,0.6541386672724753,0.7131455256391553,0.7131455256391553,-1.4682183826429966,0.6709147936052231,0.042230732033932426,0.7337643025405446,0.7337643025405446,-1.3444342038978347,0.6903125770194702,0.043451725521074624,0.7329347642745687,0.7329347642745687,-1.3493467853265155,0.6895321619786465,0.04340260229592233
75.0,-5.0,-0.02317093553911819,-0.07790919267466828,-0.2136954035759341,-0.606720983820377,0.6483693486543176,0.7006215144492031,0.7006215144492031,-1.5451653064506286,0.6896105495959322,0.011010964853270749,0.7208781916341219,0.7208781916341219,-1.4213811277054658,0.7095488729251282,0.011329318708993466,0.7200632214277524,0.7200632214277524,-1.4262937091341477,0.7087467107871862,0.011316510640566031
75.0,0.0,0.0027934365381080076,-0.002746703633152799,-0.2146724117121224,-0.6089197971671672,0.6456647050915388,0.694788483747655,0.694788483747655,-1.5814738867959552,0.6947629049027013,2.557884495360478e-05,0.7148765137850138,0.7148765137850138,-1.4576897080507931,0.7148501953932518,2.631839176212036e-05,0.7140683286204059,0.7140683286204059,-1.4626022894794743,0.7140420399822213,2.6288638184588678e-05
75.0,5.0,0.028622284427425954,0.07231355773194736,-0.21359591015668813,-0.6050707835136115,0.6463608525391492,0.6962875155888094,0.6962875155888094,-1.5721139163972495,0.6862069434151308,0.010080572173678746,0.7164188862936613,0.7164188862936613,-1.4483297376520867,0.7060468601863678,0.0103720261072937,0.7156089574396808,0.7156089574396808,-1.4532423190807686,0.7052486571584078,0.010360300281273119
75.0,10.0,0.053879809044642346,0.1456389337166455,-0.21047055933536513,-0.595350347689434,0.6502719628568341,0.7047394397733725,0.7047394397733725,-1.519714231293126,0.6645508318525533,0.040188607920819526,0.7251151762253034,0.7251151762253034,-1.3959300525479643,0.6837646176073189,0.0413505586179849,0.7242954160055215,0.7242954160055215,-1.4008426339766458,0.6829916051927576,0.04130381081276415
75.0,15.0,0.07814261626598597,0.21572462375119933,-0.20533438318428868,-0.580087976764252,0.6567401704430796,0.7188291508257535,0.7188291508257535,-1.4337431917288357,0.6310922482118798,0.0877369026138735,0.7396122551967832,0.7396122551967832,-1.3099590129836727,0.6493386646896593,0.09027359050712366,0.7387761056790888,0.7387761056790888,-1.3148715944123555,0.6486045716463308,0.09017153403275795
75.0,20.0,0.10102131792823629,0.28126664752257535,-0.1982586340679043,-0.5597343468875104,0.6647745924391255,0.7365247460652274,0.7365247460652274,-1.3281265696930324,0.5876678635242829,0.14885688254094442,0.7578194732639442,0.7578194732639442,-1.2043423909478705,0.6046587751047257,0.15316069815921846,0.7569627400464823,0.7569627400464823,-1.2092549723765522,0.6039751937556864,0.15298754629079592
75.0,25.0,0.1221765009508577,0.34121514977778095,-0.18934764307270902,-0.5348231116228952,0.673233367032305,0.7553874812313565,0.7553874812313565,-1.2183021685717421,0.5364678457421965,0.21891963548915985,0.7772275761203381,0.7772275761203381,-1.0945179898265789,0.5519784399034844,0.22524913621685344,0.7763489015738505,0.7763489015738505,-1.0994305712552608,0.5513544149457312,0.22499448662811908
75.0,30.0,0.14132883414871344,0.3948067068726014,-0.17874041668855126,-0.5059335710497298,0.6810015345258421,0.7729202740761362,0.7729202740761362,-1.1186530079639618,0.47985021995207405,0.293070054124062,0.7952672847784096,0.7952672847784096,-0.9948688292187989,0.4937238604301616,0.30154342434824777,0.794368215905587,0.794368215905587,-0.9997814106474809,0.4931656936814738,0.30120252222411303
75.0,35.0,0.15826567852852194,0.4415763798551692,-0.16661368944091473,-0.4736605614537562,0.6871333009190366,0.7869017500274615,0.7869017500274615,-1.0407948884117908,0.4201808492295127,0.3667209007979487,0.8096529993080168,0.8096529993080168,-0.9170107096666282,0.43232930263351443,0.3773236966745022,0.8087376670374733,0.8087376670374733,-0.92192329109531,0.43184054391522375,0.37689712312224943
75.0,40.0,0.1728473376117523,0.4813523539718978,-0.1531835401500028,-0.4385947443162462,0.6909463347529092,0.7956593175014188,0.7956593175014188,-0.9927284708700157,0.35970910343726037,0.43595021406415835,0.8186637694221821,0.8186637694221821,-0.8689442921248536,0.3701091711464764,0.4485545982757056,0.8177382502583954,0.8177382502583954,-0.8738568735535355,0.369690753789579,0.4480474964688163
75.0,45.0,0.18501464263727743,0.5142374361242867,-0.13870143867732077,-0.40131208890351394,0.6920693899408785,0.7982479281571977,0.7982479281571977,-0.9786219999310768,0.30047539072410323,0.49777253743309446,0.8213272231270685,0.8213272231270685,-0.8548378211859133,0.30916286729509546,0.512164355831973,0.8203986928645404,0.8203986928645404,-0.8597504026145955,0.3088133512066837,0.5115853416578566
75.0,50.0,0.19479674236702382,0.5405816467699451,-0.1234418903949274,-0.3623675578937476,0.6904508925184051,0.7945186734922631,0.7945186734922631,-0.9989589115723707,0.2442411580964988,0.5502775153957643,0.8174901466120622,0.8174901466120622,-0.8751747328272076,0.25130276581592637,0.5661873807961356,0.8165659542572077,0.8165659542572077,-0.8800873142558902,0.25101866196968015,0.5655472922875274
75.0,55.0,0.20231541529004027,0.5609484311026884,-0.1076822546522931,-0.3222865200691971,0.6863371901666581,0.7850794019169521,0.7850794019169521,-1.0508641705028652,0.19243558136755887,0.5926438205493935,0.8077779626679208,0.8077779626679208,-0.9270799917577024,0.19799936348138578,0.609778599186535,0.8068647501715849,0.8068647501715849,-0.9319925731863847,0.19777552041886828,0.6090892297527167
75.0,60.0,0.2077814989675869,0.5760743510167522,-0.09167897282047884,-0.2815489408214985,0.6802276452392355,0.7711645809739477,0.7711645809739477,-1.1285292547557328,0.14612129107330007,0.6250432899006476,0.7934608303055332,0.7934608303055332,-1.0047450760105707,0.15034601406862852,0.6431148162369047,0.7925638036731221,0.7925638036731221,-1.0096576574392517,0.15017604426855094,0.642387759404571
75.0,65.0,0.2114806547594512,0.5868198876038773,-0.07564625006742617,-0.24056533809675418,0.6728117752148683,0.7544417008166334,0.7544417008166334,-1.223743145257257,0.10598756476710618,0.6484541360495272,0.7762544508865453,0.7762544508865453,-1.0999589665120946,0.1090519238266346,0.6672025270599107,0.7753768764816376,0.7753768764816376,-1.1048715479407765,0.10892863799291488,0.6664482384887227
75.0,70.0,0.21374882278719093,0.5941085542064217,-0.059742210314937094,-0.19964825859261814,0.6648925419017225,0.7367861291138268,0.7367861291138268,-1.3265855885087738,0.07237922623163191,0.6644069028821948,0.7580884135341361,0.7580884135341361,-1.2028014097636106,0.07447188623483066,0.6836165272993053,0.7572313762732034,0.7572313762732034,-1.2077139911922923,0.07438769396878922,0.6828436823044141
75.0,75.0,0.21494073309253633,0.5988535824878249,-0.04406439951151342,-0.15898677329181965,0.6573002338253912,0.7200556984515836,0.7200556984515836,-1.4263390829847724,0.04536304026462472,0.6746926581869588,0.7408742653067019,0.7408742653067019,-1.30255490423961,0.046674596424143136,0.6941996688825587,0.7400366890560981,0.7400366890560981,-1.3074674856682922,0.046621829665595804,0.6934148593905024
75.0,80.0,0.21539630562220521,0.6018756255399625,-0.028653097746725593,-0.11863276984545985,0.6508030202653524,0.7058909884919693,0.7058909884919693,-1.5126236233606631,0.024823971989190674,0.681067016502779,0.7263000190266173,0.7263000190266173,-1.3888394446155004,0.025541693578753653,0.700758325447864,0.7254789193134319,0.7254789193134319,-1.393752026044183,0.025512818077277153,0.6999661012361553
75.0,85.0,0.21540929363527836,0.6038198071699235,-0.013498992488841205,-0.07850605675103796,0.6460224044566751,0.6955585250379133,0.6955585250379133,-1.5766632213249856,0.010575457093163088,0.6849830679447505,0.7156688188475289,0.7156688188475289,-1.452879042579823,0.01088121935709753,0.7047875994904316,0.714859737962912,0.714859737962912,-1.457791624008504,0.010868917875809956,0.7039908200871022
75.0,90.0,0.21520080973148917,0.6050840338899462,0.0014479148941314128,-0.03842097067967042,0.6433633064009222,0.689844321264616,0.689844321264616,-1.6124890642803626,0.002463721032812315,0.6873806002318036,0.7097894035030516,0.7097894035030516,-1.4887048855352012,0.002534953218244999,0.7072544502848067,0.7089869694394819,0.7089869694394819,-1.4936174669638824,0.002532087392407312,0.7064548820470745
75.0,95.0,0.2148986686836714,0.6057709998458659,0.016269288763278406,0.0018682931189312412,0.6429682125364485,0.688997305068198,0.688997305068198,-1.6178247678076263,0.00044695659684279186,0.6885503484713551,0.7089178980020557,0.7089178980020557,-1.4940405890624642,0.0004598792024311059,0.7084580187996246,0.7081164491965036,0.7081164491965036,-1.4989531704911452,0.0004593592978857059,0.7076570898986178
75.0,100.0,0.21452279792529277,0.6056730703114966,0.031068068627435722,0.04261115805677207,0.6447021285907387,0.6927184045309887,0.6927184045309887,-1.5944327363056647,0.004634783607327419,0.6880836209236614,0.712746583528129,0.712746583528129,-1.4706485575605028,0.004768786508208066,0.7079777970199213,0.7119408063011188,0.7119408063011188,-1.4755611389891843,0.004763395279884295,0.7071774110212347
75.0,105.0,0.21397754457024684,0.6042930868235711,0.045954105615445384,0.08400292550032203,0.648170344646066,0.7001914969203198,0.7001914969203198,-1.5478316758270716,0.015280092207417132,0.6849114047129029,0.7204357412494288,0.7204357412494288,-1.4240474970819088,0.01572187694970381,0.7047138642997252,0.7196212712439053,0.7196212712439053,-1.4289600785105903,0.015704102988095717,0.7039171682558096
75.0,110.0,0.21305292724268216,0.6008971977455398,0.06102380769094891,0.126135301825181,0.6527656635705874,0.7101549552871822,0.7101549552871822,-1.48646878205379,0.0327225948713614,0.6774323604158211,0.7306872675040458,0.7306872675040458,-1.3626846033086282,0.0336686849175444,0.6970185825865018,0.7298612079004955,0.7298612079004955,-1.3675971847373098,0.033630621656075436,0.6962305862444205
75.0,115.0,0.21143759918901206,0.5945904458318374,0.07633434203359672,0.16896182244920444,0.6577375508851346,0.7210141566336125,0.7210141566336125,-1.4205620811343862,0.057290365655983576,0.6637237909776288,0.7418604348529811,0.7418604348529811,-1.2967779023892243,0.05894676988988947,0.6829136649630916,0.7410217437138873,0.7410217437138873,-1.301690483817906,0.05888012914284026,0.6821416145710469
75.0,120.0,0.20874546055916543,0.5844035514948439,0.09187655270074041,0.2122809463635393,0.6622738704108871,0.7309939108273802,0.7309939108273802,-1.3608624069615105,0.08917206772882043,0.6418218430985598,0.7521287280866141,0.7521287280866141,-1.2370782282163477,0.09175024974670276,0.6603784783399113,0.7512784283940186,0.7512784283940186,-1.2419908096450303,0.09164652387340227,0.6596319045206164
75.0,125.0,0.20455518944278117,0.569380182472928,0.10755367462615188,0.2557361446254616,0.6655864979958352,0.7383249162577726,0.7383249162577726,-1.3175247519033446,0.12827825886957003,0.6100466573882027,0.7596716907683636,0.7596716907683636,-1.1937405731581823,0.13198709627489458,0.6276845944934693,0.7588128635742781,0.7588128635742781,-1.1986531545868637,0.13183788167478933,0.626974981899489
75.0,130.0,0.1984582515026668,0.5486568493176734,0.12317333962986768,0.298830057697387,0.6669940710918579,0.7414510168718917,0.7414510168718917,-1.2991753486475641,0.17411435632183012,0.5673366605500615,0.76288817457752,0.76288817457752,-1.175391169902402,0.17914842712401494,0.583739747453505,0.7620257110708033,0.7620257110708033,-1.1803037513310841,0.17894589550033926,0.583079815570464
75.0,135.0,0.19010780850932374,0.5215308595171508,0.13845740492352845,0.3409488104435398,0.6659969674149715,0.7392358519495841,0.7392358519495841,-1.312169785759715,0.22568892350845715,0.5135469284411269,0.7606089638332998,0.7606089638332998,-1.1883856070145529,0.23221414086681466,0.5283948229664852,0.7597490770293773,0.7597490770293773,-1.1932981884432339,0.23195161717210394,0.5277974598572733
75.0,140.0,0.17925994955522898,0.4875143418055727,0.1530686494413203,0.3813925321498082,0.6623402735770311,0.7311405049955543,0.7311405049955543,-1.3599915562675995,0.2814771603554862,0.4496633446400679,0.7522795606498139,0.7522795606498139,-1.2362073775224378,0.28961535173936226,0.46266420891045157,0.751429090437363,0.751429090437363,-1.2411199589511195,0.2892879345894,0.46214115584796284
75.0,145.0,0.16580041585936023,0.4463737838994066,0.16664779997167883,0.419408745734572,0.6560598433724308,0.7173406302477052,0.7173406302477052,-1.442745699834028,0.33945064490706844,0.37788998534063667,0.7380806978575009,0.7380806978575009,-1.3189615210888666,0.34926499115862586,0.388815706698875,0.7372462798023691,0.7372462798023691,-1.3238741025175478,0.34887013865063554,0.3883761411517334
75.0,150.0,0.14975374132622762,0.39815497298435065,0.17885139257663404,0.4542263840987126,0.6475052078488358,0.6987551949462331,0.6987551949462331,-1.5567495029965828,0.39717302402668325,0.30158217091954986,0.7189579122813387,0.7189579122813387,-1.4329653242514206,0.4086562650752992,0.3103016472060396,0.7181451129971563,0.7181451129971563,-1.4378779056801017,0.40819426929772173,0.3099508436994346
75.0,155.0,0.13127588114136862,0.34319314674115226,0.18938203606913206,0.48508946369488637,0.6373321240240597,0.6769711116955921,0.6769711116955921,-1.6942986351408715,0.45195159138574503,0.22501952030984682,0.696543998040531,0.696543998040531,-1.570514456395709,0.4650186144518417,0.23152538358868896,0.695756538227741,0.695756538227741,-1.5754270378243915,0.4644928996770246,0.23126363855071613
75.0,160.0,0.11063443981871207,0.28210808027696016,0.1980068920552474,0.5112903606621003,0.6264579079546455,0.654067108169652,0.654067108169652,-1.8437769018861327,0.5010291332197808,0.153037974949871,0.6729777838971622,0.6729777838971622,-1.7199927231409704,0.5155151077474852,0.15746267614967693,0.6722169662586351,0.6722169662586351,-1.7249053045696516,0.5149323054674008,0.15728466079123432
75.0,165.0,0.08818186763886093,0.2157841737590336,0.20456510049102955,0.5322026772660448,0.6159751792509153,0.6323608045743104,0.6323608045743104,-1.9903505664720949,0.5417981857723227,0.09056261880198788,0.6506438981112362,0.6506438981112362,-1.866566387726932,0.5574628930675201,0.09318100504371632,0.6499083294700004,0.6499083294700004,-1.8714789691556142,0.5568326678030038,0.09307566166699678
75.0,170.0,0.06432670614013614,0.1453364885257496,0.20896786041944457,0.547312790392695,0.6070251042877496,0.6141179939956612,0.6141179939956612,-2.1174817736374534,0.572017952468109,0.042100041527552354,0.6318736433744843,0.6318736433744843,-1.993697594892291,0.5885563869411555,0.04331725643332889,0.6311592949595696,0.6311592949595696,-1.998610176320973,0.5878910097308417,0.043268285228728005
75.0,175.0,0.03950679339713037,0.07206480074947064,0.21119481019538072,0.5562478731122171,0.6006405467722875,0.6012676120579503,0.6012676120579503,-2.2093218927497866,0.5900110068673972,0.011256605190553421,0.618651725545787,0.618651725545787,-2.085537714004624,0.607069664438108,0.011582061107679207,0.6179523248283147,0.6179523248283147,-2.0904502954333064,0.6063833575204493,0.011568967307865798
75.0,180.0,0.014166868541854238,-0.002601479144755684,0.21128811995897662,0.5587972807747815,0.5975822441263727,0.5951602093898231,0.5951602093898231,-2.253661121061477,0.5948144377725177,0.0003457716173052358,0.6123677429672015,0.6123677429672015,-2.1298769423163137,0.6120119742489123,0.00035576871828916124,0.6116754464438058,0.6116754464438058,-2.1347895237449963,0.6113200799306452,0.0003553665131605712
80.0,-180.0,0.0139400482000673,-0.003036454760014483,0.19213100558807572,0.48037665747784825,0.517570866026291,0.44645548417858905,0.44645548417858905,-3.502218378715246,0.44611625050174425,0.0003392336768449172,0.45936360137729093,0.45936360137729093,-3.3784341999700835,0.45901455962727056,0.000349041750020493,0.45884427973133507,0.45884427973133507,-3.3833467813987657,0.4584956325814432,0.0003486471498920012
80.0,-175.0,-0.009622369612215909,-0.07140305661638645,0.19023709946042658,0.4770482211785567,0.5186098204159446,0.44824968269665316,0.44824968269665316,-3.484800091905233,0.43959824236488826,0.008651440331764975,0.4612096745515517,0.4612096745515517,-3.361015913160071,0.4523080999741622,0.008901574577389623,0.46068826587528583,0.46068826587528583,-3.365928494588753,0.45179675474294784,0.008891511132338102
80.0,-170.0,-0.03285735382267385,-0.13826847012666277,0.18662103009531328,0.4682609385772435,0.5237303609706746,0.45714504841425335,0.45714504841425335,-3.39945979949487,0.42348288224539904,0.033662166168854125,0.47036222699274965,0.47036222699274965,-3.2756756207497073,0.43572680547936926,0.0346354215133801,0.4698304711348955,0.4698304711348955,-3.2805882021783894,0.4352342058020544,0.034596265332840825
80.0,-165.0,-0.05540120791728663,-0.20225441531050567,0.181435832760018,0.45428354751781924,0.5322298801326217,0.4721032865175676,0.4721032865175676,-3.25962976244288,0.39881144262153145,0.07329184389603623,0.4857529442510213,0.4857529442510213,-3.135845583697718,0.4103420543487307,0.07541088990229058,0.48520378881558845,0.48520378881558845,-3.1407581651263996,0.4098781527456643,0.07532563606992417
80.0,-160.0,-0.07692671820062796,-0.26210331312501484,0.17483192580408663,0.4355068506564428,0.542999342516441,0.4914022329640433,0.4914022329640433,-3.08562874388785,0.36704538482501353,0.12435684813902974,0.5056098703200363,0.5056098703200363,-2.9618445651426866,0.377657562326385,0.12795230799365134,0.5050382661500958,0.5050382661500958,-2.9667571465713696,0.37723061133094915,0.12780765481914666
80.0,-155.0,-0.09714881828556567,-0.3167421296629088,0.16694205577971793,0.4124154787337523,0.5547248387126948,0.5128539954325166,0.5128539954325166,-2.9000625672657625,0.3299191892146981,0.18293480621781857,0.5276818555741503,0.5276818555741503,-2.7762783885206,0.339457957829713,0.18822389774443726,0.5270852984917952,0.5270852984917952,-2.781190969949281,0.3390741924097616,0.18801110608203347
80.0,-150.0,-0.1158313525511322,-0.3653391790442297,0.15787655880493917,0.38555802430951813,0.5661003585125917,0.5341034435202027,0.5341034435202027,-2.723746219990309,0.28929318106397917,0.24481026245622345,0.549545677045172,0.549545677045172,-2.599962041245147,0.297657352674122,0.25188832437104997,0.5489244023845864,0.5489244023845864,-2.604874622673829,0.2973208438478717,0.25160355853671473
80.0,-145.0,-0.13279552207316594,-0.40734698275682296,0.1477304468380287,0.35551978413479346,0.5760076534890711,0.5529616675206976,0.5529616675206976,-2.5730497386934936,0.24702518336748888,0.3059364841532088,0.5689491383071279,0.5689491383071279,-2.4492655599483317,0.25416728404927347,0.3147818542578545,0.5683059275649514,0.5683059275649514,-2.4541781413770125,0.25387994179598034,0.314425985768971
80.0,-140.0,-0.14792961700972374,-0.4425251350794899,0.13659854025665402,0.3229004318004205,0.5836398862508551,0.567712486579639,0.567712486579639,-2.4587155355863146,0.20486825691804003,0.362844229661599,0.5841264395304446,0.5841264395304446,-2.3349313568411514,0.21079149801218236,0.37333494151826224,0.5834660704826712,0.5834660704826712,-2.3398439382698335,0.21055319313262078,0.37291287735005035
80.0,-135.0,-0.16119807997149466,-0.47094022235080907,0.12459105215680916,0.2882962759209898,0.5885636643573726,0.577331710257555,0.577331710257555,-2.385745879861032,0.1643922487133009,0.41293946154425437,0.5940237784314796,0.5940237784314796,-2.2619617011158697,0.16914522966694198,0.42487854876453784,0.593352220203037,0.593352220203037,-2.2668742825445514,0.1689540068995898,0.4243982133034474
80.0,-130.0,-0.17264621598631946,-0.49294380520092035,0.11184187102774307,0.2522845633380575,0.590725330415091,0.5815803251511045,0.5815803251511045,-2.3539029407274468,0.12692385147847696,0.45465647367262757,0.598395231146316,0.598395231146316,-2.2301187619822844,0.13059352966197857,0.4678017014843375,0.5977187308849995,0.5977187308849995,-2.2350313434109657,0.13044589052258682,0.4672728403624127
80.0,-125.0,-0.1823960741620642,-0.5091324353078474,0.0985054051699572,0.21540663073418928,0.5904129876316961,0.5809654729200776,0.5809654729200776,-2.3584967718945524,0.09350334949904744,0.48746212342103024,0.5977626020373265,0.5977626020373265,-2.23471259314939,0.09620675943929154,0.5015558425980351,0.5970868169784971,0.5970868169784971,-2.2396251745780713,0.09609799537414947,0.5009888216043477
80.0,-120.0,-0.19063027955652057,-0.5202944599676993,0.08474322427413912,0.17814789468101874,0.5881873128490052,0.5765936076378433,0.5765936076378433,-2.3913017669460226,0.06486194931066157,0.5117316583271816,0.5932643354643927,0.5932643354643927,-2.26751758820086,0.06673726649929165,0.5265270689651009,0.5925936358045665,0.5925936358045665,-2.272430169629542,0.0666618184076686,0.5259318173968979
80.0,-115.0,-0.19756400450941136,-0.5273471830994638,0.07070600024574869,0.1409151233108465,0.5847931239756474,0.5699582353823083,0.5699582353823083,-2.441569667968719,0.04142637477957749,0.5285318606027308,0.5864371184096185,0.5864371184096185,-2.3177854892235565,0.04262411233622543,0.5438130060733932,0.5857741370835645,0.5857741370835645,-2.3226980706522378,0.0425759247477672,0.5431982123357975
80.0,-110.0,-0.20340955251437426,-0.5312662554675102,0.056517453810077556,0.10401408910879864,0.5810614714218068,0.5627074657400027,0.5627074657400027,-2.497173227913111,0.02335470531481263,0.5393527604251901,0.5789767113283288,0.5789767113283288,-2.3733890491679484,0.024029946820467777,0.5549467645078608,0.5783221641726647,0.5783221641726647,-2.3783016305966305,0.02400278038521339,0.5543193837874512
80.0,-105.0,-0.20834112921345463,-0.5330087355154148,0.04226509865991943,0.06763253382722559,0.5778103810544619,0.5564282851441881,0.5564282851441881,-2.54590801451712,0.010600580587630574,0.5458277045565573,0.5725159843031052,0.5725159843031052,-2.422123835771958,0.010907069233080125,0.5616089150700249,0.5718687411553833,0.5718687411553833,-2.4270364172006396,0.010894738527883426,0.5609740026274996
80.0,-100.0,-0.21246771170809448,-0.5334330382937583,0.02799908396784788,0.031833713869027266,0.5757522634810199,0.5524714324460785,0.5524714324460785,-2.576901738451896,0.002995486165282455,0.5494759462807962,0.5684447293405479,0.5684447293405479,-2.453117559706734,0.0030820929779632215,0.5653626363625849,0.5678020888448905,0.5678020888448905,-2.458030141135416,0.003078608597412595,0.5647234802474781
80.0,-95.0,-0.21581933547008286,-0.5332223695219603,0.013737347663149883,-0.0034355707549039273,0.5754168912958607,0.5518279974132827,0.5518279974132827,-2.581962690368988,0.0003341885722036563,0.551493808841079,0.5677826910312611,0.5677826910312611,-2.458178511623826,0.00034385077909626123,0.5674388402521648,0.567140798985902,0.567140798985902,-2.463091093052508,0.0003434620474857721,0.5667973369384162
80.0,-90.0,-0.2183478708882977,-0.5328212631378604,-0.0005260901402565543,-0.03832134681143282,0.5770988594387929,0.5550587459280466,0.5550587459280466,-2.556610498823294,0.002447946315732102,0.5526107996123143,0.5711068483671639,0.5711068483671639,-2.4328263200781324,0.0025187224156107643,0.568588125951553,0.5704611982816511,0.5704611982816511,-2.437738901506814,0.002515874939087463,0.5679453233425635
80.0,-85.0,-0.2199393667849703,-0.5323952556130654,-0.014812349173872091,-0.07302556222216121,0.5808357527623333,0.5622703728976995,0.5622703728976995,-2.5005479969534257,0.00925334604273581,0.5530170268549639,0.5785269810656442,0.5785269810656442,-2.3767638182082633,0.009520882850844542,0.5690060982147997,0.5778729423409039,0.5778729423409039,-2.3816763996369454,0.009510119262832281,0.5683628230780717
80.0,-80.0,-0.22043283638973218,-0.5318203922346888,-0.02914936760797369,-0.1077612436101281,0.5864177147834355,0.5731293912771311,0.5731293912771311,-2.417473194393467,0.020769796109663115,0.5523595951674682,0.5896999601575585,0.5896999601575585,-2.2936890156483045,0.021370301584178533,0.5683296585733804,0.589033290110104,0.589033290110104,-2.2986015970769857,0.021346141942099807,0.5676871481680045
80.0,-75.0,-0.2196404875219416,-0.5307029975378925,-0.043563178078429805,-0.14270664007960793,0.5934227422012778,0.5869037580152919,0.5869037580152919,-2.3143310963776584,0.03710401854144284,0.549799739473849,0.6038725774413951,0.6038725774413951,-2.190546917632496,0.03817678623463611,0.565695791206759,0.6031898849078025,0.6031898849078025,-2.1954594990611787,0.03813362645574803,0.5650562584520544
80.0,-70.0,-0.2173662933087187,-0.5284235164476425,-0.05806712015504138,-0.1779649799499696,0.60126769639933,0.6025238763055767,0.6025238763055767,-2.200257385583992,0.058404164936938986,0.5441197113686378,0.6199443114575334,0.6199443114575334,-2.0764732068388296,0.06009277182522789,0.5598515396323056,0.6192434494404693,0.6192434494404693,-2.0813857882675117,0.06002483549531242,0.559218613945157
80.0,-65.0,-0.21342216571243033,-0.5241942311243225,-0.07264817561764206,-0.2135346316044487,0.6092646461730921,0.6186577734440198,0.6186577734440198,-2.0854952578716706,0.08478932963190554,0.5338684438121143,0.6365446789217202,0.6365446789217202,-1.9617110791265082,0.08724079599949124,0.549303882922229,0.635825049788304,0.635825049788304,-1.9666236605551901,0.08714216817256479,0.5486828816157392
80.0,-60.0,-0.20764244538444776,-0.5171210302247146,-0.08725193748626289,-0.24929200065948343,0.6166757228996599,0.6337999802696699,0.6337999802696699,-1.98047778665399,0.11626293126385587,0.517537049005814,0.6521246838868915,0.6521246838868915,-1.8566936079088279,0.11962437623608999,0.5325003076508015,0.6513874411815723,0.6513874411815723,-1.861606189337509,0.11948913798957436,0.5318983031919979
80.0,-55.0,-0.19989722558593323,-0.5062636358533307,-0.10177036309146499,-0.2849873410773166,0.622765414231133,0.6463793738249811,0.6463793738249811,-1.8951251048983728,0.15262139000846048,0.49375798381652075,0.6650677783979639,0.6650677783979639,-1.77134092615321,0.15703404672132984,0.5080337316766341,0.6643159032116969,0.6643159032116969,-1.7762535075818922,0.15685651593880828,0.5074593872728886
80.0,-50.0,-0.19010359779588704,-0.49069424127329836,-0.11603766371133359,-0.32025223692454674,0.6268544097064954,0.65489532287361,0.65489532287361,-1.8382811120112008,0.19337250207696616,0.4615228207966439,0.673829944308684,0.673829944308684,-1.7144969332660382,0.1989633728541683,0.47486657145451583,0.6730681632822301,0.6730681632822301,-1.7194095146947206,0.198738439955772,0.4743297233264583
80.0,-45.0,-0.17823262877271312,-0.4695582068294326,-0.12983812371314507,-0.3546166875102491,0.6283810253263505,0.6580890176692485,0.6580890176692485,-1.8171535673904273,0.23767928954141054,0.42040972812783794,0.677115976612047,0.677115976612047,-1.6933693886452652,0.24455117763289488,0.4325647989791521,0.6763504806467097,0.6763504806467097,-1.6982819700739469,0.2442747066201547,0.4320757740265549
80.0,-40.0,-0.16431018864036406,-0.4421402035125142,-0.14292549829905943,-0.3875331942893426,0.6269732629014217,0.6551436860636923,0.6551436860636923,-1.8366344012870608,0.28434275904241624,0.37080092702127615,0.6740854882844864,0.6740854882844864,-1.7128502225418982,0.2925638018751068,0.3815216864093797,0.673323418359396,0.673323418359396,-1.71776280397058,0.2922330514310547,0.38109036692834125
80.0,-35.0,-0.1484119804447538,-0.40793502707211365,-0.15504884641279926,-0.4184049698491862,0.622527080391125,0.6458847265747949,0.6458847265747949,-1.8984498522417335,0.33183028832641714,0.3140544382483778,0.6645588296890574,0.6645588296890574,-1.7746656734965707,0.3414243114789764,0.3231345182100811,0.663807529881598,0.663807529881598,-1.7795782549252532,0.34103832304873294,0.3227692068328652
80.0,-30.0,-0.1306560314659599,-0.36671633481404775,-0.16597690043809624,-0.4466156343257075,0.6152769499022976,0.630928011042757,0.630928011042757,-2.0002019097845993,0.37834751364731906,0.252580497395438,0.649169679023312,0.649169679023312,-1.876417731039437,0.38928646326506744,0.25988321575824463,0.6484357770223608,0.6484357770223608,-1.881330312468118,0.38884636551625795,0.2595894115061027
80.0,-25.0,-0.11119741325722736,-0.31859185916493477,-0.17551406175651801,-0.47155867863844453,0.6058369506020368,0.6117162730434004,0.6117162730434004,-2.134499661280784,0.42194468148806513,0.18977159155533535,0.6294024828103717,0.6294024828103717,-2.0107154825356224,0.4341441315856211,0.19525835122475088,0.6286909281021585,0.6286909281021585,-2.015628063964304,0.43365332115936805,0.1950376069427907
80.0,-20.0,-0.09022865912969018,-0.264032774029687,-0.1835053443101908,-0.49266618601135337,0.595187952599453,0.5904005888961983,0.5904005888961983,-2.2885321799693594,0.4606461179770628,0.12975447091913547,0.6074705102337672,0.6074705102337672,-2.1647480012241966,0.473964521017659,0.13350598921610812,0.6067837501502552,0.6067837501502552,-2.1696605826528783,0.4734286926794068,0.1333550574708484
80.0,-15.0,-0.06798567285852936,-0.2038686252679534,-0.18983262344864082,-0.5094370343521147,0.5845912973843721,0.5695648898630832,0.5695648898630832,-2.444567901027462,0.49259258978962145,0.07697230007346165,0.586032400311846,0.586032400311846,-2.3207837222823,0.5068346432653785,0.07919775704646738,0.5853698765293762,0.5853698765293762,-2.325696303710982,0.5062616544600426,0.07910822206933366
80.0,-10.0,-0.04475496539422335,-0.13924623429802493,-0.19440758638275146,-0.5214644400452965,0.5754233159757607,0.5518403200895512,0.5518403200895512,-2.5818657106836778,0.5161869588944107,0.03565336119514047,0.5677953699861623,0.5677953699861623,-2.458081531938516,0.5311111831406633,0.03668418684549899,0.5671534636069384,0.5671534636069384,-2.462994113367198,0.5305107491206686,0.03664271448626975
80.0,-5.0,-0.020876195443936856,-0.0715584226283579,-0.1971664525802062,-0.5284613232815789,0.5689485069958901,0.5394912960952228,0.5394912960952228,-2.680155576322446,0.5302308086217982,0.00926048747342465,0.5550893055820793,0.5550893055820793,-2.556371397577284,0.5455610748243627,0.009528230757716484,0.5544617637155425,0.5544617637155425,-2.5612839790059656,0.5449443048528243,0.009517458862718035
80.0,0.0,0.0032646638179535782,-0.0023534492082505176,-0.19806862444878404,-0.5302803480622904,0.5660782845906716,0.5340617917965337,0.5340617917965337,-2.724084915037897,0.5340347978441201,2.6993952413719313e-05,0.5495028210685602,0.5495028210685602,-2.600300736292735,0.5494750466551291,2.777441343113418e-05,0.5488815948576914,0.5488815948576914,-2.605213317721416,0.5488538518439054,2.774301378593968e-05
80.0,5.0,0.0272524239960088,0.06676269975957425,-0.19709816216772882,-0.5269246238350871,0.5671835658995152,0.5361493645174988,0.5361493645174988,-2.7071420443191387,0.5274829808682377,0.00866638364926113,0.5516507506096295,0.5516507506096295,-2.5833578655739755,0.5427338006669798,0.008916949942649582,0.5510270961125374,0.5510270961125374,-2.5882704470026567,0.542120226997161,0.00890686911537629
80.0,10.0,0.05066674572977806,0.13422098447415381,-0.19426545306952434,-0.5185456575952853,0.57202365079015,0.5453389140813725,0.5453389140813725,-2.6333351099130793,0.5110357359064123,0.03430317817495998,0.5611059924697731,0.5611059924697731,-2.5095509311679165,0.5258110257294086,0.03529496674036421,0.5604716485933942,0.5604716485933942,-2.5144635125965973,0.5252165836653774,0.03525506492801642
80.0,15.0,0.07310732070935165,0.198574006812674,-0.18960733849399233,-0.505427325722569,0.5798137984911906,0.5602935348598739,0.5602935348598739,-2.515843887601323,0.4856680987626437,0.07462543609723038,0.5764929878175469,0.5764929878175469,-2.392059708856161,0.4997099483101592,0.07678303950738798,0.5758412485712988,0.5758412485712988,-2.396972290284843,0.4991450141445465,0.07669623442675269
80.0,20.0,0.09421448294153095,0.2585664705968918,-0.18318622480867922,-0.48795786486322085,0.589400593276256,0.5789747921357423,0.5789747921357423,-2.3734034451896733,0.45275611821189976,0.12621867392384248,0.5957143658151479,0.5957143658151479,-2.249619266444512,0.4658464021112252,0.1298679637039227,0.5950408963368368,0.5950408963368368,-2.254531847873194,0.4653197515024663,0.12972114483437047
80.0,25.0,0.11368214235924012,0.31318862209816983,-0.1750903849103811,-0.46659510328871745,0.5994817560228259,0.5989498489578468,0.5989498489578468,-2.226095402696105,0.41393630353747407,0.1850135454203728,0.6162669502601572,0.6162669502601572,-2.1023112239509425,0.42590421189162886,0.19036273836852846,0.6155702455887427,0.6155702455887427,-2.1072238053796246,0.4254227168936013,0.19014752869514162
80.0,30.0,0.13126358614678485,0.3617107588346382,-0.16543724127351328,-0.44183206137721237,0.6088101948603288,0.6177352023280405,0.6177352023280405,-2.091976492026932,0.37096634580400595,0.24676885652403455,0.6355954340241181,0.6355954340241181,-1.9681923132817696,0.3816918878526659,0.2539035461714524,0.634876878034985,0.634876878034985,-1.973104894710451,0.3812603759547852,0.2536165020801999
80.0,35.0,0.14677362528084253,0.4036981726273928,-0.1543789167402338,-0.41416959922234536,0.616347319710781,0.6331251150036268,0.6331251150036268,-1.9851045840847994,0.32560784039739993,0.3075172746062267,0.6514303066196386,0.6514303066196386,-1.8613204053396368,0.3350219574003498,0.31640834921928873,0.6506938489245907,0.6506938489245907,-1.8662329867683187,0.33464320698602257,0.316050641938568
80.0,40.0,0.16009132856190628,0.43900791334440753,-0.1421063624629366,-0.3840998117129054,0.6213566327561523,0.6434582824892288,0.6434582824892288,-1.9147960458248257,0.27953822034999715,0.3639200621392318,0.6620622311855425,0.6620622311855425,-1.7910118670796629,0.2876203522481708,0.37444187893737196,0.6613137538429895,0.6613137538429895,-1.7959244485083445,0.2872951904933167,0.37401856334967293
80.0,45.0,0.17116579165561988,0.4677708147621896,-0.1288471337751379,-0.35209938150764003,0.6234443212641436,0.6477894415284536,0.6477894415284536,-1.885661349354431,0.2342870776422486,0.413502363886205,0.6665186145986763,0.6665186145986763,-1.7618771706092693,0.2410608886122529,0.4254577259864235,0.6657650992070437,0.6657650992070437,-1.7667897520379505,0.2407883634555484,0.42497673575149536
80.0,50.0,0.18002399556597348,0.49036310872404676,-0.11485364851330684,-0.31862796691591666,0.6225590407783326,0.6459510474032352,0.6459510474032352,-1.898003932250472,0.1911873989277304,0.4547636484755049,0.6646270680144409,0.6646270680144409,-1.7742197535053097,0.19671509304221668,0.4679119749722244,0.6638756910619066,0.6638756910619066,-1.7791323349339916,0.1964927018784485,0.4673829891834582
80.0,55.0,0.18677671389726713,0.5073709473227715,-0.10038284873968589,-0.2841247668967073,0.6189623724643293,0.6385089881844642,0.6385089881844642,-1.9483298486659502,0.15133576714176306,0.4871732210427012,0.6569698407083695,0.6569698407083695,-1.8245456699207871,0.15571125336121314,0.5012585873471562,0.6562271204362428,0.6562271204362428,-1.8294582513494693,0.15553521802853346,0.5006919024077093
80.0,60.0,0.19161741602164728,0.5195486592752507,-0.08567230121505447,-0.24899757299962516,0.6131782595890941,0.6266312005244469,0.6266312005244469,-2.0298798500768815,0.11556316836175604,0.5110680321626905,0.6447486372306275,0.6447486372306275,-1.9060956713317196,0.11890438148138288,0.5258442557492443,0.6440197333242003,0.6440197333242003,-1.9110082527604009,0.11876995720632685,0.525249776117873
80.0,65.0,0.19481078325733708,0.5277689901719865,-0.07091950401637759,-0.21360244930258393,0.6059265059877208,0.6118971353553027,0.6118971353553027,-2.1332157998246033,0.0844239817107925,0.5274731536445102,0.629588574292934,0.629588574292934,-2.0094316210794414,0.0868648849786938,0.5427236893142403,0.6288768092038053,0.6288768092038053,-2.014344202508123,0.0867666821282554,0.5421101270755501
80.0,70.0,0.19667086191733285,0.53296258042364,-0.05626958791296251,-0.17821714988995208,0.598043609695751,0.5960795554022172,0.5960795554022172,-2.246957735375205,0.05821132699185822,0.537868228410359,0.6133136695156057,0.6133136695156057,-2.1231735566300425,0.05989435846471676,0.5534193110508889,0.612620303599401,0.612620303599401,-2.128086138058724,0.059826646445897455,0.5527936571535035
80.0,75.0,0.19753216224267978,0.536045562708367,-0.04181279635649683,-0.14301554175370373,0.590394406767081,0.5809289064109984,0.5809289064109984,-2.3587701294975036,0.03700205346890008,0.5439268529420982,0.5977249783012638,0.5977249783012638,-2.2349859507523417,0.038071873103097106,0.5596531051981666,0.5970492357769767,0.5970492357769767,-2.2398985321810234,0.03802883193103811,0.5590204038459384
80.0,80.0,0.19771857838055068,0.5378382488184843,-0.027589347275167878,-0.10805200990709252,0.5837799474605067,0.5679849972163369,0.5679849972163369,-2.4566313561329336,0.0207268599073446,0.5472581373089925,0.584406829114453,0.584406829114453,-2.3328471773877717,0.021326123991505914,0.5630807051229473,0.5837461430794828,0.5837461430794828,-2.337759758816454,0.021302014293262693,0.5624441287862204
80.0,85.0,0.19751441209191178,0.5389829892913649,-0.013597453245204958,-0.0732633197620147,0.578849730488644,0.5584318613292035,0.5584318613292035,-2.5302981100683124,0.009253789917937344,0.5491780714112665,0.5745774887634567,0.5745774887634567,-2.4065139313231496,0.00952133955956101,0.565056149203896,0.5739279150351526,0.5739279150351526,-2.4114265127518317,0.009510575455228515,0.5644173395799245
80.0,90.0,0.1971398321827841,0.5398732295284995,0.00019901081623069169,-0.03849110769458065,0.576028490937253,0.5530016757339121,0.5530016757339121,-2.572735526719952,0.0024692834540201106,0.550532392279892,0.5689903032553886,0.5689903032553886,-2.4489513479747895,0.002540676462619725,0.5664496267927689,0.5683470459752438,0.5683470459752438,-2.4538639294034708,0.0025378041665160443,0.5658092418087277
80.0,95.0,0.19673119310440212,0.540606530488158,0.013864233176682377,-0.003522543737716498,0.5754678170173262,0.551925677835511,0.551925677835511,-2.581194003126068,0.00034103409214831674,0.5515846437433628,0.5678831956327924,0.5678831956327924,-2.457409824380906,0.00035089421972251956,0.5675323014130701,0.567241189964554,0.567241189964554,-2.4623224058095876,0.0003504975253322886,0.5668906924392217
80.0,100.0,0.196325922443541,0.5409710205189726,0.027483862566999067,0.031858226670125625,0.5770301744040885,0.5549266300526722,0.5549266300526722,-2.5576443357937535,0.0029504460037763584,0.5519761840488957,0.570970912699529,0.570970912699529,-2.4338601570485903,0.003035750595510195,0.5679351621040187,0.5703254162925716,0.5703254162925716,-2.4387727384772724,0.0030323186061421976,0.5672930976864293
80.0,105.0,0.1958524933576921,0.5404682539787721,0.04115471204809319,0.06781777938037889,0.5803077582086376,0.5612486012199616,0.5612486012199616,-2.5084472836404865,0.01048802211811227,0.5507605791018493,0.5774756674760383,0.5774756674760383,-2.3846631048953233,0.010791256423615874,0.5666844110524223,0.5768228172867026,0.5768228172867026,-2.389575686324005,0.0107790566475974,0.566043760639105
80.0,110.0,0.19512769585296502,0.5383680364982013,0.054967791017543205,0.10442957964467386,0.5846725199339606,0.5697231704481096,0.5697231704481096,-2.443361175748644,0.02321111175742048,0.546512058690689,0.5861952571747192,0.5861952571747192,-2.3195769970034816,0.023882201623027552,0.5623130555516915,0.5855325492786326,0.5855325492786326,-2.3244895784321637,0.02385520221728723,0.5616773470613453
80.0,115.0,0.19386472970975321,0.5337850621809378,0.06898427014742467,0.14164484350519121,0.589348892636888,0.5788732243584597,0.5788732243584597,-2.3741653815526123,0.041369177411962464,0.5375040469464974,0.5956098614656443,0.5956098614656443,-2.2503812028074495,0.04256526125317672,0.5530446002124677,0.5949365101320243,0.5949365101320243,-2.2552937842361316,0.04251714019728928,0.5524193699347352
80.0,120.0,0.1916952628103864,0.5257649452425057,0.0832079767546692,0.1792801548503581,0.5934987723227169,0.587054157450164,0.587054157450164,-2.3132183197756495,0.06510670167638015,0.5219474557737839,0.6040273252908365,0.6040273252908365,-2.189434141030487,0.06698909525298916,0.5370382300378473,0.6033444578110626,0.6033444578110626,-2.1943467224591693,0.06691336246287785,0.5364310953481848
80.0,125.0,0.18820597729185312,0.5133685642355008,0.09756167980616337,0.21702027242119323,0.5963093598476971,0.5926274593038848,0.5926274593038848,-2.2721822942048266,0.09435791036039513,0.49826954894348985,0.6097617648975048,0.6097617648975048,-2.1483981154596634,0.09708602773988592,0.5126757371576189,0.6090724144952567,0.6090724144952567,-2.153310696888346,0.09697626964069388,0.5120961448545629
80.0,130.0,0.1829859577498505,0.49574727041926875,0.11187563309928134,0.25443242365670843,0.5970772415282444,0.5941547228379516,0.5941547228379516,-2.2610044639105786,0.12875032590761262,0.46540439693033886,0.6113331853461792,0.6113331853461792,-2.1372202851654163,0.13247281192263877,0.4788603734235404,0.6106420584151608,0.6106420584151608,-2.1421328665940984,0.13232304820926272,0.4783190102058981
80.0,135.0,0.17567733256637685,0.4722055445783828,0.12589426949179916,0.29098784326929833,0.5952847163581441,0.5905925753899494,0.5905925753899494,-2.2871201705167743,0.16753487306581694,0.42305770232413215,0.6076680475254135,0.6076680475254135,-2.163335991771612,0.17237871495608287,0.4352893325693303,0.6069810641212223,0.6069810641212223,-2.1682485732002936,0.17218383665551587,0.4347972274657062
80.0,140.0,0.16601979431257427,0.4422505816051096,0.1393011482055967,0.3260869264600674,0.5906654235125146,0.5814623721619697,0.5814623721619697,-2.354783842737308,0.20955755217986557,0.37190481998210406,0.598273867848513,0.598273867848513,-2.2309996639921446,0.21561637223980407,0.3826574956087088,0.5975975047913358,0.5975975047913358,-2.2359122454208267,0.21537261272339728,0.38222489206793847
80.0,145.0,0.15388095040861371,0.4056294106715526,0.1517558215615525,0.3590855871965346,0.5832553934688569,0.5669647328420399,0.5669647328420399,-2.464439548786083,0.25328118010835327,0.3136835527336867,0.5833570664081076,0.5833570664081076,-2.340655370040921,0.26060415691774186,0.32275290949036595,0.582697567155231,0.582697567155231,-2.345567951469602,0.26030953762420683,0.3223880295310243
80.0,150.0,0.13926829196848967,0.36235380535186507,0.16293246323519506,0.38932181504608276,0.5734234043422558,0.5480110904342697,0.5480110904342697,-2.612106523447047,0.29685711172648527,0.25115397870778444,0.563855427959944,0.563855427959944,-2.488322344701885,0.30543997502467873,0.2584154529352654,0.5632179757803387,0.5632179757803387,-2.4932349261305666,0.30509466775589433,0.2581233080244444
80.0,155.0,0.12232319384912337,0.31271226405955926,0.1725508192528461,0.41614261020768833,0.5618722106511427,0.5261549061037388,0.5261549061037388,-2.7888637569066272,0.3382394601435656,0.1879154459601732,0.5413673280211325,0.5413673280211325,-2.665079578161466,0.34801878808886266,0.19334853993227002,0.540755299181643,0.540755299181643,-2.669992159590148,0.3476253444435412,0.19312995473810196
80.0,160.0,0.1033010047589349,0.2572677385580997,0.18039462885366236,0.4389319928250075,0.5496010401478396,0.5034236453476246,0.5034236453476246,-2.9806638989447274,0.3753303516312414,0.12809329371638326,0.5179788510624803,0.5179788510624803,-2.8568797201995655,0.3861820677345833,0.13179678332789718,0.5173932634610736,0.5173932634610736,-2.8617923016282463,0.3857454795798987,0.13164778388117496
80.0,165.0,0.08254304611069464,0.19684022962564107,0.18631826876721858,0.4571403127980873,0.537820781786883,0.4820739649771977,0.4820739649771977,-3.168863225142025,0.40614336973272186,0.07593059524447568,0.4960118993489018,0.4960118993489018,-3.045079046396863,0.4178859653593187,0.07812593398958297,0.49545114591695544,0.49545114591695544,-3.049991627825545,0.41741353518265345,0.07803761073430183
80.0,170.0,0.06044631291686025,0.13247485312693422,0.19024586806678467,0.4703137650075564,0.5278180286124313,0.46430884685138574,0.46430884685138574,-3.331930412915362,0.4289707736239675,0.035338073227418006,0.47773314831915403,0.47773314831915403,-3.208146234170199,0.4413733651856853,0.03635978313346847,0.47719305945671714,0.47719305945671714,-3.213058815598881,0.4408743819362462,0.036318677520470716
80.0,175.0,0.03743547824153405,0.06539778095546887,0.1921670760663468,0.4781214845961666,0.520775022386254,0.4520003911826007,0.4520003911826007,-3.4486118932938914,0.44253680616097085,0.009463585021629943,0.46506882516987413,0.46506882516987413,-3.3248277145487295,0.4553316248183669,0.009737200351507297,0.46454305363062764,0.46454305363062764,-3.3297402959774107,0.4548168614192917,0.009726192211336014
80.0,180.0,0.013940048200067306,-0.0030364547600144625,0.19213100558807572,0.48037665747784825,0.517570866026291,0.44645548417858905,0.44645548417858905,-3.502218378715246,0.44611625050174425,0.0003392336768449172,0.45936360137729093,0.45936360137729093,-3.3784341999700835,0.45901455962727056,0.0003490417500204931,0.45884427973133507,0.45884427973133507,-3.3833467813987657,0.4584956325814432,0.0003486471498920012
85.0,-180.0,0.013547803042115203,-0.0035094657005698164,0.1748721577061006,0.40822410251620017,0.44432313549118274,0.32903066289018573,0.32903066289018573,-4.827636275713502,0.3287042383858321,0.0003264245043534299,0.33854374204155335,0.33854374204155335,-4.7038520969683395,0.3382078798084496,0.00033586223310364227,0.33816101016463074,0.33816101016463074,-4.708764678397021,0.3378255276318932,0.00033548253273733803
85.0,-175.0,-0.007988513954105554,-0.06604152033357476,0.17307486091750066,0.4053993169304218,0.4457900990515936,0.33120688441990087,0.33120688441990087,-4.799006446090766,0.323831560237249,0.007375324182651922,0.34078288344469687,0.34078288344469687,-4.675222267345603,0.3331943206474421,0.007588562797254781,0.340397620164338,0.340397620164338,-4.680134848774285,0.3328176364206053,0.007579983743732705
85.0,-170.0,-0.029209753720409577,-0.1271863419342158,0.1697198372458113,0.39792066169238016,0.4518575565855467,0.3402840689547079,0.3402840689547079,-4.681583827496691,0.31190211212954183,0.02838195682516617,0.3501225115286633,0.3501225115286633,-4.557799648751529,0.32091996309243936,0.02920254843622407,0.3497266895731838,0.3497266895731838,-4.562712230180211,0.3205571553232701,0.029169534249913844
85.0,-165.0,-0.04977449510174674,-0.18563118479146393,0.16495070392818578,0.3860265144854039,0.4616943163413106,0.35526103327501257,0.35526103327501257,-4.494524253891001,0.29370175500631324,0.061559278268699426,0.3655324964245422,0.3655324964245422,-4.3707400751458385,0.30219338924407163,0.06333910718047066,0.3651192531089543,0.3651192531089543,-4.37565265657452,0.3018517523189242,0.06326750079003023
85.0,-160.0,-0.06937769978320471,-0.2401716969653633,0.15890400999423934,0.3700579622508174,0.4740138068325726,0.37447299286871133,0.37447299286871133,-4.265794983144004,0.2703159312973389,0.10415706157137243,0.3852999206386576,0.3852999206386576,-4.142010804398842,0.278131424320752,0.10716849631790559,0.38486432977257073,0.38486432977257073,-4.146923385827524,0.2778169900280975,0.10704733974447321
85.0,-155.0,-0.08775744181034946,-0.28977540511894145,0.15169449868124907,0.35043081707989554,0.48732343725125943,0.39579756285861867,0.39579756285861867,-4.025268843092896,0.24301590558114963,0.15278165727746904,0.4072410359693576,0.4072410359693576,-3.9014846643477332,0.250042088261292,0.15719894770806567,0.4067806401424652,0.4067806401424652,-3.9063972457764153,0.2497594096414693,0.15702123050099592
85.0,-150.0,-0.10470275325668459,-0.33364030417387186,0.14341150568036692,0.32760696246981663,0.5001716714578842,0.4169430120819769,0.4169430120819769,-3.799233004930131,0.21315028140615103,0.2037927306758259,0.42899785171517335,0.42899785171517335,-3.675448826184968,0.21931297603266903,0.20968487568250427,0.4285128592826073,0.4285128592826073,-3.6803614076136504,0.21906503741639366,0.20944782186621363
85.0,-145.0,-0.12006220956169704,-0.37124078805529415,0.13412791294201312,0.30206987966327786,0.5113425134982619,0.43577501038673466,0.43577501038673466,-3.607376780877431,0.18205655962899694,0.25371845075773763,0.44837432903254926,0.44837432903254926,-3.4835926021322687,0.1873202589042051,0.2610540701283441,0.4478674310243932,0.4478674310243932,-3.488505183560951,0.18710848882733497,0.2607589421970582
85.0,-140.0,-0.13375215226914206,-0.4023536094966712,0.12391741722242869,0.2743070355221271,0.5199787893170668,0.4506192860505851,0.4506192860505851,-3.4619022484897046,0.15099623604549484,0.2996230500050902,0.463647788919215,0.463647788919215,-3.3381180697445423,0.15536190559264826,0.30828588332656676,0.4631236238957709,0.4631236238957709,-3.343030651173224,0.1551862652060584,0.30793735868971245
85.0,-135.0,-0.1457625158249717,-0.4270598827348537,0.11287194894013222,0.2447986791039421,0.5256361142555853,0.46047802590438575,0.46047802590438575,-3.367910895847626,0.12110793038783904,0.33937009551654673,0.4737915689930916,0.4737915689930916,-3.244126717102464,0.1246094561043719,0.3491821128887198,0.4732559361812803,0.4732559361812803,-3.249039298531145,0.12446858210466498,0.3487873540766153
85.0,-130.0,-0.1561572017182296,-0.4457237885446328,0.1011111319671066,0.21400986887891632,0.5282787638248285,0.4651197960461167,0.4651197960461167,-3.324351760106648,0.09337060858178284,0.3717491874643339,0.4785675440334568,0.4785675440334568,-3.200567581361486,0.09607018065828053,0.38249736337517637,0.4780265118665125,0.4780265118665125,-3.205480162790167,0.09596157099874907,0.3820649408677635
85.0,-125.0,-0.16506565462888118,-0.4589523253480383,0.08877964764380955,0.18238149232177678,0.5282317122794787,0.46503694724699446,0.46503694724699446,-3.3251254098521494,0.06857310877514147,0.39646383847185296,0.4784822998734381,0.4784822998734381,-3.2013412311069867,0.07055572463745391,0.40792657523598413,0.47794136407707544,0.47794136407707544,-3.2062538125356688,0.07047595968668187,0.4074654043903936
85.0,-120.0,-0.17266369579619426,-0.4675416049128234,0.07603396866756049,0.15031709145510608,0.5261029334125801,0.4612962931861015,0.4612962931861015,-3.360200352146027,0.04729287311419034,0.4140034200719111,0.4746334943781269,0.4746334943781269,-3.236416173400864,0.04866022544931613,0.42597326892881066,0.4740969097493335,0.4740969097493335,-3.2413287548295457,0.0486052138891987,0.4254916958601347
85.0,-115.0,-0.17914485603804198,-0.4724139049216217,0.06302416125224264,0.11816494125640455,0.5226880286096709,0.45532723165602107,0.45532723165602107,-3.4167637516011284,0.029890959535535992,0.4254362721204849,0.4684918527173794,0.4684918527173794,-3.2929795728559657,0.030755180096240342,0.4377366726211389,0.46796221136281707,0.46796221136281707,-3.2978921542846478,0.030720410622339146,0.4372418007404778
85.0,-110.0,-0.1846872156455542,-0.4745475790231073,0.04987745292659629,0.0861979076487953,0.5188666610730303,0.4486937824694257,0.4486937824694257,-3.4804994842531207,0.016529343239439397,0.43216443922998615,0.46166661433215933,0.46166661433215933,-3.356715305507959,0.017007246876673935,0.4446593674554853,0.4611446890744354,0.4611446890744354,-3.3616278869366405,0.016988019773319006,0.44415666930111625
85.0,-105.0,-0.18942317980300788,-0.47490105422915363,0.03668819465867233,0.05459595161526595,0.515498684687685,0.4428877224910363,0.4428877224910363,-3.537063588398744,0.007211066047298428,0.4356766564437378,0.455692686995613,0.455692686995613,-3.4132794096535823,0.007419555558492055,0.44827313143712094,0.45517751540702595,0.45517751540702595,-3.418191991082264,0.0074111675717352795,0.4477663478352907
85.0,-100.0,-0.19341928737131578,-0.4743336877964424,0.023515400151214796,0.023436906936436536,0.5133280927017531,0.4391658715779493,0.4391658715779493,-3.573714171036668,0.0018370611388687063,0.43732881043908045,0.45186322829298203,0.45186322829298203,-3.449929992291506,0.0018901750579984628,0.44997305323498343,0.4513523859999478,0.4513523859999478,-3.4548425737201875,0.0018880381694436855,0.44946434783050404
85.0,-95.0,-0.19667007599891073,-0.47352967553479725,0.010386152301212663,-0.007299966089446457,0.5129041178134942,0.43844072751705165,0.43844072751705165,-3.5808911028470565,0.00026859644632947464,0.43817213107072217,0.4511171185482577,0.4511171185482577,-3.457106924101894,0.00027636222484769493,0.45084075632341003,0.45060711975031,0.45060711975031,-3.4620195055305762,0.00027604979067777455,0.45033106995963224
85.0,-90.0,-0.1991055902879504,-0.4729344650518512,-0.002698045898618868,-0.03771587625192995,0.5145287271775171,0.4412226236795601,0.4412226236795601,-3.5534222722166575,0.0023828884831759655,0.4388397351963841,0.4539794461154029,0.4539794461154029,-3.4296380934714947,0.002451783602403504,0.4515276625129994,0.4534662113870093,0.4534662113870093,-3.434550674900177,0.0024490118018252473,0.45101719958518405
85.0,-85.0,-0.2006082444782024,-0.472713841438669,-0.015754361954797118,-0.06796157612095725,0.5182364512360905,0.44760448716007306,0.44760448716007306,-3.4910556839236677,0.008111435151015228,0.43949305200905775,0.4605458248380214,0.4605458248380214,-3.3672715051785063,0.008345956529494011,0.4521998683085274,0.46002516665989,0.46002516665989,-3.372184086607188,0.008336521224064983,0.45168864543582504
85.0,-80.0,-0.2010329238297899,-0.4727427339881505,-0.02881192063181131,-0.09819848983393245,0.5238062611102544,0.4572775589188108,0.4572775589188108,-3.39820111273746,0.01745470574320988,0.43982285317560094,0.47049856869925993,0.47049856869925993,-3.274416933992298,0.017959363867897808,0.4525392048313622,0.4699666587038137,0.4699666587038137,-3.2793295154209794,0.017939060373288674,0.4520275983305251
85.0,-75.0,-0.2002249004853776,-0.47262457621906023,-0.04190427698110866,-0.1285585213314864,0.5307987025764789,0.4695677085049692,0.4695677085049692,-3.283017765396136,0.030471385182182734,0.43909632332278664,0.4831440564924058,0.4831440564924058,-3.159233586650973,0.03135238726430984,0.45179166922809616,0.48259785046759424,0.48259785046759424,-3.1641461680796548,0.03131694263328133,0.45128090783431307
85.0,-70.0,-0.19803273460274892,-0.47173528090500516,-0.055059163248494414,-0.15910904694128686,0.5386077789086934,0.4834858420131569,0.4834858420131569,-3.1561623890380703,0.04724422076260682,0.4362416212505501,0.4974645971943173,0.4974645971943173,-3.032378210292907,0.048610166439558414,0.44885443075475884,0.49690220145237096,0.49690220145237096,-3.0372907917215892,0.048555211472360554,0.4483469899800104
85.0,-65.0,-0.19431644381756663,-0.4692816204543857,-0.06828430606580263,-0.18982786190987821,0.5465175964654421,0.4977907445782914,0.4977907445782914,-3.0295318248826026,0.06782734140288964,0.4299634031754016,0.5121830893901548,0.5121830893901548,-2.90574764613744,0.06978839531113246,0.4423946940790221,0.5116040540372985,0.5116040540372985,-2.9106602275661215,0.06970949784469645,0.4418945561926018
85.0,-60.0,-0.1889532949647626,-0.4643639129098921,-0.08155048982055954,-0.22059034381016526,0.5537578653737448,0.5110675821495639,0.5110675821495639,-2.915216661785406,0.09218213189291612,0.4188854502566479,0.5258437927251404,0.5258437927251404,-2.7914324830402437,0.0948473422089887,0.4309964505161517,0.525249313617229,0.525249313617229,-2.796345064468926,0.0947401149978583,0.43050919861937087
85.0,-55.0,-0.18184363898762915,-0.4560370221274283,-0.09477608613170155,-0.2511687443042782,0.5595579676932028,0.5218295715162787,0.5218295715162787,-2.8247131354081483,0.12011091132545991,0.4017186601908188,0.536916937458873,0.536916937458873,-2.7009289566629864,0.12358361078862014,0.41333332667025297,0.5363099398934005,0.5363099398934005,-2.7058415380916676,0.12344389653181902,0.41286604336158156
85.0,-50.0,-0.17291751874889985,-0.4433692983769336,-0.10781911467678323,-0.2812418649368796,0.5632040048831239,0.5286521306287043,0.5286521306287043,-2.768300131148738,0.15119968467717004,0.3774524459515343,0.5439367533992225,0.5439367533992225,-2.644515952403575,0.1555712364205886,0.3883655169786339,0.543321819762286,0.543321819762286,-2.649428533832257,0.15539535938044197,0.3879264603818441
85.0,-45.0,-0.1621407451980902,-0.42550296110830005,-0.12048185021850455,-0.31041243521386835,0.564104730819377,0.530344417787305,0.530344417787305,-2.7544199801421003,0.18478190698480018,0.34556251080250483,0.5456779687079999,0.5456779687079999,-2.630635801396937,0.19012440270068953,0.3555535660073102,0.5450610665851028,0.5450610665851028,-2.635548382825619,0.1899094624715315,0.3551516041135713
85.0,-40.0,-0.14951844504810669,-0.40171930677314693,-0.13252882990031045,-0.33822908350638675,0.5618691756345219,0.526149221948011,0.526149221948011,-2.788910674853656,0.21993282472241826,0.30621639722559263,0.5413614795225958,0.5413614795225958,-2.665126496108494,0.22629161922257257,0.31506986030002326,0.5407494572949751,0.5407494572949751,-2.6700390775371763,0.22603579108162206,0.31471366621335317
85.0,-35.0,-0.1350954159411084,-0.3715079582803379,-0.14371367182359557,-0.3642098230701094,0.5563913633079749,0.5159400935249775,0.5159400935249775,-2.874007219423835,0.25549800518142735,0.26044208834355004,0.5308571802911589,0.5308571802911589,-2.750223040678674,0.26288507581173715,0.2679721044794218,0.5302570334275205,0.5302570334275205,-2.755135622107354,0.2625878778843035,0.2676691555432169
85.0,-30.0,-0.11895501021762468,-0.33463332755353903,-0.15380637435630934,-0.38786463953279604,0.5479280406750218,0.5003634414872238,0.5003634414872238,-3.0071442907529016,0.29015212993290623,0.21021131155431752,0.5148301692429507,0.5148301692429507,-2.8833601120077397,0.2985411358502997,0.21628903339265104,0.5142481413023883,0.5142481413023883,-2.888272693436421,0.2982036278858235,0.21604451341656475
85.0,-25.0,-0.1012197076136452,-0.2911868111377007,-0.16261295560030858,-0.40871610972236305,0.5371471119400953,0.48086703765086425,0.48086703765086425,-3.1797499181155775,0.3224787888179612,0.15838824883290323,0.4947700768092028,0.4947700768092028,-3.055965739370415,0.33180243730626735,0.16296763950293572,0.4942107272876302,0.4942107272876302,-3.060878320799097,0.3314273266371647,0.1627834006504658
85.0,-20.0,-0.08205555520691157,-0.2416126811699667,-0.1699833257583877,-0.4263185571013865,0.5251206004408366,0.4595752478357427,0.4595752478357427,-3.3764336992681283,0.3510614679180014,0.10851377991774121,0.4728626894081106,0.4728626894081106,-3.252649520522966,0.3612115113880044,0.1116511780201062,0.4723281067171045,0.4723281067171045,-3.2575621019516476,0.3608031530503612,0.11152495366674328
85.0,-15.0,-0.06167954322084198,-0.1866998911050487,-0.17580876012535818,-0.4402771992379835,0.5132386849178728,0.4390129034140873,0.4390129034140873,-3.5752271483947156,0.3745790624327273,0.06443384098135992,0.4517058374463291,0.4517058374463291,-3.4514429696495537,0.3854090569325314,0.06629678051379763,0.45119517308744833,0.45119517308744833,-3.456355551078235,0.3849733426852285,0.06622183040221985
85.0,-10.0,-0.04036570735267407,-0.12753941864930152,-0.18001415167027987,-0.4502683652857604,0.5030331889827598,0.42172737984859215,0.42172737984859215,-3.7496820232601165,0.39190192644344896,0.029825453405143247,0.43392054722563245,0.43392054722563245,-3.6258978445149537,0.40323276720182005,0.030687780023812374,0.4334299895668984,0.4334299895668984,-3.630810425943636,0.4027769028195775,0.03065308674732091
85.0,-5.0,-0.018444539999286157,-0.06545412840570368,-0.18255058056469187,-0.456060175118011,0.4959234232966946,0.4098904129770541,0.4098904129770541,-3.873322393801426,0.40218318791706836,0.00770722505998577,0.42174134476494923,0.42174134476494923,-3.749538215056263,0.4138112850263076,0.007930059738641599,0.42126455598875034,0.42126455598875034,-3.754450796484945,0.41334346137417094,0.007921094614579413
85.0,0.0,0.0037078915620663254,-0.0019124755821454734,-0.18339116227492938,-0.4575308954388255,0.4929343208829056,0.40496420058412,0.40496420058412,-3.9258336734326216,0.4049351912297402,2.900935437979996e-05,0.4166727035539871,0.4166727035539871,-3.8020494946874583,0.4166428554684023,2.9848085584730895e-05,0.41620164499909557,0.41620164499909557,-3.806962076116141,0.4161718306574925,2.9814341603083202e-05
85.0,5.0,0.025690783299096825,0.0615624850554439,-0.18252983661456657,-0.45468069456314963,0.4944710620205104,0.4074931184574394,0.4074931184574394,-3.8987972101282926,0.4000766999936683,0.007416418463771218,0.41927473861244924,0.41927473861244924,-3.77501303138313,0.41164389339815644,0.007630845214292847,0.4188007383940795,0.4188007383940795,-3.779925612811812,0.41117852003460253,0.007622218359477099
85.0,10.0,0.047105057058286125,0.12348028220845539,-0.17998100705645606,-0.44763262750521743,0.5002343436860619,0.41704750574362004,0.41704750574362004,-3.7981447186747603,0.3879377473852485,0.029109758358371273,0.4291053665434921,0.4291053665434921,-3.6743605399295993,0.39915397405622854,0.029951392487263372,0.428620252562816,0.428620252562816,-3.67927312135828,0.3987027208481485,0.02991753171466729
85.0,15.0,0.06757902188599503,0.1824615470234122,-0.17577858651263317,-0.43662065960689844,0.5093082094500215,0.43231456874904944,0.43231456874904944,-3.6420012874877026,0.36921748802370247,0.06309708072534703,0.4448138375851934,0.4448138375851934,-3.5182171087425407,0.37989246632750534,0.06492137125768807,0.44431096479861193,0.44431096479861193,-3.5231296901712224,0.3794629887191186,0.06484797607949336
85.0,20.0,0.08678749561031682,0.23730526372268143,-0.16997508073566678,-0.4219658735758159,0.5203773478145451,0.4513103410680509,0.4513103410680509,-3.4552471518949694,0.3449030852852632,0.10640725578278759,0.4643588240231001,0.4643588240231001,-3.331462973149806,0.3548750748896627,0.1094837491334372,0.46383385515729797,0.46383385515729797,-3.3363755545784883,0.3544738800465192,0.1093599751107786
85.0,25.0,0.10446167181361324,0.2870425040386703,-0.1626428506125549,-0.4040455488909429,0.5319879156868569,0.4716741251796557,0.4716741251796557,-3.263579473708224,0.31616838874912107,0.15550573643053464,0.4853113748118692,0.4853113748118692,-3.139795294963062,0.3253095881768917,0.16000178663497752,0.4847627185813521,0.4847627185813521,-3.144707876391744,0.32494181783054576,0.1598209007508064
85.0,30.0,0.12039094231370691,0.33097395713450417,-0.15387907708439744,-0.3832621041032584,0.5427765194796637,0.49099901600542034,0.49099901600542034,-3.089193782310934,0.28427432076453846,0.20672469524088188,0.5051949953754711,0.5051949953754711,-2.9654096035657718,0.29249338487965687,0.2127016104958143,0.5046238602316755,0.5046238602316755,-2.970322184994454,0.29216271404371885,0.21246114618795672
85.0,35.0,0.13442091568974163,0.36868892083092664,-0.1438132464686549,-0.3600187831877478,0.5516305620849724,0.5071485137507585,0.5071485137507585,-2.9486484291992827,0.25048705559829354,0.25666145815246494,0.5218114144981567,0.5218114144981567,-2.8248642504541204,0.2577292474516859,0.2640821670464708,0.5212214940912214,0.5212214940912214,-2.8297768318828025,0.25743787831273746,0.263783615778484
85.0,40.0,0.1464525896096282,0.40006530774217497,-0.13261292658165602,-0.334706192033295,0.5577768682405071,0.5185128422141507,0.5185128422141507,-2.8524048279726832,0.21601894959254545,0.3024938926216053,0.533504313421289,0.533504313421289,-2.7286206492275205,0.2222645844145956,0.3112397290066934,0.532901173909713,0.532901173909713,-2.733533230656202,0.22201330893375687,0.3108878649759561
85.0,45.0,0.15644567833402068,0.4252529396822096,-0.1204825435670724,-0.3076993120035849,0.5608121101488661,0.5241713558137564,0.5241713558137564,-2.8052671546099455,0.18198722906553486,0.34218412674822146,0.5393264284532939,0.5393264284532939,-2.6814829758647836,0.18724892382501782,0.35207750462827603,0.5387167069000579,0.5387167069000579,-2.686395557293465,0.18703723439417763,0.3516794725058802
85.0,50.0,0.16442546606058872,0.44464436289695164,-0.10765202845460323,-0.2793602863088638,0.5606919583356255,0.5239467765256658,0.5239467765256658,-2.807128272055599,0.1493816953641875,0.37456508116147846,0.5390953560301119,0.5390953560301119,-2.683344093310436,0.15370068460148933,0.38539467142862277,0.5384858957098312,0.5384858957098312,-2.6882566747391183,0.15352692226535197,0.3849589734444793
85.0,55.0,0.17048920444269214,0.4588373419393308,-0.09435668478632586,-0.2500399829631008,0.5576929730895901,0.5183568750374599,0.5183568750374599,-2.8537113698376593,0.11903582403057962,0.39932105100688037,0.53334383685303,0.53334383685303,-2.7299271910924974,0.12247744009731415,0.41086639675571596,0.5327408787640904,0.5327408787640904,-2.734839772521178,0.12233897639319591,0.4104019023708945
85.0,60.0,0.1748068475625174,0.4685910846104151,-0.08081387052318476,-0.22007212101260856,0.5523564597676366,0.5084841183198817,0.5084841183198817,-2.937226070160665,0.09160220879482261,0.41688190952505905,0.5231856346536493,0.5231856346536493,-2.8134418914155024,0.09425065211937711,0.42893498253427215,0.5225941606576379,0.5225941606576379,-2.818354472844185,0.09414409948080434,0.4284500611768335
85.0,65.0,0.17761246011182097,0.4747754629112752,-0.06720356952115092,-0.18975733557287303,0.5454191895502843,0.4957918068103298,0.4957918068103298,-3.0470065442673655,0.06753868578324806,0.4282531210270815,0.5101263574548099,0.5101263574548099,-2.9232223655222036,0.06949139395333682,0.44063496350147296,0.509549647287081,0.509549647287081,-2.928134946950885,0.069412832254109,0.44013681503297175
85.0,70.0,0.17918599539065094,0.4783109369375246,-0.05365787804215581,-0.15933953606947285,0.5377334181255733,0.4819173614119001,0.4819173614119001,-3.1702742765278957,0.04711264945336221,0.43480471195853804,0.49585076799248906,0.49585076799248906,-3.046490097782733,0.04847479108278857,0.44737597690970066,0.4952901967234328,0.4952901967234328,-3.0514026792114146,0.048419989160701137,0.44687020756273177
85.0,75.0,0.1798284218041796,0.48009794626661906,-0.04026024563516156,-0.12898131175702102,0.5301786165616007,0.4684712390072965,0.4684712390072965,-3.2931706672677112,0.030427726752265252,0.4380435122550312,0.4820158853866617,0.4820158853866617,-3.169386488522549,0.03130746656267646,0.4507084188239851,0.48147095478653285,0.48147095478653285,-3.174299069951231,0.031272072715586074,0.4501988820709467
85.0,80.0,0.17983473776096393,0.48093827670333367,-0.027051460661768906,-0.09874718862305763,0.5235694296736775,0.4568641495092217,0.4568641495092217,-3.4021292003837407,0.01747090304283988,0.4393932464663819,0.47007320661510615,0.47007320661510615,-3.2783450216385783,0.017976029470974254,0.452097177144132,0.46954177750176945,0.46954177750176945,-3.28325760306726,0.017955707135498333,0.4515860703662712
85.0,85.0,0.1794687888754479,0.48145595322176904,-0.014037764768255212,-0.0686023413096737,0.5185674701964637,0.44817647661149196,0.44817647661149196,-3.4855094196857266,0.008172040928882015,0.44000443568260994,0.46113435189987856,0.46113435189987856,-3.3617252409405642,0.008408314568249836,0.45272603733162864,0.4606130283776896,0.4606130283776896,-3.3666378223692464,0.008398808765551916,0.4522142196121376
85.0,90.0,0.1789417881506234,0.4820292663330055,-0.001197491905630458,-0.03843025820094396,0.515607113876771,0.44307405471055183,0.44307405471055183,-3.5352368040382465,0.0024638065087094615,0.44061024820184225,0.4558844065341617,0.4558844065341617,-3.411452625293085,0.0025350411654588554,0.4533493653687028,0.4553690182020059,0.4553690182020059,-3.416365206721766,0.002532175240194719,0.4528368429618111
85.0,95.0,0.17839446890943214,0.48274645198636307,0.011514712110233442,-0.008067341412357272,0.5148459905984947,0.441766915763914,0.441766915763914,-3.548068118669895,0.000329443226024531,0.4414374725378898,0.454539475011744,0.454539475011744,-3.4242839399247327,0.0003389682333825816,0.4542005067783617,0.4540256071571573,0.4540256071571573,-3.429196521353414,0.00033858502160794555,0.4536870221355495
85.0,100.0,0.17788208665467148,0.4833943480617272,0.024164193690969116,0.022652456758549943,0.5161484036055667,0.4440048305560517,0.4440048305560517,-3.526123049474843,0.0018283603487076181,0.4421764702073442,0.4568420933800306,0.4568420933800306,-3.40233887072968,0.001881222706767793,0.4549608706732629,0.4563256223597654,0.4563256223597654,-3.407251452158362,0.0018790959390623003,0.45444652642070316
85.0,105.0,0.1773624384832433,0.4834828346045074,0.03682947545965849,0.053852362108860595,0.5191045878330004,0.44910537466634365,0.44910537466634365,-3.4765174748912697,0.007093978151197084,0.4420113965151464,0.46209010666359057,0.46209010666359057,-3.352733296146107,0.00729908236567248,0.45479102429791796,0.4615677026375577,0.4615677026375577,-3.3576458775747886,0.0072908305767698705,0.45427687206078776
85.0,110.0,0.17668911680136665,0.4823003067282069,0.04958883690105336,0.08557568212558903,0.5230820967903876,0.45601405669298595,0.45601405669298595,-3.410217699449798,0.016303366101562813,0.4397106905914233,0.46919853554170793,0.46919853554170793,-3.286433520704635,0.016774736188458494,0.45242379935324967,0.46866809526514486,0.46866809526514486,-3.291346102133317,0.01675577194405222,0.4519123233210928
85.0,115.0,0.17561404268458056,0.47898956198708426,0.06249914062123699,0.11776255631386484,0.527300156200024,0.46339817397310773,0.46339817397310773,-3.3404568188606394,0.02962290585778967,0.4337752681153183,0.47679614566633166,0.47679614566633166,-3.216672640115477,0.030479376332739654,0.44631676933359227,0.47625711610802435,0.47625711610802435,-3.2215852215441587,0.030444918661654337,0.4458121974463703
85.0,120.0,0.17380347137012614,0.4726312338430281,0.07556971409284971,0.15024199640046884,0.5309155950193618,0.46977454759517717,0.46977454759517717,-3.2811051701437095,0.047137954756611915,0.42263659283856503,0.4833568758053063,0.4833568758053063,-3.1573209913985467,0.0485008280240888,0.4348560477812172,0.4828104291831214,0.4828104291831214,-3.162233572827229,0.0484459966666104,0.4343644325165108
85.0,125.0,0.17086933250036637,0.46232356064542746,0.08873812011978884,0.1827369834940803,0.5331103662618997,0.47366661187022513,0.47366661187022513,-3.245272270338399,0.06877714483762426,0.40488946703260087,0.4873614691534367,0.4873614691534367,-3.1214880915932364,0.07076565988025955,0.4165958092731772,0.48681049524175235,0.48681049524175235,-3.126400673021919,0.07068565759262513,0.41612483764912733
85.0,130.0,0.16641346526952386,0.4472515265707113,0.10185651686056313,0.2148783615189198,0.5331742958159784,0.4737802210319756,0.4737802210319756,-3.2442307378625928,0.09424354683411708,0.3795366741978585,0.48747836303320874,0.48747836303320874,-3.120446559117431,0.09696835768506745,0.3905100053481413,0.4869272569701702,0.4869272569701702,-3.125359140546112,0.09685873261471434,0.3900685243554558
85.0,135.0,0.1600777930096064,0.4267431056594324,0.1146953317197544,0.24622309830560185,0.530580259056251,0.46918129868064307,0.46918129868064307,-3.286593069607407,0.12296515848145427,0.34621614019918895,0.4827464746173918,0.4827464746173918,-3.1628088908622445,0.12652038119297693,0.35622609342441497,0.4822007180684923,0.4822007180684923,-3.1677214722909266,0.12637734684630447,0.355823371222188
85.0,140.0,0.15159088476994098,0.40031357186836525,0.12696535514904608,0.2762736746270352,0.5250505660099708,0.45945267049029703,0.45945267049029703,-3.3775921986779407,0.15407527795944567,0.30537739253085133,0.4727365680525744,0.4727365680525744,-3.2538080199327775,0.1585299701198124,0.3142065979327619,0.47220212794480676,0.47220212794480676,-3.25872060136146,0.15835074815975916,0.31385137978504757
85.0,145.0,0.14080194240809177,0.3676997062792111,0.13835258002730516,0.30449713680343055,0.5166122372780273,0.4448031936820628,0.4448031936820628,-3.5183210318517726,0.18642884577478225,0.2583743479072804,0.4576635391316625,0.4576635391316625,-3.39453685310661,0.1918189585088818,0.26584458062278055,0.45714613944713545,0.45714613944713545,-3.3994494345352915,0.1916021025434555,0.2655440369036798
85.0,150.0,0.12769671063819266,0.32888457055195525,0.14855569082940995,0.33034402247156824,0.5056357158226242,0.42610242327202025,0.42610242327202025,-3.704859959317365,0.21865479279199854,0.20744763048002163,0.4384220838275751,0.4384220838275751,-3.5810757805722027,0.2249766362712198,0.2134454475563552,0.43792643707299095,0.43792643707299095,-3.5859883620008843,0.2247222947502554,0.21320414232273546
85.0,155.0,0.11239453151757398,0.2841115790734748,0.15731638865505768,0.3532684276372214,0.49284779413468227,0.40482204306510716,0.40482204306510716,-3.9273584764824814,0.2492391749920688,0.1555828680730382,0.4165264359142989,0.4165264359142989,-3.80357429773732,0.25644528757286633,0.16008114834143244,0.4160555427185068,0.4160555427185068,-3.8084868791660007,0.2561553699815712,0.15990017273693546
85.0,160.0,0.09512991757210187,0.23388539765660202,0.16443728777816907,0.3727505774471389,0.4793064729933007,0.3828821380658189,0.3828821380658189,-4.169348935645427,0.2766311738185115,0.10625096424730722,0.39395219473795545,0.39395219473795545,-4.045564756900265,0.28462925590957044,0.10932293882838483,0.3935068222670287,0.3935068222670287,-4.050477338328945,0.28430747566136844,0.10919934660566004
85.0,165.0,0.07622447771201049,0.17895769893897148,0.1697879999893548,0.38832230851449756,0.4663241461069908,0.36242181040783034,0.36242181040783034,-4.407856745306876,0.29936324765710853,0.06305856275072177,0.3729003090933536,0.3729003090933536,-4.284072566561714,0.3080185694589037,0.06488173963444982,0.3724787362875954,0.3724787362875954,-4.288985147990395,0.307670347026833,0.06480838926076235
85.0,170.0,0.05605561518954178,0.12029790380121853,0.17330379757138567,0.39959419727005985,0.45532795477305427,0.34553110359657857,0.34553110359657857,-4.615128527402475,0.3161754324341884,0.02935567116239012,0.3555212507424412,0.3555212507424412,-4.491344348657313,0.32531683551207774,0.030204415230363327,0.3551193253818895,0.3551193253818895,-4.496256930085995,0.32494905697244436,0.030170268409445138
85.0,175.0,0.03502749154867281,0.0590515690634758,0.17498122313770428,0.40628137566982936,0.4476572323106004,0.3339871276324848,0.3339871276324848,-4.762702712300843,0.32613062443616464,0.007856503196320088,0.3436435102711028,0.3436435102711028,-4.63891853355568,0.3355598564010337,0.008083653870069029,0.3432550129830265,0.3432550129830265,-4.643831114984362,0.33518049787889476,0.008074515104131642
85.0,180.0,0.013547803042115208,-0.0035094657005698073,0.1748721577061006,0.40822410251620017,0.44432313549118274,0.32903066289018573,0.32903066289018573,-4.827636275713502,0.3287042383858321,0.00032642450435343,0.33854374204155335,0.33854374204155335,-4.7038520969683395,0.3382078798084496,0.0003358622331036423,0.33816101016463074,0.33816101016463074,-4.708764678397021,0.3378255276318932,0.0003354825327373381
90.0,-180.0,0.013007950421388732,-0.003979474232237609,0.15993554122878995,0.3422850911830753,0.3780522503354298,0.23820022819121925,0.23820022819121925,-6.23057826807314,0.23789183047457288,0.0003083977166464314,0.24508717788992618,0.24508717788992618,-6.106794089327979,0.2447698636429395,0.00031731424698675935,0.2448101009159499,0.2448101009159499,-6.111706670756659,0.24449314540038325,0.0003169555155667332
90.0,-175.0,-0.00633634922514139,-0.061055500947159065,0.15826257186770576,0.33990882651337306,0.3799381206371513,0.24058262461346466,0.24058262461346466,-6.187357415305962,0.23430290002906778,0.0062797245843968985,0.24753845520471723,0.24753845520471723,-6.063573236560799,0.24107716846287458,0.006461286741842678,0.24725860700253305,0.24725860700253305,-6.0684858179894805,0.24080462490140572,0.006453982101127336
90.0,-170.0,-0.025390112221279394,-0.11686472297476115,0.15517432250431965,0.33365305700262055,0.38691789062596393,0.24950321207443016,0.24950321207443016,-6.029238589495252,0.2256670715080135,0.023836140566416707,0.25671695861141086,0.25671695861141086,-5.905454410750089,0.2321916570717291,0.024525301539681764,0.2564267338894452,0.2564267338894452,-5.910366992178771,0.23192915879549175,0.024497575093953446
90.0,-165.0,-0.04383764891015153,-0.17016515118367392,0.15080093279947246,0.32372671079775217,0.3980173648931097,0.26402348443998325,0.26402348443998325,-5.783574416563706,0.21256149993883017,0.051461984501152996,0.27165704747400277,0.27165704747400277,-5.659790237818543,0.21870717145676527,0.052949876017237364,0.2713499326207433,0.2713499326207433,-5.664702819247225,0.2184599177171944,0.05289001490354881
90.0,-160.0,-0.06139854921276548,-0.21981073722308417,0.14526259208028575,0.31042121693218516,0.4117633964105241,0.2825751671576042,0.2825751671576042,-5.488660068197101,0.19576630888901583,0.08680885826858835,0.2907451045967735,0.2907451045967735,-5.36487588945194,0.20142639046096905,0.08931871413580446,0.29041641023392,0.29041641023392,-5.369788470880621,0.2011986730616812,0.0892177371722388
90.0,-155.0,-0.07783569774125244,-0.2648137694617547,0.1386558216757147,0.2940829651810952,0.42649144848834175,0.30315111742377854,0.30315111742377854,-5.18340826604055,0.17617956152625722,0.1269715558975213,0.31191595578123116,0.31191595578123116,-5.059624087295386,0.1812733424490763,0.13064261333215485,0.3115633272597929,0.3115633272597929,-5.0645366687240685,0.18106840855730444,0.13049491870248847
90.0,-150.0,-0.09296456613175164,-0.3044042618277439,0.13105115949595594,0.27508607395160256,0.4406258272755916,0.32357757624260625,0.32357757624260625,-4.900215823982351,0.15474094525574839,0.16883663098685794,0.33293299335590726,0.33293299335590726,-4.776431645237189,0.15921488348158083,0.1737181098743265,0.33255660456588515,0.33255660456588515,-4.78134422666587,0.15903488721043,0.1735217173554552
90.0,-145.0,-0.10666220932993443,-0.3380780436690454,0.12250345249673919,0.2538108569119007,0.45288037876486315,0.3418263426647121,0.3418263426647121,-4.661944716530678,0.13237529295797684,0.20945104970673525,0.35170937613407977,0.35170937613407977,-4.538160537785517,0.13620258561372245,0.21550679052035732,0.3513117601898377,0.3513117601898377,-4.543073119214199,0.1360486053011067,0.215263154888731
90.0,-140.0,-0.11887387596805178,-0.3656253067828786,0.11307026312917498,0.23063098250210182,0.46237257470759174,0.3563056021656781,0.3563056021656781,-4.481773492164452,0.1099566336779657,0.24634896848771232,0.3666072663501163,0.3666072663501163,-4.3579893134192895,0.11313574820245469,0.2534715181476616,0.3661928079811696,0.3661928079811696,-4.362901894847972,0.11300784550664511,0.25318496247452443
90.0,-135.0,-0.12961499778115063,-0.3871347381477356,0.10283009580609026,0.20590878395522605,0.4686638550645154,0.366067724182603,0.366067724182603,-4.364385607314648,0.08828534659956337,0.27778237758303975,0.376651635129749,0.376651635129749,-4.2406014285694855,0.09083789134639714,0.2858137437833519,0.37622582135930427,0.37622582135930427,-4.245514009998167,0.09073519691630356,0.2854906244430007
90.0,-130.0,-0.1389663114446523,-0.4029734456253517,0.09189239072484101,0.17999499571821156,0.47174319661488096,0.3708940013273743,0.3708940013273743,-4.307501906980481,0.06806907961535943,0.3028249217120149,0.38161745172072675,0.38161745172072675,-4.183717728235319,0.07003712276505755,0.3115803289556692,0.3811860239746909,0.3811860239746909,-4.188630309664001,0.06995794410622756,0.3112280798684634
90.0,-125.0,-0.14706035246984137,-0.41374711867578284,0.08039529057880218,0.15322776013632786,0.471969887497828,0.3712505448480089,0.3712505448480089,-4.303329003028521,0.049902406383923494,0.3213481384640854,0.38198430378434917,0.38198430378434917,-4.179544824283358,0.051345206691967786,0.3306390970923813,0.38155246130319515,0.38155246130319515,-4.184457405712041,0.051287159695707595,0.33026530160748757
90.0,-120.0,-0.15405915392809116,-0.42024640295547405,0.0684926877067571,0.1259266355464691,0.46998939127963574,0.3681413734484207,0.3681413734484207,-4.33985371766509,0.034247136184077834,0.33389423726434286,0.37878523865461533,0.37878523865461533,-4.216069538919927,0.03523730443880835,0.34354793421580704,0.37835701279385475,0.37835701279385475,-4.2209821203486095,0.03519746781508513,0.34315954497876966
90.0,-115.0,-0.16012570336552012,-0.4233842591040434,0.05633608619102473,0.09838007430718393,0.46663354504728005,0.3629028926089326,0.3629028926089326,-4.402095701320665,0.02142015140732054,0.341482741201612,0.3733953005545145,0.3733953005545145,-4.278311522575502,0.022039460240066408,0.351355840314448,0.3729731681489543,0.3729731681489543,-4.2832241040041845,0.02201454409796561,0.35095862405098865
90.0,-110.0,-0.16539455175234985,-0.42412678030801165,0.04405769338635962,0.07082825161688149,0.4628137909542367,0.35698593156390773,0.35698593156390773,-4.473488986344554,0.011595929433125509,0.3453900021307822,0.36730726573094735,0.36730726573094735,-4.349704807599391,0.011931196041902983,0.35537606968904434,0.3668920159957942,0.3668920159957942,-4.354617389028073,0.011917707536614088,0.35497430845918
90.0,-105.0,-0.16994837078155306,-0.4234187595195826,0.03175919862166459,0.04344589347388574,0.4594149398977366,0.35176185781136776,0.35176185781136776,-4.537512536793019,0.004826873544623019,0.34693498426674474,0.361932151261825,0.361932151261825,-4.413728358047858,0.004966430234204156,0.35696572102762086,0.36152297822339946,0.36152297822339946,-4.41864093947654,0.0049608155648746335,0.35656216265852486
90.0,-100.0,-0.17380616059456133,-0.4221065252004962,0.0195075582279337,0.01633088496969811,0.45719770636932255,0.34837469712335234,0.34837469712335234,-4.579533958537064,0.0010787123063648527,0.3472959848169875,0.3584470594951665,0.3584470594951665,-4.455749779791901,0.0011099005107159715,0.3573371589844506,0.35804182643715554,0.35804182643715554,-4.4606623612205825,0.0011086457413821713,0.3569331806957734
90.0,-95.0,-0.17692542093873004,-0.42086376271542075,0.00733651350140628,-0.010496446320092799,0.4567197293275556,0.3476466616879849,0.3476466616879849,-4.588619366147612,0.0002733265868514041,0.34737333510113366,0.3576979747792827,0.3576979747792827,-4.46483518740245,0.0002812291252715342,0.3574167456540114,0.35729358857963506,0.35729358857963506,-4.469747768831131,0.00028091118895313884,0.35701267739068204
90.0,-90.0,-0.1792162883588781,-0.4201292464428998,-0.004748567905772544,-0.03708107833976323,0.45828442805511815,0.3500327818744402,0.3500327818744402,-4.558912804483485,0.0023292039060583735,0.3477035779683818,0.3601530835213913,0.3601530835213913,-4.435128625738322,0.0023965468731951575,0.35775653664819607,0.35974592176201453,0.35974592176201453,-4.440041207167004,0.002393837519073354,0.3573520842429412
90.0,-85.0,-0.18056218230061225,-0.4200662841564802,-0.016764609697900338,-0.06350921557101105,0.4619229993873009,0.35561305101694385,0.35561305101694385,-4.490223087799088,0.007190618263494679,0.34842243275344914,0.3658946918581581,0.3658946918581581,-4.366438909053926,0.00739851657937512,0.35849617527878286,0.36548103907188473,0.36548103907188473,-4.371351490482607,0.0073901523776923736,0.3580908866941923
90.0,-80.0,-0.18084020817758673,-0.42055090808457085,-0.028744307891153845,-0.08987664640933042,0.46740805939820856,0.36410857858240886,0.36410857858240886,-4.3876908874769995,0.014839728399324672,0.3492688501830843,0.3746358458508168,0.3746358458508168,-4.263906708731838,0.015268781149629254,0.3593670647011876,0.3742123109788374,0.3742123109788374,-4.26881929016052,0.015251519423766364,0.35896079155507116
90.0,-75.0,-0.17993580542794368,-0.4211900350008928,-0.04072846365459934,-0.11625561570591963,0.47429117174356367,0.3749113600844688,0.3749113600844688,-4.260713999432083,0.025289697422350092,0.34962166266211864,0.38575096212004195,0.38575096212004195,-4.136929820686921,0.02602088427034684,0.35973007784969513,0.3853148613406667,0.3853148613406667,-4.1418424021156035,0.02599146703222003,0.3593233943084467
90.0,-70.0,-0.17774927122281278,-0.42136429762062505,-0.052755528800899176,-0.14266632352526143,0.4819538363960192,0.38712338041859656,0.38712338041859656,-4.121505985592455,0.03856046769577573,0.34856291272282064,0.39831606175388057,0.39831606175388057,-3.9977218068472933,0.03967534488710333,0.3586407168667771,0.3978657558258957,0.3978657558258957,-4.002634388275975,0.03963049095146529,0.3582352648744303
90.0,-65.0,-0.17419545218771013,-0.42028591507014507,-0.06484716824561425,-0.1690575944641627,0.4896630795196982,0.39960713802569897,0.39960713802569897,-3.9836676274464016,0.05464142182341,0.344965716202289,0.41116075524817264,0.41116075524817264,-3.859883448701239,0.05622123862888157,0.35493951661929113,0.41069592808396604,0.41069592808396604,-3.8647960301299205,0.05615767916075026,0.3545382489232158
90.0,-60.0,-0.16920045762124258,-0.41706170518957497,-0.07699074346305029,-0.19529880529024862,0.4966270821468213,0.41105441379983765,0.41105441379983765,-3.8610068408789937,0.07344693286811842,0.3376074809317191,0.4229389996911592,0.4229389996911592,-3.737222662133832,0.07557046287490321,0.34736853681625585,0.42246085693714036,0.42246085693714036,-3.742135243562514,0.07548502864143723,0.3469758282957031
90.0,-55.0,-0.1626995938599814,-0.41075494646124505,-0.08912263013548448,-0.22118268557201187,0.5020512000620027,0.4200824490442251,0.4200824490442251,-3.766654628144756,0.0947721399194296,0.32531030912479547,0.43222805745881787,0.43222805745881787,-3.642870449399594,0.09751223368600638,0.3347158237728115,0.43173941320064246,0.43173941320064246,-3.647783030828275,0.09740199375069845,0.33433741944994394
90.0,-50.0,-0.15463891550551317,-0.4004450410430149,-0.10111843374422959,-0.2464367561747509,0.50519841401323,0.4253657079717408,0.4253657079717408,-3.7123752486804236,0.11825723469471562,0.3071084732770253,0.43766406829070975,0.43766406829070975,-3.588591069935261,0.12167633984434163,0.3159877284463682,0.4371692784909977,0.4371692784909977,-3.593503651363943,0.12153878180340762,0.3156304966875902
90.0,-45.0,-0.14498016055576102,-0.38528773047953274,-0.11279559611001116,-0.2707401600401265,0.5054591605394143,0.42580490671082716,0.42580490671082716,-3.707893383294516,0.14336842363709684,0.2824364830737303,0.438115965336791,0.438115965336791,-3.5841092045493532,0.1475135545190831,0.2906024108177079,0.4376206646565541,0.4376206646565541,-3.5890217859780353,0.14734678688293612,0.29027387777361796
90.0,-40.0,-0.13370716681884603,-0.3645787113915944,-0.12393004448959322,-0.293742393959896,0.5024325757702833,0.420720910188433,0.420720910188433,-3.7600590264005835,0.1694014256166828,0.25131948457175024,0.43288497807226367,0.43288497807226367,-3.6362748476554207,0.17429923409474513,0.25858574397751855,0.4323955911494686,0.4323955911494686,-3.641187429084103,0.17410218460090726,0.25829340654856137
90.0,-35.0,-0.12083212809744161,-0.3378197034699405,-0.13428297838610015,-0.315080889354339,0.49601455659449967,0.41004107372649934,0.41004107372649934,-3.8717263791606675,0.19550853586361602,0.21453253786288323,0.42189636148420545,0.42189636148420545,-3.747942200415506,0.2011611645885544,0.22073519689565105,0.42141939745786156,0.42141939745786156,-3.7528547818441877,0.20093374703352107,0.22048565042434043
90.0,-30.0,-0.10640163691194929,-0.3047803816414404,-0.14362959700301536,-0.334395530035565,0.48647941478962853,0.39442774266313696,0.39442774266313696,-4.040325459068415,0.2207445188641384,0.17368322379899837,0.40583161093027775,0.40583161093027775,-3.916541280323252,0.22712678142209938,0.17870482950817818,0.40537280849243257,0.40537280849243257,-3.9214538617519343,0.22687000911011138,0.17850279938232103
90.0,-25.0,-0.09050366467431564,-0.26554533205079967,-0.1517810586808218,-0.35133992233086475,0.47453394766990026,0.3752952708687068,0.3752952708687068,-4.256269081383833,0.24412296668027716,0.1311723041884295,0.3861459727016225,0.3861459727016225,-4.132484902638669,0.2511811571975277,0.1349648155040946,0.3857094253532444,0.3857094253532444,-4.137397484067352,0.2508971908327617,0.13481223452048255
90.0,-20.0,-0.0732760510247284,-0.22053501632390535,-0.15859454019640362,-0.3655910215300014,0.4613177823173765,0.3546818044883718,0.3546818044883718,-4.50161090673779,0.26467546982480455,0.09000633466356724,0.36493652072062127,0.36493652072062127,-4.377826727992627,0.27232788334685104,0.09260863737377019,0.3645239511699607,0.3645239511699607,-4.382739309421309,0.27202001009743526,0.09250394107252542
90.0,-15.0,-0.05491483930427982,-0.17049425573237414,-0.16397177868032026,-0.37685969895738686,0.4483234409613123,0.3349819543209433,0.3349819543209433,-4.749785880375679,0.2815099960492534,0.05347195827168978,0.3446670998260555,0.3446670998260555,-4.626001701630517,0.2896491367931407,0.05501796303291468,0.34427744534526544,0.34427744534526544,-4.630914283059199,0.28932168144835907,0.05495576389690624
90.0,-10.0,-0.03567853166181666,-0.11644911271813899,-0.1678507887788756,-0.38490430101876705,0.43721683603313066,0.3185900971572986,0.3185900971572986,-4.967677276459373,0.2938684237868853,0.024721673370413175,0.32780131408303176,0.32780131408303176,-4.8438930977142105,0.30236487682568713,0.025436437257344558,0.32743072678036855,0.32743072678036855,-4.848805679142892,0.3020230460296869,0.02540768075068158
90.0,-5.0,-0.015883923712273762,-0.05963990137684598,-0.1701964843534411,-0.3895472231978714,0.42956151975727597,0.3075312536025661,0.3075312536025661,-5.121107414254661,0.30118270838731137,0.006348545215254777,0.31642273238251484,0.31642273238251484,-4.997323235509498,0.3098906352374847,0.006532097145030123,0.3160650088412807,0.3160650088412807,-5.00223581693818,0.309540296389837,0.0065247124514437585
90.0,0.0,0.004108673689249005,-0.0014414661588242922,-0.1709938825095048,-0.3906918666714919,0.4264950193883874,0.30315619385321096,0.30315619385321096,-5.183335541689406,0.3031245962240028,3.1597629208085404e-05,0.31192117898262267,0.31192117898262267,-5.0595513629442435,0.31188866778887,3.251119375253154e-05,0.3115685445562291,0.3115685445562291,-5.064463944372926,0.3115360701171662,3.247443906278047e-05
90.0,5.0,0.023919251393676056,0.0567190488620575,-0.17024443570251224,-0.38833536552219683,0.4284585220228154,0.30595396715833056,0.30595396715833056,-5.143439111426008,0.29963881411919785,0.006315153039132682,0.314799842739305,0.314799842739305,-5.0196549326808455,0.3083021032196706,0.00649773951963441,0.3144439539140088,0.3144439539140088,-5.024567514109527,0.30795356024583537,0.006490393668173363
90.0,10.0,0.04317590958688986,0.11344044374279291,-0.1679640950313805,-0.38257225003019435,0.43509350392541285,0.315503162294807,0.315503162294807,-5.0099628345533915,0.2909489183618547,0.02455424393295231,0.32462512840292934,0.32462512840292934,-4.886178655808229,0.29936096137653534,0.025264167026393974,0.324258131854889,0.324258131854889,-4.891091237236911,0.2990225265795012,0.025235605275387776
90.0,15.0,0.06154012183895287,0.16741899791481152,-0.16418195825237236,-0.37358610294875266,0.44535221924985685,0.33055654437189474,0.33055654437189474,-4.8075424023810545,0.2775306145168433,0.05302592985505146,0.3401137404793649,0.3401137404793649,-4.683758223635893,0.2855547016327228,0.0545590388466421,0.3397292336812895,0.3397292336812895,-4.688670805064575,0.2852318751457793,0.054497358535510236
90.0,20.0,0.07872405944294182,0.21751222140279802,-0.15894001548909045,-0.3616297345869399,0.4577630800488924,0.34923683472297046,0.34923683472297046,-4.568799566237573,0.26005719572321573,0.08917963899975462,0.3593341235960186,0.3593341235960186,-4.445015387492411,0.26757608367446833,0.09175803992155017,0.3589278876906171,0.3589278876906171,-4.449927968921092,0.2672735824493482,0.09165430524126887
90.0,25.0,0.09449777613721227,0.2627929567093672,-0.1522957217517058,-0.34699818076323763,0.4707352675419589,0.369310786218777,0.369310786218777,-4.3260800800868076,0.23933056878339734,0.1299802174353795,0.37998846200100517,0.37998846200100517,-4.202295901341646,0.24625019938614812,0.13373826261485697,0.37955887586719106,0.37955887586719106,-4.207208482770327,0.2459718075882809,0.13358706827891004
90.0,30.0,0.10868791018453577,0.3025902589538281,-0.1443284033511158,-0.33000135733395236,0.48281001490250774,0.3885000314414771,0.3885000314414771,-4.1060894171542355,0.21621421261591325,0.1722858188255638,0.3997325151162436,0.3997325151162436,-3.982305238409073,0.22246549296832316,0.17726702214792034,0.3992806078535222,0.3992806078535222,-3.9872178198377544,0.2222139903555121,0.17706661749801006
90.0,35.0,0.12117243299109451,0.33651294310953606,-0.13514789221250362,-0.3109432771312595,0.4928228827477808,0.40478111998990224,0.40478111998990224,-3.9277975228343283,0.19157994382109675,0.2132011761688055,0.41648432965315596,0.41648432965315596,-3.8040133440891655,0.1971189873660837,0.21936534228707222,0.41601348405950894,0.41601348405950894,-3.8089259255178476,0.19689613959002744,0.2191173444694815
90.0,40.0,0.1318766062022809,0.36445341479574506,-0.12490098268717376,-0.2901120996140124,0.4999830163499388,0.4166285456728698,0.4166285456728698,-3.802509772987474,0.16627155915714958,0.2503569865157203,0.428674293315022,0.428674293315022,-3.678725594242311,0.17107887556039672,0.25759541775462524,0.4281896666730419,0.4281896666730419,-3.683638175670993,0.17088546675966043,0.25730419991338155
90.0,45.0,0.1407734174080339,0.3865727334999066,-0.11377055196525367,-0.2677808874502613,0.5038908369006668,0.42316665643102214,0.42316665643102214,-3.73488560014728,0.14108057989955922,0.2820860765314627,0.4354014368052497,0.4354014368052497,-3.6111014214021173,0.14515956363778082,0.2902418731674686,0.4349092049650793,0.4349092049650793,-3.616014002830799,0.144995457245179,0.28991374771990003
90.0,50.0,0.14788828999077822,0.40327088508629594,-0.10196457094249384,-0.2442145841108854,0.504515500152989,0.42421648900152814,0.42421648900152814,-3.724124547652354,0.1167264780631548,0.3074900109383733,0.43648162259648954,0.43648162259648954,-3.6003403689071907,0.12010132530420291,0.31638029729228656,0.4359881695801934,0.4359881695801934,-3.605252950335873,0.11996554785524645,0.31602262172494683
90.0,55.0,0.15330461048219263,0.41514718354588714,-0.08969673355337207,-0.21967625053314252,0.5021480326155066,0.4202445105194149,0.4202445105194149,-3.764979508610018,0.09383638773045476,0.3264081227889603,0.43239480452661266,0.43239480452661266,-3.641195329864856,0.09654942661843273,0.33584537790818014,0.4319059717568498,0.4319059717568498,-3.6461079112935373,0.0964402751597685,0.3354656965970815
90.0,60.0,0.15716530342755514,0.4229541662370515,-0.07716445545569503,-0.1944260822858247,0.4973399380680613,0.4122353114387549,0.4122353114387549,-3.848548099702696,0.07292470639129536,0.3393106050474595,0.42415403996167805,0.42415403996167805,-3.724763920957534,0.07503313755663686,0.3491209024050412,0.42367452357528756,0.42367452357528756,-3.7296765023862166,0.07494831078242072,0.3487262127928669
90.0,65.0,0.15966692824812878,0.4275455157731331,-0.06453113390441534,-0.16871002599719578,0.4908319836246122,0.4015172675317072,0.4015172675317072,-3.9629577284487643,0.05437761910416268,0.3471396484275445,0.41312611125805865,0.41312611125805865,-3.8391735497036015,0.055949808729460516,0.3571763025285981,0.4126590622114154,0.4126590622114154,-3.844086131132283,0.0558865561193861,0.3567725060920292
90.0,70.0,0.16104573498296249,0.4298165082708622,-0.05191725655668253,-0.14273963663806416,0.48347488552591616,0.38957076362289356,0.38957076362289356,-4.094136433583188,0.038449103167193,0.35112166045570053,0.400834204777131,0.400834204777131,-3.970352254838025,0.03956076053831979,0.3612734442388111,0.4003810520276398,0.4003810520276398,-3.9752648362667076,0.039516036143055495,0.36086501588458425
90.0,75.0,0.16155806633299666,0.4306359178757128,-0.039400755312423416,-0.11666924635351877,0.4761432926397285,0.3778451568534071,0.3778451568534071,-4.226861401137205,0.025272958865130382,0.3525721979882769,0.38876958211071827,0.38876958211071827,-4.103077222392043,0.026003661760603338,0.362765920350115,0.3883300687085376,0.3883300687085376,-4.1079898038207245,0.025974263992939756,0.3623558047155979
90.0,80.0,0.16145890675626268,0.4307714982177622,-0.027023384620466592,-0.09057874868658,0.46964650033581146,0.36760439836952175,0.36760439836952175,-4.346193009415711,0.014890937566288148,0.35271346080323357,0.3782327383162072,0.3782327383162072,-4.222408830670549,0.01532147089853704,0.3629112674176701,0.3778051370704231,0.3778051370704231,-4.227321412099231,0.015304149605640438,0.3625009874647827
90.0,85.0,0.16098178967500523,0.4308158409575946,-0.014798584123438414,-0.06446938467270806,0.46464257777253176,0.35981273160317856,0.35981273160317856,-4.439234736553329,0.0072919942941139055,0.3525207373090645,0.37021579545547745,0.37021579545547745,-4.315450557808167,0.007502823638351585,0.36271297181712575,0.36979725755722354,0.36979725755722354,-4.320363139236849,0.00749434151501943,0.362302916042204
90.0,90.0,0.1603213871601056,0.4311233294190665,-0.002717420018862257,-0.03827615962055994,0.46156551118685085,0.3550628369031876,0.3550628369031876,-4.496947812959318,0.0024540234635261862,0.3526088134396612,0.3653285697120975,0.3653285697120975,-4.373163634214156,0.00252497526857309,0.3628035944435243,0.3649155569405833,0.3649155569405833,-4.378076215642837,0.0025221207230484953,0.36239343621753467
90.0,95.0,0.15961824822533932,0.4317698985719486,0.009248257207542443,-0.011895374326177564,0.4605760096564882,0.3535421053201036,0.3535421053201036,-4.5155885621152665,0.00037837473872850963,0.3531637305813751,0.3637638700690437,0.3637638700690437,-4.391804383370104,0.00038931447548977216,0.36337455559355397,0.3633526262282668,0.3633526262282668,-4.396716964798786,0.00038887434607246614,0.3629637518821943
90.0,100.0,0.15894450421684791,0.43254435996468393,0.021143688077060248,0.014778816922419854,0.46154463243886185,0.3550307153531841,0.3550307153531841,-4.497340724904001,0.0011090888294159678,0.3539216265237681,0.3652955194497212,0.3652955194497212,-4.37355654615884,0.0011411552931535835,0.36415436415656766,0.36488254404232684,0.36488254404232684,-4.378469127587521,0.0011398651895333687,0.3637426788527935
90.0,105.0,0.15829039216421054,0.432973826771581,0.03302670810549974,0.041817272210486714,0.4640707172663865,0.358927595031253,0.358927595031253,-4.449931510033474,0.004732301350287005,0.3541952936809659,0.3693050674259214,0.3693050674259214,-4.326147331288312,0.004869123727016159,0.3644359436989052,0.3688875591277009,0.3688875591277009,-4.331059912716994,0.00486361906504317,0.36402394006265765
90.0,110.0,0.15755369593396643,0.4323784230219739,0.04495743373309728,0.06922608231393014,0.4675336235158094,0.364304232518685,0.364304232518685,-4.385357830572017,0.011355434676914281,0.3529487978417706,0.37483715661969846,0.37483715661969846,-4.261573651826856,0.011683747995590372,0.363153408624108,0.3744133941610328,0.3744133941610328,-4.266486233255537,0.011670539236294226,0.3627428549247385
90.0,115.0,0.1565364225613416,0.4299446597711379,0.05698057194218348,0.09692914087241047,0.4711667496578513,0.3699881267201563,0.3699881267201563,-4.318122126428857,0.021069576835060444,0.34891854988509585,0.3806853860686864,0.3806853860686864,-4.194337947683695,0.02167874970167758,0.3590066363670088,0.3802550120453816,0.3802550120453816,-4.199250529112377,0.021654241351552354,0.3586007706938292
90.0,120.0,0.15495370819916077,0.4248046216231766,0.06910233582722802,0.12476403315410138,0.47414218861301255,0.3746758646806187,0.3746758646806187,-4.263442817490651,0.033901195961296246,0.3407746687193225,0.38550865796956346,0.38550865796956346,-4.139658638745488,0.034881362240247196,0.3506272957293163,0.3850728311208825,0.3850728311208825,-4.1445712201741705,0.034841928017776205,0.3502309031031064
90.0,125.0,0.15245811052054242,0.4161098989205917,0.08126787515027357,0.152488668880219,0.47565553198874966,0.37707142505799124,0.37707142505799124,-4.23576377723904,0.049760930458060584,0.32731049459993067,0.38797347984153846,0.38797347984153846,-4.111979598493878,0.05119964035195039,0.33677383948958806,0.3875348664522006,0.3875348664522006,-4.11689217992256,0.051141757921953315,0.33639310853024734
90.0,130.0,0.14867834931452403,0.40309381582157333,0.09334734903833768,0.17979418850620119,0.4750047933458954,0.3760403969982056,0.3760403969982056,-4.2476549748986585,0.06839785159706073,0.30764254540114466,0.3869126422452984,0.3869126422452984,-4.123870796153497,0.07037540034680598,0.3165372418984923,0.38647522815848456,0.38647522815848456,-4.128783377582179,0.07029583925699971,0.3161793889014847
90.0,135.0,0.14326677436307617,0.3851206955786194,0.10513743490141358,0.20631975582018708,0.4716619983194648,0.3707663328456024,0.3707663328456024,-4.308997085167569,0.08936743101653637,0.28139890182906596,0.381486092031693,0.381486092031693,-4.1852129064224055,0.09195126146366536,0.28953483056802753,0.38105481279095826,0.38105481279095826,-4.190125487851088,0.091847308341764,0.2892075044491942
90.0,140.0,0.13594649827511826,0.36172445273213394,0.11638004946143117,0.23166642910601187,0.4653382429856851,0.3608909650441443,0.3608909650441443,-4.426239904275773,0.11202011138661744,0.24887085365752687,0.37132520325562746,0.37132520325562746,-4.302455725530611,0.11525888608562344,0.256066317170004,0.3709054111450609,0.3709054111450609,-4.307368306959293,0.11512858313115872,0.2557768280139022
90.0,145.0,0.1265487352540995,0.33263950368486206,0.12679354007376462,0.2554094608040212,0.45604190188924715,0.3466155278501075,0.3466155278501075,-4.601519854519853,0.1355144648563708,0.21110106299373663,0.3566370283466483,0.3566370283466483,-4.4777356757746904,0.13943251862987016,0.21720450971677807,0.3562338415725667,0.3562338415725667,-4.4826482572033735,0.13927488679997,0.2169589547725967
90.0,150.0,0.1150335084685051,0.29782513617738093,0.13610703994868603,0.2771102148107734,0.44412578993536883,0.32873845069610597,0.32873845069610597,-4.831494959533127,0.15885491998210607,0.16988353071399984,0.33824308128007613,0.33824308128007613,-4.707710780787965,0.16344780325353025,0.1747952780265458,0.3378606893074059,0.3378606893074059,-4.712623362216646,0.16326302156434333,0.17459766774306254
90.0,155.0,0.10149129517891899,0.2574816422191401,0.14408857964969135,0.296329806097595,0.43031401539371616,0.3086096491766813,0.3086096491766813,-5.105904991456046,0.18095052491506664,0.12765912426161477,0.3175323070034791,0.3175323070034791,-4.982120812710884,0.18618224602846653,0.13135006097501264,0.31717332906133744,0.31717332906133744,-4.987033394139566,0.18597176250263783,0.13120156655869966
90.0,160.0,0.08612768128400217,0.21205468295859065,0.15056172100434376,0.3126463156193779,0.4156942585003894,0.2879960759903332,0.2879960759903332,-5.406134295579742,0.20068952277358876,0.08730655321674442,0.2963227451284424,0.2963227451284424,-5.28235011683458,0.2064919464693783,0.08983079865906413,0.2959877451082561,0.2959877451082561,-5.2872626982632625,0.20625850233667908,0.089729242771577
90.0,165.0,0.06923640352376417,0.1622248103244112,0.15541114584770763,0.32567613529443334,0.4016567415240434,0.26887389559411956,0.26887389559411956,-5.704513604756655,0.21702416936386978,0.051849726230249756,0.2766476958474324,0.2766476958474324,-5.580729426011493,0.22329886754179418,0.053348828305638196,0.27633493894565214,0.27633493894565214,-5.585642007440175,0.22304642277890005,0.053288516166752065
90.0,170.0,0.05116766822297451,0.10888165411425223,0.1585813532717616,0.33509811975336024,0.3897590798708513,0.25318093585613505,0.25318093585613505,-5.965689991451647,0.22905926268418253,0.024121673171952573,0.26050101435964096,0.26050101435964096,-5.841905812706485,0.23568192477022587,0.024819089589415137,0.260206511671259,0.260206511671259,-5.846818394135167,0.23541548066205809,0.024791031009200996
90.0,175.0,0.03229826156818175,0.0530854619274952,0.1600726182164991,0.34067744970307234,0.38150440601290136,0.24257030494212709,0.24257030494212709,-6.151623658318524,0.2361350499369347,0.006435255005192313,0.24958360422072956,0.24958360422072956,-6.027839479573362,0.24296229029420177,0.006621313926527743,0.24930144392818812,0.24930144392818812,-6.032752061002044,0.24268761555697294,0.006613828371215121
90.0,180.0,0.013007950421388732,-0.003979474232237609,0.15993554122878995,0.3422850911830753,0.3780522503354298,0.23820022819121925,0.23820022819121925,-6.23057826807314,0.23789183047457288,0.0003083977166464314,0.24508717788992618,0.24508717788992618,-6.106794089327979,0.2447698636429395,0.00031731424698675935,0.2448101009159499,0.2448101009159499,-6.111706670756659,0.24449314540038325,0.0003169555155667332
95.0,-180.0,0.012352996817316053,-0.004404892083572902,0.14771973244860678,0.28237654564029196,0.31895083082987635,0.16954539314258016,0.16954539314258016,-7.707140062983861,0.16925873388828497,0.0002866592542952333,0.17444736407303238,0.17444736407303238,-7.583355884238698,0.17415241680037552,0.00029494727265689196,0.1742501471146764,0.1742501471146764,-7.5882684656673804,0.1739555332870349,0.00029461382764155527
95.0,-175.0,-0.004627800971918745,-0.056406803952166386,0.14617786644542355,0.28038601541989167,0.3212280036913246,0.1719749990173422,0.1719749990173422,-7.645346843599013,0.16663655132977706,0.005338447687565086,0.17694721578078218,0.17694721578078218,-7.52156266485385,0.17145442054715207,0.005492795233630092,0.17674717267969392,0.17674717267969392,-7.526475246282532,0.171260587183738,0.005486585495955895
95.0,-170.0,-0.021354016560902113,-0.10726442358325511,0.14333572523313948,0.2752520952966298,0.32904482473247665,0.18044657664750224,0.18044657664750224,-7.436513527687977,0.1605109619959712,0.01993561465153106,0.18566372738707917,0.18566372738707917,-7.312729348942815,0.16515172548201584,0.020512001905063342,0.18545383005909785,0.18545383005909785,-7.317641930371497,0.16496501746759631,0.020488812591501603
95.0,-165.0,-0.03753944991146217,-0.15580953923175728,0.1393074833374283,0.2671551870654856,0.341268650340271,0.19410257996084193,0.19410257996084193,-7.1196869204434865,0.15129388380282918,0.04280869615801277,0.19971455907072944,0.19971455907072944,-6.995902741698324,0.15566815907277415,0.044046399997955316,0.19948877693817255,0.19948877693817255,-7.000815323127006,0.15549217245922833,0.04399660447894426
95.0,-160.0,-0.05293132945954676,-0.20095832792246204,0.13419637765166775,0.25633727122193267,0.3562350903435575,0.21150074988740725,0.21150074988740725,-6.746880884715125,0.139525820218635,0.07197492966877228,0.21761575253360144,0.21761575253360144,-6.623096705969963,0.143559852061565,0.07405590047203651,0.21736973266948326,0.21736973266948326,-6.628009287398645,0.1433975541815365,0.07397217848794685
95.0,-155.0,-0.06731947393597641,-0.24177207600370687,0.12808245861461867,0.24307540227828628,0.3721241939241186,0.2307885890027118,0.2307885890027118,-6.3678566802786465,0.12581498157553994,0.10497360742717184,0.23746125013140423,0.23746125013140423,-6.244072501533484,0.1294525996250025,0.10800865050640171,0.23719279445294117,0.23719279445294117,-6.248985082962165,0.1293062503345734,0.10788654411836776
95.0,-150.0,-0.08054695418978393,-0.27751620335088867,0.12102140191294242,0.227656503828369,0.3872682770481893,0.2499553086258245,0.2499553086258245,-6.021376351369586,0.11078682905655546,0.13916847956926903,0.2571821263770187,0.2571821263770187,-5.8975921726244245,0.11398994655474376,0.14319217982227497,0.25689137577165927,0.25689137577165927,-5.902504754053105,0.11386107816706624,0.14303029760459304
95.0,-145.0,-0.09251947823812522,-0.30770919256392426,0.11305536290438627,0.2103591730895341,0.40034647222893355,0.26712253654528556,0.26712253654528556,-5.73289469955519,0.09505192197008665,0.1720706145751988,0.2748457007359662,0.2748457007359662,-5.609110520810027,0.09780010491829062,0.17704559581767548,0.27453498103318147,0.27453498103318147,-5.614023102238709,0.09768953953760189,0.17684544149557943
95.0,-140.0,-0.1032103302775781,-0.3321527588744488,0.10423142878070743,0.19144564217868948,0.4104795392693684,0.2808158044986988,0.2808158044986988,-5.515784534744946,0.079190842093632,0.2016249624050668,0.28893487447134353,0.28893487447134353,-5.3920003559997856,0.08148044252868814,0.20745443194265542,0.2886082266173677,0.2886082266173677,-5.396912937428466,0.08138832692048509,0.20721989969688262
95.0,-135.0,-0.1126583502319785,-0.35093783277941004,0.09461969782820537,0.17116324728869356,0.41725173551755496,0.29015818212344324,0.29015818212344324,-5.37365178327231,0.0637480722190217,0.22641010990442162,0.2985473630244297,0.2985473630244297,-5.2498676045271475,0.06559118450357208,0.2329561785208577,0.29820984801998274,0.29820984801998274,-5.25478018595583,0.06551703208532549,0.23269281593465732
95.0,-130.0,-0.12095757649867178,-0.3644261004046565,0.08432332494493545,0.14975128210165595,0.4206815750534313,0.2949480306073257,0.2949480306073257,-5.302544993057391,0.04922528966486807,0.24572274094245763,0.3034756977130628,0.3034756977130628,-5.178760814312228,0.05064851287670344,0.2528271848363593,0.3031326111072206,0.3031326111072206,-5.183673395740911,0.05059125350962803,0.2525413575975926
95.0,-125.0,-0.12823859361924883,-0.3732113439202853,0.0734767077324976,0.1274474152744546,0.4211573510738884,0.2956155595045142,0.2956155595045142,-5.292727109094413,0.03606860065535424,0.25954695884915996,0.30416252649914005,0.30416252649914005,-5.16894293034925,0.03711143189150555,0.2670510946076345,0.3038186634167669,0.3038186634167669,-5.173855511777932,0.03706947652143293,0.26674918689533395
95.0,-120.0,-0.13464344653231275,-0.37806667003257505,0.062233101217044826,0.10448857739451688,0.41934959923271736,0.29308323918546375,0.29308323918546375,-5.3300901724017375,0.024650788738117227,0.2684324504473465,0.3015569906219403,0.3015569906219403,-5.206305993656574,0.025363503177402227,0.27619348744453803,0.30121607316080545,0.30121607316080545,-5.211218575085258,0.025334829124478136,0.2758812440363273
95.0,-115.0,-0.14029808078111855,-0.37988274453155013,0.05074669123075041,0.08110396432291823,0.41610999839399504,0.2885724194343071,0.2885724194343071,-5.397451793405085,0.015254773444294512,0.27331764599001257,0.29691575206740106,0.29691575206740106,-5.273667614659923,0.01569582615937289,0.2812199259080282,0.2965800816385479,0.2965800816385479,-5.278580196088604,0.015678081648812448,0.2809019999897354
95.0,-110.0,-0.14528791557373455,-0.37959993765333694,0.039155076587182175,0.057501388861352906,0.41236418469807795,0.2834003580471546,0.2834003580471546,-5.475996054018779,0.00806569288547023,0.27533466516168437,0.2915941537680364,0.2915941537680364,-5.352211875273617,0.008298891743461496,0.2832952620245749,0.29126449953458844,0.29126449953458844,-5.357124456702298,0.008289509645909793,0.28297498988867864
95.0,-105.0,-0.1496423266711235,-0.37813597492219914,0.027566528914336197,0.03385124849109075,0.40900545473465233,0.27880253500268215,0.27880253500268215,-5.547032817480908,0.003176292737404767,0.2756262422652775,0.2868633964427227,0.2868633964427227,-5.423248638735746,0.003268127109172515,0.2835952693335503,0.2865390904446888,0.2865390904446888,-5.4281612201644265,0.00326443241254344,0.2832746580321454
95.0,-100.0,-0.15333193270932194,-0.37631158453632346,0.01605375595379379,0.010273778448452234,0.4067976940058122,0.27580077546432874,0.27580077546432874,-5.594045170600769,0.0006054417427274444,0.2751953337216012,0.28377484871316877,0.28377484871316877,-5.470260991855607,0.0006229465405159423,0.2831519021726528,0.2834540343929381,0.2834540343929381,-5.475173573284287,0.0006222422844064176,0.2828317921085316
95.0,-95.0,-0.15627904847425375,-0.3747793988530439,0.00465361924004756,-0.013165400933141705,0.4062975790605069,0.27512305626741634,0.27512305626741634,-5.604730126996309,0.0003249656003743649,0.27479809066704197,0.2830775350009429,0.2830775350009429,-5.4809459482511445,0.00033436114865147127,0.28274317385229136,0.2827575090107054,0.2827575090107054,-5.4858585296798275,0.00033398314529739455,0.282423525865408
95.0,-90.0,-0.158377757487892,-0.3739642526527996,-0.006628930970201495,-0.03644882800416464,0.40780539000575416,0.27716886368224103,0.27716886368224103,-5.572555586579585,0.002287379092562227,0.2748814845896789,0.28518249169898247,0.28518249169898247,-5.448771407834422,0.0023535128023070553,0.2828289788966755,0.2848600860043587,0.2848600860043587,-5.453683989263104,0.002350852099241754,0.28250923390511706
95.0,-85.0,-0.1595172544357556,-0.3740239047274305,-0.01781451361480333,-0.059590441471755594,0.41134901650594274,0.282006711811357,0.282006711811357,-5.497405552694756,0.00644714412800954,0.2755595676833475,0.2901602138196903,0.2901602138196903,-5.373621373949594,0.006633546792889741,0.28352666702680057,0.2898321806899867,0.2898321806899867,-5.378533955378275,0.006626047408026248,0.28320613328196037
95.0,-80.0,-0.1596014627510026,-0.37483686137314026,-0.028941638207803676,-0.08261206641881595,0.41669853791015954,0.289389301410998,0.289389301410998,-5.385175285868955,0.01277031904308272,0.2766189823679153,0.29775625209486367,0.29775625209486367,-5.261391107123792,0.013139540120467866,0.28461671197439586,0.2974196314604296,0.2974196314604296,-5.266303688552474,0.013124685553014102,0.2842949459074155
95.0,-75.0,-0.15855968020874814,-0.3760188411674333,-0.04005764565268554,-0.1055184442497059,0.4234029973357703,0.29877645801884173,0.29877645801884173,-5.246536255825548,0.021230761576014744,0.277545696442827,0.3074148143006912,0.3074148143006912,-5.122752077080386,0.021844594686711332,0.2855702196139799,0.30706727442840875,0.30706727442840875,-5.127664658509068,0.02181989884482502,0.2852473755835837
95.0,-70.0,-0.15634652054097642,-0.3769634780821858,-0.05120735334416873,-0.12827624084234177,0.43083951222496464,0.30936385382493986,0.30936385382493986,-5.0953043078345,0.03179422929202274,0.27756962453291717,0.3183083175480398,0.3183083175480398,-4.9715201290893365,0.032713478024511515,0.2855948395235283,0.31794846230723517,0.31794846230723517,-4.976432710518019,0.03267649464750538,0.28527196765972984
95.0,-65.0,-0.15293339352216792,-0.3768986624199731,-0.062418611133579334,-0.15080109833071328,0.4382673600232689,0.32012292296355144,0.32012292296355144,-4.946832263240439,0.044394044572518256,0.27572887839103316,0.3293784576227507,0.3293784576227507,-4.8230480844952766,0.045677584702663095,0.28370087292008767,0.32900608732122444,0.32900608732122444,-4.827960665923959,0.04562594508994682,0.28338014223127767
95.0,-60.0,-0.14829662640042401,-0.3749492292646458,-0.07368553817177267,-0.17295448786327342,0.44488383577694723,0.32986160765203626,0.32986160765203626,-4.816682287260821,0.0589033013044348,0.2709583063476016,0.33939871144360145,0.33939871144360145,-4.692898108515658,0.06060633944277683,0.27879237200082474,0.3390150130031205,0.3390150130031205,-4.69781068994434,0.060537822512265985,0.2784771904908547
95.0,-55.0,-0.14240790732487796,-0.37019952256597355,-0.08495276494908569,-0.19454965602183757,0.4498824729942651,0.3373157856580652,0.3373157856580652,-4.719633342813763,0.07510913204807533,0.26220665360998996,0.34706840792063504,0.34706840792063504,-4.5958491640686,0.07728072028817301,0.26978768763246214,0.3466760387030475,0.3466760387030475,-4.600761745497282,0.077193352567395,0.26948268613565257
95.0,-50.0,-0.1352309326400853,-0.3617538712642437,-0.09610605599096256,-0.21536403616398658,0.45251664122809365,0.3412774774590614,0.3412774774590614,-4.668923719557657,0.09269455298527417,0.2485829244737872,0.35114464189634875,0.35114464189634875,-4.545139540812495,0.0953745786452044,0.2557700632511443,0.350747664397802,0.350747664397802,-4.550052122241177,0.09526675538054899,0.255480909017253
95.0,-45.0,-0.1267251133019477,-0.34879651088985214,-0.10697445307355546,-0.23515450412848407,0.4521719084293337,0.3407576966784098,0.3407576966784098,-4.675543259930329,0.1112326701628919,0.22952502651551795,0.35060983298529663,0.35060983298529663,-4.551759081185167,0.11444867801511668,0.23616115497018,0.3502134601011406,0.3502134601011406,-4.556671662613848,0.11431929102044389,0.23589416908069677
95.0,-40.0,-0.1168546784530669,-0.33065284719159166,-0.11734581263705264,-0.25367185014769383,0.44844817820243177,0.33516838462496207,0.33516838462496207,-4.747369537364918,0.1301960115345898,0.2049723730903723,0.3448589202849697,0.3448589202849697,-4.6235853586197555,0.13396029584791624,0.21089862443705348,0.344469048946518,0.344469048946518,-4.6284979400484385,0.13380885049803679,0.21066019844848127
95.0,-35.0,-0.1056006761428849,-0.30685085958163566,-0.12699250018004654,-0.27067170212795266,0.4412473436323956,0.324491052389179,0.324491052389179,-4.887972740610872,0.14898026588460433,0.1755107865045747,0.3338728803263495,0.3338728803263495,-4.764188561865709,0.1532876488163436,0.18058523151000583,0.333495428971407,0.333495428971407,-4.7691011432943915,0.15311435342713703,0.18038107554426994
95.0,-30.0,-0.09297402329052912,-0.2771766358960994,-0.13569972113867354,-0.2859207111227435,0.4308551077329313,0.30938625090613553,0.30938625090613553,-5.094989902109025,0.16693784603899553,0.14244840486714003,0.3183313621834916,0.3183313621834916,-4.9712057233638625,0.1717644264214379,0.14656693576205373,0.31797148089017013,0.31797148089017013,-4.976118304792544,0.1715702425888957,0.1464012383012744
95.0,-25.0,-0.07902862238206952,-0.24171447331433837,-0.1432880030002076,-0.2991988066133282,0.4179985495762671,0.29119778539041774,0.29119778539041774,-5.358119322311791,0.1834146417215796,0.1077831436688381,0.299617023758018,0.299617023758018,-5.234335143566629,0.18871760646319538,0.1108994172948226,0.2992782994762772,0.2992782994762772,-5.239247724995311,0.18850425665116094,0.11077404282511623
95.0,-20.0,-0.06387343729726874,-0.20086217606165524,-0.14962429238634115,-0.3103001546516064,0.4038552272947766,0.27182533706350465,0.27182533706350465,-5.657100647704942,0.1977846984532226,0.07404063861028207,0.2796844706898906,0.2796844706898906,-5.5333164689597805,0.20350313659144215,0.07618133409844846,0.27936828064080643,0.27936828064080643,-5.538229050388461,0.203273071380496,0.07609520926031044
95.0,-15.0,-0.04768124712228187,-0.1553166506904159,-0.1546212539957732,-0.3190362812539654,0.3899854410774965,0.2534751021102393,0.2534751021102393,-5.960646933214827,0.20948153304416375,0.043993569066075607,0.2608036856777851,0.2608036856777851,-5.836862754469665,0.2155381552054365,0.0452655304723486,0.26050884081216785,0.26050884081216785,-5.8417753358983475,0.21529448411527616,0.04521435669689168
95.0,-10.0,-0.030690720945956013,-0.10603175402331563,-0.15822876733632446,-0.32524402740631286,0.3781595871979111,0.23833550734751838,0.23833550734751838,-6.228112514162407,0.21802823041282704,0.020307276934691365,0.24522636829665434,0.24522636829665434,-6.104328335417245,0.22433195844513534,0.020894409851519052,0.2449491339645615,0.2449491339645615,-6.109240916845927,0.22407834574802366,0.02087078821653789
95.0,-5.0,-0.013198845543529326,-0.05415632437470497,-0.16042318040995232,-0.32879865190007806,0.37006927364699305,0.22824673487638894,0.22824673487638894,-6.415954264346691,0.22306832855251701,0.005178406323871932,0.23484590480130563,0.23484590480130563,-6.29217008560153,0.22951777811762222,0.005328126683683437,0.23458040583390435,0.23458040583390435,-6.297082667030212,0.2292583027261223,0.005322103107782046
95.0,0.0,0.004456973668892425,-0.0009627166707613598,-0.16119845833161606,-0.3296294103481268,0.36696223589439947,0.22443018358255304,0.22443018358255304,-6.489187352865404,0.22439553200279058,3.465157976244291e-05,0.2309190076988919,0.2309190076988919,-6.365403174120242,0.23088335425742418,3.5653441467684856e-05,0.2306579481835077,0.2306579481835077,-6.3703157555489245,0.23062233504911672,3.561313439099991e-05
95.0,5.0,0.02192450872808712,0.05222559803543976,-0.16056060241354542,-0.32773268996724936,0.369319130690108,0.22732234498098422,0.22732234498098422,-6.433578725681449,0.22197547565983608,0.005346869321148149,0.23389478853892812,0.23389478853892812,-6.309794546936286,0.22839332818174304,0.005501460357185048,0.23363036483143287,0.23363036483143287,-6.314707128364968,0.22813512400805352,0.005495240823379392
95.0,10.0,0.03886464020902181,0.10410292852905172,-0.15852469374016545,-0.32317743027293805,0.3767248464730386,0.23653044414057223,0.23653044414057223,-6.261129527218239,0.2159511289924246,0.020579315148147682,0.24336911630885094,0.24336911630885094,-6.137345348473076,0.22219480295547342,0.02117431335337759,0.24309398164498686,0.24309398164498686,-6.142257929901758,0.22194360636425964,0.021150375280727315
95.0,15.0,0.054975428010009895,0.15344590969870417,-0.15511371148720554,-0.31609948395459436,0.38800398469067765,0.25090590911048916,0.25090590911048916,-6.004891104515966,0.20662704413352354,0.04427886497696553,0.2581602110407338,0.2581602110407338,-5.881106925770804,0.21260113605671727,0.045559074984016394,0.25786835468703917,0.25786835468703917,-5.886019507199486,0.21236078533763977,0.04550756934939931
95.0,20.0,0.07000756939893668,0.19917380069505083,-0.1503593702906649,-0.30668515908221056,0.4015407696510341,0.26871865205190437,0.26871865205190437,-5.7070218767148315,0.1944349643475268,0.0742836877043777,0.27648796383568724,0.27648796383568724,-5.583237697969668,0.20005655350090215,0.07643141033478516,0.2761753875148041,0.2761753875148041,-5.588150279398352,0.1998303847353821,0.07634500277942209
95.0,25.0,0.08376958470098857,0.24040283122852069,-0.14430606063151163,-0.2951480531445888,0.41562901365724125,0.28790567885917884,0.28790567885917884,-5.407497686999617,0.17989011596854548,0.1080155628906334,0.29622973439569794,0.29622973439569794,-5.283713508254455,0.18509117807237938,0.11113855632331865,0.29589483952639134,0.29589483952639134,-5.288626089683137,0.1848819280252266,0.11101291150116484
95.0,30.0,0.09612455655314192,0.27649015181434655,-0.1370182508949479,-0.2817058300061754,0.42874107589620764,0.30635763275943845,0.30635763275943845,-5.1377129495007425,0.16354977314514021,0.14280785961429826,0.31521517929770393,0.31521517929770393,-5.01392877075558,0.1682783960748433,0.14693678322286063,0.31485882092439715,0.31485882092439715,-5.018841352184262,0.1680881532838029,0.1467706676405943
95.0,35.0,0.1069827502329718,0.30706168267607514,-0.12858944868310201,-0.2665636423475007,0.4396858054900834,0.322198421879507,0.322198421879507,-4.9187659107601975,0.14598226368043388,0.17621615819907316,0.33151396427565283,0.33151396427565283,-4.794981732015035,0.1502029670546701,0.1813109972209828,0.33113917973227847,0.33113917973227847,-4.799894313443717,0.15003315897269667,0.18110602075958185
95.0,40.0,0.11629497139441429,0.3320197287067761,-0.11914851738111389,-0.24990830648846468,0.4476741576953028,0.3340123834178346,0.3340123834178346,-4.762374315407213,0.12774787511920876,0.2062645082986259,0.34366949626281984,0.34366949626281984,-4.63859013666205,0.13144137783641194,0.21222811842640796,0.3432809695969523,0.3432809695969523,-4.643502718090732,0.13129278018418167,0.21198818941277067
95.0,45.0,0.12404989967971931,0.3515300323947028,-0.10885874211238977,-0.2319130718263383,0.4523224954655576,0.340984699883026,0.340984699883026,-4.672651075337441,0.10938725396576002,0.23159744591726594,0.3508433994063443,0.3508433994063443,-4.548866896592278,0.11254990633373806,0.23829349307260617,0.3504467624697081,0.3504467624697081,-4.55377947802096,0.11242266594631038,0.23802409652339765
95.0,50.0,0.13027568133072687,0.36599186429405,-0.09790741985524254,-0.2127486138862872,0.45361837864979265,0.34294130969486686,0.34294130969486686,-4.64780197906484,0.09141090573061779,0.2515304039642491,0.3528565795810957,0.3528565795810957,-4.524017800319678,0.09405381801689246,0.25880276156420323,0.35245766669564943,0.35245766669564943,-4.528930381748359,0.09394748790402649,0.2585101787916229
95.0,55.0,0.1350432568601042,0.37599664203384303,-0.08648788920797337,-0.19259344224921382,0.45186562717378925,0.34029622463116677,0.34029622463116677,-4.681428690968049,0.0742855648611422,0.2660106597700247,0.35013501865538305,0.35013501865538305,-4.557644512222887,0.07643334176473114,0.27370167689065195,0.34973918256029474,0.34973918256029474,-4.562557093651568,0.07634693202583986,0.27339225053445493
95.0,60.0,0.13846764671453798,0.3822796444680016,-0.07477944356061857,-0.17163726015122696,0.44761850946168386,0.33392934961487036,0.33392934961487036,-4.763454083921176,0.05841748082283313,0.2755118687920371,0.3435840617500467,0.3435840617500467,-4.639669905176015,0.06010647270586802,0.2834775890441785,0.3431956316699593,0.3431956316699593,-4.644582486604695,0.06003852088677608,0.28315711078318306
95.0,65.0,0.14070424519843666,0.385666691427386,-0.06293139009752656,-0.15007383657365042,0.4416095535390399,0.32502400569045664,0.32502400569045664,-4.880845616245585,0.0441364873235793,0.28088751836687736,0.334421242607734,0.334421242607734,-4.757061437500423,0.04541258084533316,0.28900866176240086,0.3340431713159883,0.3340431713159883,-4.761974018929104,0.045361240825878,0.28868193049011037
95.0,70.0,0.14193943254074123,0.38701530711635507,-0.051055259208956025,-0.12808447963332206,0.4346722027783544,0.31489245453268466,0.31489245453268466,-5.018377458229017,0.03168637585741123,0.2832060786752734,0.3239967635895511,0.3239967635895511,-4.894593279483853,0.03260250628399138,0.2913942573055596,0.3236304774231086,0.3236304774231086,-4.8995058609125355,0.03256564836321812,0.2910648290598904
95.0,75.0,0.1423771219752089,0.38714971478451654,-0.03922535330828519,-0.10581743242517365,0.4276588638937489,0.3048129919935329,0.3048129919935329,-5.159665260763608,0.021226095511112316,0.28358689648242047,0.3136258791990255,0.3136258791990255,-5.035881082018446,0.02183979371448947,0.29178608548453594,0.31327131756786525,0.31327131756786525,-5.040793663447127,0.021815103300218203,0.29145621426764695
95.0,80.0,0.14222395905215163,0.3867915120381721,-0.027484670272609625,-0.0833707354546219,0.4213566362874592,0.29589538721187303,0.29589538721187303,-5.288618051132592,0.01284317514349293,0.2830522120683801,0.3044504447081727,0.3044504447081727,-5.164833872387429,0.013214502668477138,0.29123594203969555,0.3041062561273104,0.3041062561273104,-5.169746453816111,0.013199563354052342,0.29090669277325804
95.0,85.0,0.14167536517303755,0.3864919502089013,-0.015852179223712924,-0.060785409764305826,0.41640616505948697,0.28898334898000955,0.28898334898000955,-5.391271802691662,0.006576774434411187,0.28240657454559837,0.2973385625887535,0.2973385625887535,-5.2674876239465,0.006766925027689256,0.29057163756106424,0.2970024141623942,0.2970024141623942,-5.272400205375181,0.006759274855509956,0.2902431393068842
95.0,90.0,0.1409030146981287,0.3865752912051058,-0.004328465777805604,-0.03805251632027949,0.41323219252089766,0.2845947034326554,0.2845947034326554,-5.457731867934622,0.0024444917671464427,0.2821502116655089,0.292823030592299,0.292823030592299,-5.3339476891894595,0.002515167987597945,0.290307862604701,0.2924919870839213,0.2924919870839213,-5.338860270618141,0.002512324529441359,0.2899796625544798
95.0,95.0,0.1400427629004993,0.387103691567965,0.007101086453320691,-0.015133093004446856,0.41199597012477013,0.28289446759437525,0.28289446759437525,-5.483755457092459,0.0004657155826607306,0.2824287520117143,0.2910736367881215,0.2910736367881215,-5.359971278347296,0.0004791805562925513,0.29059445623182867,0.2907445710116909,0.2907445710116909,-5.364883859775978,0.0004786388311004425,0.2902659321805902
95.0,100.0,0.13918155279391728,0.38787145015758057,0.01846425966186965,0.008014074484065822,0.41257838135337094,0.28369485100659564,0.28369485100659564,-5.4714854647314946,0.0006752412164238278,0.2830196097901718,0.29189716123736564,0.29189716123736564,-5.347701285986332,0.0006947640872762915,0.29120239715008933,0.29156716444665537,0.29156716444665537,-5.352613867415013,0.0006939786396956092,0.2908731858069597
95.0,105.0,0.13834290924240056,0.3884307817202551,0.029798390424701338,0.031404002924513064,0.41459786323260917,0.28647889781177127,0.28647889781177127,-5.4290736288133425,0.0031235188653681322,0.2833553789464031,0.29476170162750415,0.29476170162750415,-5.305289450068179,0.0032138274157507275,0.2915478742117534,0.29442846640469805,0.29442846640469805,-5.310202031496862,0.0032101941062365183,0.29121827229846153
95.0,110.0,0.13747294419044004,0.38814444277848903,0.04114227782894965,0.05500313559027381,0.4174601188064893,0.2904480752963503,0.2904480752963503,-5.369314971045847,0.007863201332960939,0.28258487396338927,0.2988456377161748,0.2988456377161748,-5.245530792300686,0.008090545666180613,0.29075509204999417,0.29850778550498486,0.29850778550498486,-5.250443373729366,0.008081399108901271,0.29042638639608354
95.0,115.0,0.13643124962160819,0.3862550207980798,0.05252206414158962,0.07871725204364043,0.42043001790551765,0.29459539285948183,0.29459539285948183,-5.307740493173862,0.014924603374857159,0.2796707894846246,0.30311286434765083,0.30311286434765083,-5.183956314428698,0.01535611006776125,0.28775675427988956,0.3027701879336915,0.3027701879336915,-5.1888688958573805,0.015338749614447233,0.2874314383192442
95.0,120.0,0.13499220413848614,0.3819585006133149,0.06393237905151117,0.10239030742547896,0.4227130415717128,0.2978035098771091,0.2978035098771091,-5.260701880100419,0.024284634785788146,0.27351887509132083,0.306413735854624,0.306413735854624,-5.136917701355257,0.02498676282105993,0.281426973033564,0.306067327725703,0.306067327725703,-5.141830282783939,0.024958514682207753,0.2811088130434952
95.0,125.0,0.13286099579830402,0.3744714824321907,0.0753174356653663,0.12581164421894245,0.423535383758854,0.2989633255211551,0.2989633255211551,-5.243820842530988,0.03583463232899304,0.2631286931921622,0.30760708459836933,0.30760708459836933,-5.120036663785824,0.036870698970051484,0.2707363856283179,0.30725932735987166,0.30725932735987166,-5.1249492452145065,0.036829015754360775,0.27043031160551095
95.0,130.0,0.12970505869245447,0.3630861356558272,0.08655893514048257,0.14872731731377017,0.4222170156731014,0.29710501434818315,0.29710501434818315,-5.270900183903136,0.049352610910538594,0.2477524034376446,0.3056950451159411,0.3056950451159411,-5.147116005157973,0.05077951529019302,0.2549155298257481,0.3053494494842581,0.3053494494842581,-5.152028586586655,0.05072210782172517,0.254627341662533
95.0,135.0,0.12519687403712218,0.3472124235183356,0.09747682357709822,0.17085148608937684,0.4182375948522231,0.2915309413747467,0.2915309413747467,-5.353153450037928,0.06448508317924098,0.2270458581955057,0.29995981209460515,0.29995981209460515,-5.229369271292764,0.06634950424862741,0.23361030784597767,0.2996207002823707,0.2996207002823707,-5.2342818527214465,0.06627449453159402,0.2333462057507767
95.0,140.0,0.11906013816128456,0.3264109184552583,0.10784480657852161,0.1918755417955462,0.4112981036074475,0.2819369078736684,0.2819369078736684,-5.498480676662824,0.0807426408520168,0.20119426702165152,0.29008839167987277,0.29008839167987277,-5.374696497917663,0.08307710757487066,0.20701128410500208,0.2897604397468328,0.2897604397468328,-5.379609079346345,0.08298318689827008,0.20677725284856271
95.0,145.0,0.11110978468846645,0.30042017167776,0.1174168376365593,0.21147490414327097,0.40138013484400037,0.2685036953751609,0.2685036953751609,-5.710497327949767,0.0975116174529239,0.17099207792223695,0.2762667922370211,0.2762667922370211,-5.5867131492046065,0.10033091619809026,0.1759358760389309,0.2759544659559721,0.2759544659559721,-5.591625730633286,0.10021748967412529,0.17573697628184679
95.0,150.0,0.1012777959513695,0.26918028224925394,0.12595662464184476,0.22931525077698905,0.38880042674183785,0.2519370176498254,0.2519370176498254,-5.987080159877447,0.11408157155832327,0.1378554460915021,0.2592211314433845,0.2592211314433845,-5.863295981132285,0.11737994809993135,0.1418411833434531,0.25892807569355125,0.25892807569355125,-5.868208562560967,0.11724724723363132,0.14168082845991992
95.0,155.0,0.08962047226070342,0.23285077003604082,0.13326191586004732,0.24506070724584234,0.37425231944389,0.23343583147850464,0.23343583147850464,-6.3183248068557525,0.12968609213735963,0.103749739341145,0.24018503084525633,0.24018503084525633,-6.194540628110589,0.13343563343693757,0.10674939740831874,0.2399134958669112,0.2399134958669112,-6.199453209539271,0.13328478123058543,0.10662871463632577
95.0,160.0,0.07630748600477466,0.19181843053637626,0.13917891090003015,0.2583860735347643,0.3588192789550732,0.21458040292983163,0.21458040292983163,-6.684099435446386,0.14355350506952108,0.07102689786031052,0.22078444585845422,0.22078444585845422,-6.560315256701223,0.14770398710723437,0.07308045875121981,0.22053484371000168,0.22053484371000168,-6.565227838129905,0.14753700418244714,0.07299783952755451
95.0,165.0,0.061597226243241494,0.14669111270757978,0.1436071531485291,0.26899374671431453,0.34393771388883604,0.19715060703543316,0.19715060703543316,-7.052018813767936,0.15496409953091728,0.04218650750451589,0.2028507120438658,0.2028507120438658,-6.928234635022774,0.15944448969124117,0.043406222352624646,0.20262138441462813,0.20262138441462813,-6.933147216451455,0.15926423384472482,0.04335715056990328
95.0,170.0,0.04580554786995384,0.09827617492150732,0.14649856300388958,0.2766341213491159,0.3312772567347045,0.18290339234455852,0.18290339234455852,-7.377782395052134,0.1633099293273481,0.0195934630172104,0.18819157561946548,0.18819157561946548,-7.253998216306972,0.16803161778716755,0.020159957832297976,0.18797882049800463,0.18797882049800463,-7.258910797735654,0.16784165398494152,0.020137166513063107
95.0,175.0,0.029275416040195557,0.04754599285606407,0.14785420206011368,0.2811265086550723,0.3225068221858552,0.17334700002908326,0.17334700002908326,-7.610836699123366,0.16815100340706407,0.005195996622019155,0.17835888468883968,0.17835888468883968,-7.487052520378203,0.17301265912857708,0.005346225560262532,0.1781572456619561,0.1781572456619561,-7.491965101806885,0.172817064138812,0.005340181523144044
95.0,180.0,0.01235299681731605,-0.004404892083572908,0.14771973244860678,0.28237654564029196,0.31895083082987635,0.16954539314258016,0.16954539314258016,-7.707140062983861,0.16925873388828497,0.00028665925429523323,0.17444736407303238,0.17444736407303238,-7.583355884238698,0.17415241680037552,0.0002949472726568919,0.1742501471146764,0.1742501471146764,-7.5882684656673804,0.1739555332870349,0.0002946138276415552
100.0,-180.0,0.011627336702104777,-0.00474983273310766,0.1386027299521622,0.22821758332988767,0.267304579012225,0.11908342443723888,0.11908342443723888,-9.241486850027009,0.11882050418177423,0.0002629202554646567,0.12252641674785356,0.12252641674785356,-9.117702671281847,0.12225589482639594,0.0002705219214576157,0.12238789767444898,0.12238789767444898,-9.122615252710528,0.12211768158455727,0.0002702160898917335
100.0,-175.0,-0.0028106741792271114,-0.05205210655859356,0.13717668499831806,0.22654866621275016,0.26992417964390075,0.12142891050559522,0.12142891050559522,-9.15677901578172,0.11690014772159546,0.0045287627839997804,0.1249397165403799,0.1249397165403799,-9.032994837036556,0.12028001617614514,0.004659700364234777,0.12479846917327361,0.12479846917327361,-9.037907418465238,0.1201440367128422,0.004654432460431428
100.0,-170.0,-0.017040668437910727,-0.09833102223315855,0.13453342139827676,0.2224275969781811,0.27844685612310865,0.12921804188140032,0.12921804188140032,-8.886768443711171,0.11261947573820041,0.016598566143199923,0.13295405070624583,0.13295405070624583,-8.76298426496601,0.11587557952279084,0.01707847118345501,0.13280374294080197,0.13280374294080197,-8.76789684639469,0.11574457938150094,0.01705916355930105
100.0,-165.0,-0.03080987446341476,-0.14249342463397924,0.130770439082122,0.21600688571204069,0.29157075786353553,0.14168584007849183,0.14168584007849183,-8.486735504798208,0.10626396720510907,0.035421872873382804,0.14578232336504973,0.14578232336504973,-8.362951326053045,0.10933631773341813,0.03644600563163165,0.14561751292753528,0.14561751292753528,-8.367863907481727,0.10921271038551807,0.036404802542017264
100.0,-160.0,-0.043896630533025505,-0.18352060327220834,0.12597531554298474,0.20747916247890932,0.3074477337477908,0.1575364702278983,0.1575364702278983,-8.026188895872803,0.09819332496939313,0.05934314525850516,0.16209123390050242,0.16209123390050242,-7.902404717127639,0.10103233354192113,0.061058900358581296,0.16190798584573307,0.16190798584573307,-7.907317298556321,0.10091811404870826,0.06098987179702483
100.0,-155.0,-0.05612023003675445,-0.22052691286799272,0.1202151055522,0.1970526913665024,0.3241342843578478,0.1751009319409619,0.1751009319409619,-7.567115424617272,0.08880029924157729,0.08630063269938461,0.18016352705109775,0.18016352705109775,-7.44333124587211,0.09136773252554511,0.08879579452555263,0.17995984783243768,0.17995984783243768,-7.448243827300792,0.09126443909720174,0.08869540873523596
100.0,-150.0,-0.06735240841251405,-0.252817239557683,0.1135358790703598,0.18492917455884805,0.33991484077019823,0.19256562828796278,0.19256562828796278,-7.154212290340075,0.07848014347774383,0.11408548481021892,0.19813317037551473,0.19813317037551473,-7.030428111594913,0.08074919588202885,0.11738397449348588,0.1979091760410717,0.1979091760410717,-7.0353406930235955,0.080657906965821,0.11725126907525069
100.0,-145.0,-0.07752673674150953,-0.2799352350281779,0.10597324619948184,0.17128951008382107,0.3534749720912076,0.20823602063946647,0.20823602063946647,-6.814441441248775,0.0676157823247756,0.1406202383146908,0.2142566319986279,0.2142566319986279,-6.690657262503613,0.0695707195439609,0.14468591245466697,0.21401440970140437,0.21401440970140437,-6.695569843932294,0.069492068165237,0.14452234153616733
100.0,-140.0,-0.08664183131673278,-0.30169382596259803,0.09756980159625174,0.1562905494266423,0.3639678194311706,0.22078242120197067,0.22078242120197067,-6.560355082929329,0.05657633715210666,0.16420608404986398,0.2271657796089831,0.2271657796089831,-6.436570904184165,0.05821209708005624,0.16895368252892684,0.22690896320860296,0.22690896320860296,-6.441483485612848,0.05814628689836244,0.16876267631024047
100.0,-135.0,-0.09475561403142077,-0.3181824609952054,0.088392229734546,0.1400720627247624,0.3710149241052865,0.22941471837848654,0.22941471837848654,-6.393787228536347,0.04572120457219776,0.1836935138062888,0.23604765755580465,0.23604765755580465,-6.270003049791185,0.047043116135608354,0.18900454142019632,0.23578079997788953,0.23578079997788953,-6.2749156312198675,0.04698993275662668,0.18879086722126287
100.0,-130.0,-0.10197005579709763,-0.32975047054793233,0.07854102851168818,0.12276959140493139,0.3746656253771536,0.233951706375163,0.233951706375163,-6.308737828436122,0.03540094220821817,0.19855076416694484,0.2407158209436804,0.2407158209436804,-6.18495364969096,0.03642446980987568,0.20429135113380478,0.24044368589430934,0.24044368589430934,-6.189866231119641,0.03638329106702792,0.20406039482728142
100.0,-125.0,-0.10840816488508001,-0.3369703313303568,0.06814914843150544,0.10452707238842913,0.3753285889786127,0.2347803849612842,0.2347803849612842,-6.293381896174378,0.025949747470850205,0.20883063749043407,0.24156845864933038,0.24156845864933038,-6.169597717429216,0.026700017975975102,0.21486844067335534,0.24129535967244006,0.24129535967244006,-6.174510298857898,0.026669832960791572,0.21462552671164853
100.0,-120.0,-0.1141870228730748,-0.3405866393431262,0.05737037374862611,0.08550370572584758,0.37368459771386114,0.23272814808328232,0.23272814808328232,-6.331510863396305,0.017669989505903892,0.21505815857737842,0.23945688659664813,0.23945688659664813,-6.207726684651144,0.018180872009367105,0.22127601458728105,0.23918617480296228,0.23918617480296228,-6.212639266079826,0.018160318094454155,0.22102585670850813
100.0,-115.0,-0.1193921075411414,-0.3414559661141445,0.04636172825197158,0.06587215899683987,0.3705876459293724,0.2288866131645375,0.2288866131645375,-6.403796070580223,0.01081399719438045,0.21807261597015717,0.23550428353178057,0.23550428353178057,-6.28001189183506,0.011126656234571921,0.22437762729720873,0.23523804025132325,0.23523804025132325,-6.284924473263742,0.011114077280966545,0.22412396297035678
100.0,-110.0,-0.12405853492305773,-0.3404808794617355,0.03526531281373303,0.045808742171181416,0.36696026012832594,0.2244277668742081,0.2244277668742081,-6.489234118800931,0.005570007354266434,0.21885775951994155,0.23091652111761302,0.23091652111761302,-6.365449940055768,0.005731049855197484,0.2251854712624154,0.23065546441336907,0.23065546441336907,-6.3703625214844495,0.005724570764919254,0.22493089364844968
100.0,-105.0,-0.1281637642341759,-0.3385401739933837,0.02419396454748803,0.025479271912429113,0.3636893469540406,0.220444708335472,0.220444708335472,-6.567003217334955,0.002057520222875184,0.21838718811259686,0.22681830263964603,0.22681830263964603,-6.443219038589793,0.002117008151944834,0.22470129448770126,0.22656187907037204,0.22656187907037204,-6.448131620018474,0.0021146148230988533,0.2244472642472732
100.0,-100.0,-0.13163369867629385,-0.33641796580635186,0.013223062909946758,0.005025879839338502,0.3615308938463834,0.21783584666040373,0.21783584666040373,-6.618706520099194,0.00033350691101243987,0.21750233974939126,0.22413401240909944,0.22413401240909944,-6.494922341354031,0.0003431494094170593,0.22379086299968232,0.22388062349476232,0.22388062349476232,-6.499834922782713,0.00034276147072193205,0.22353786202404033
100.0,-95.0,-0.13436059216382187,-0.33473652319876623,0.00238880095692102,-0.015440426006285476,0.36103382364409903,0.21723725177894593,0.21723725177894593,-6.630657000093512,0.0004068456238646124,0.2168304061550813,0.22351811068931574,0.22351811068931574,-6.506872821348349,0.00041860852337134724,0.22309950216594435,0.22326541806674813,0.22326541806674813,-6.511785402777031,0.0004181352763253981,0.2228472827904227
100.0,-90.0,-0.1362278404311547,-0.3339000790538825,-0.008308116688560987,-0.03583873079938992,0.3624923816150445,0.2189960518663236,0.2189960518663236,-6.595637146947015,0.0022556792386104214,0.21674037262771317,0.22532776197790266,0.22532776197790266,-6.471852968201853,0.0023208964282440806,0.2230068655496586,0.22507302350084643,0.22507302350084643,-6.476765549630534,0.002318272598777412,0.22275475090206903
100.0,-85.0,-0.13713473320327324,-0.3340576242393856,-0.018894966581347327,-0.056108860083530325,0.3659312166311845,0.2231708344726138,0.2231708344726138,-6.513625626701144,0.0058419022733804515,0.21732893219923344,0.22962324773393744,0.22962324773393744,-6.38984144795598,0.006010805919724717,0.22361244181421283,0.229363653106489,0.229363653106489,-6.394754029384662,0.0060040105584588405,0.22335964254803026
100.0,-80.0,-0.13701429894353642,-0.33509074938261796,-0.02941718029513496,-0.07619646135017961,0.37111992624433304,0.22954459156337148,0.22954459156337148,-6.391329354479698,0.011118523422337195,0.21842606814103413,0.2361812856912969,0.2361812856912969,-6.2675451757345355,0.011439987058686282,0.22474129863261047,0.23591427704354723,0.23591427704354723,-6.272457757163217,0.011427053877016643,0.22448722316653041
100.0,-75.0,-0.13583956283239684,-0.33662827186495364,-0.03992704132379567,-0.09603684880164266,0.37760856082179,0.23764144339271795,0.23764144339271795,-6.240778184583328,0.01802831686355642,0.21961312652916157,0.24451223725971596,0.24451223725971596,-6.1169940058381655,0.018549559485087377,0.2259626777746286,0.24423581027000812,0.24423581027000812,-6.121906587266848,0.01852858876007854,0.22570722150992964
100.0,-70.0,-0.1336172514859392,-0.3380842226092171,-0.050470996115714165,-0.11554210679293182,0.38477501395360525,0.2467472057976942,0.2467472057976942,-6.077477566462229,0.02649487562316883,0.2202523301745253,0.2538812694697955,0.2538812694697955,-5.953693387717067,0.027260907113045404,0.22662036235675,0.25359425056289225,0.25359425056289225,-5.958605969145749,0.027230087999145763,0.22636416256374647
100.0,-65.0,-0.13037202840235312,-0.3387118645970211,-0.06107547511689938,-0.13459477907485706,0.391878247959107,0.2559415722875861,0.2559415722875861,-5.918591664429261,0.03640908925978188,0.21953248302780423,0.26334146752503973,0.26334146752503973,-5.7948074856841,0.03746176485212664,0.22587970267291307,0.2630437536357514,0.2630437536357514,-5.799720067112782,0.03741941342218076,0.2256243402135706
100.0,-60.0,-0.1261272909398775,-0.3376653236149614,-0.07173200708029855,-0.15304940500086248,0.3981150154198094,0.26415305263124117,0.26415305263124117,-5.781443661118404,0.04761488025470006,0.21653817237654113,0.2717903617977582,0.2717903617977582,-5.657659482373242,0.048991542601810954,0.22279881919594727,0.2714830962294359,0.2714830962294359,-5.662572063801924,0.04893615647965062,0.22254693974978532
100.0,-55.0,-0.12088927369905458,-0.3340623138654727,-0.08238420336621223,-0.17074087587453138,0.4026803319002879,0.27024604941344166,0.27024604941344166,-5.682406460535905,0.059897928290218366,0.21034812112322337,0.27805952198111084,0.27805952198111084,-5.5586222817907425,0.061629723521163055,0.21642979845994792,0.2777451689757879,0.2777451689757879,-5.563534863219425,0.0615600496302347,0.2161851193455533
100.0,-50.0,-0.11463947787650156,-0.3270450048885478,-0.09292078246162119,-0.18749677467615017,0.40483324645783003,0.2731434940493711,0.2731434940493711,-5.636091394002038,0.07298046785835696,0.20016302619101406,0.28104073880993014,0.28104073880993014,-5.512307215256875,0.07509051122374417,0.20595022758618586,0.28072301546697953,0.28072301546697953,-5.517219796685557,0.07500561958721168,0.20571739587976776
100.0,-45.0,-0.1073372129186199,-0.315839115321078,-0.10317870744402197,-0.20315001294747598,0.4039695501820862,0.27197925487234287,0.27197925487234287,-5.654642203704236,0.08652425061767108,0.18545500425467185,0.27984283863807274,0.27984283863807274,-5.530858024959072,0.08902587778338417,0.19081696085468858,0.2795264695501982,0.2795264695501982,-5.5357706063877545,0.08892523187838754,0.19060123767181075
100.0,-40.0,-0.09893088032480583,-0.29981196734982046,-0.11295795300378783,-0.21754832903448454,0.3997015254668328,0.26626257619577387,0.26626257619577387,-5.746898703384083,0.10014226509312621,0.16612031110264763,0.27396087683483267,0.27396087683483267,-5.623114524638922,0.10303762227917089,0.17092325455566174,0.2736511574468385,0.2736511574468385,-5.628027106067602,0.10292113575860862,0.17073002168822984
100.0,-35.0,-0.089374821189079,-0.27852804447022056,-0.12204520260394865,-0.23055841930243898,0.3919412537726325,0.2560238789907877,0.2560238789907877,-5.917195267573075,0.1134176882984751,0.14260619069231273,0.2634261539158223,0.2634261539158223,-5.793411088827913,0.11669687035546361,0.1467292835603588,0.2631283442865239,0.2631283442865239,-5.798323670256594,0.11656494172505147,0.14656340256147246
100.0,-30.0,-0.07864829491744393,-0.2517969161394759,-0.13024003871186768,-0.2420643394930052,0.38097880965826064,0.24190239001321182,0.24190239001321182,-6.163598407558469,0.12592638685149501,0.1159760031617168,0.24889637824180658,0.24889637824180658,-6.039814228813306,0.12956722589926434,0.11932915234254225,0.24861499487483227,0.24861499487483227,-6.044726810241988,0.12942074702106374,0.11919424785376856
100.0,-25.0,-0.06677366814360161,-0.21970571469120184,-0.13737609761491582,-0.25196190438332255,0.36754090558970043,0.22513855807569205,0.22513855807569205,-6.4755011972417895,0.137258422076544,0.08788013599914796,0.23164786302674353,0.23164786302674353,-6.351717018496627,0.14122689790775186,0.09042096511899164,0.23138597952280784,0.23138597952280784,-6.356629599925308,0.14106723748874,0.09031874203406778
100.0,-20.0,-0.05383122092515606,-0.18262883901643068,-0.14333193041047182,-0.2601525049295855,0.35280938377984317,0.207452548077758,0.207452548077758,-6.830812264926914,0.1470354828044454,0.06041706527331262,0.21345050733383888,0.21345050733383888,-6.707028086181751,0.15128663731293898,0.06216387002089992,0.21320919638001848,0.21320919638001848,-6.711940667610433,0.15111560411556565,0.06209359226445285
100.0,-15.0,-0.03996787687958126,-0.14121163930041475,-0.14803068307557665,-0.26654031489898317,0.33837106976578646,0.1908204725332739,0.1908204725332739,-7.193750330320037,0.15492438778555842,0.03589608474771549,0.19633755791056062,0.19633755791056062,-7.069966151574874,0.15940362978244513,0.03693392812811553,0.19611559355937705,0.19611559355937705,-7.0748787330035565,0.15922342012904256,0.03689217343033452
100.0,-10.0,-0.025397242566093874,-0.09633076571739457,-0.15143178872481106,-0.27103577019291164,0.32606228195564296,0.17719017841678605,0.17719017841678605,-7.515603545573629,0.16064950751057372,0.016540670906212328,0.18231317873936215,0.18231317873936215,-7.391819366828466,0.16529427668543442,0.017018902053927698,0.1821070692875499,0.1821070692875499,-7.396731948257148,0.1651074075134365,0.016999661774113387
100.0,-5.0,-0.010389406736164293,-0.04903870649551856,-0.15351969571436325,-0.2735656303896243,0.3176778015691154,0.16819468016868397,0.16819468016868397,-7.741877446256348,0.16400688798413557,0.004187792184548404,0.1730575986919271,0.1730575986919271,-7.618093267511186,0.16874872721898915,0.00430887147293796,0.17286195289690026,0.17286195289690026,-7.623005848939868,0.16855795270723078,0.0043040001896694794
100.0,0.0,0.0047488174652932855,-0.0005014694591621268,-0.15429385800545864,-0.2740868205522461,0.3145679299572429,0.16491775228313402,0.16491775228313402,-7.827325929689329,0.16487974861357088,3.8003669563218375e-05,0.16968592682697192,0.16968592682697192,-7.703541750944167,0.1696468243786098,3.910244836219609e-05,0.16949409278842137,0.16949409278842137,-7.708454332372849,0.16945503454632155,3.905824209991611e-05
100.0,5.0,0.019699852630650917,0.048063907700422945,-0.15376197877796444,-0.27259898189763254,0.3172556925674386,0.16774800545303367,0.16774800545303367,-7.753426349496772,0.16325107236819641,0.004496933084837302,0.17259800952056142,0.17259800952056142,-7.6296421707516116,0.16797105912974217,0.004626950390819325,0.1724028833021929,0.1724028833021929,-7.634554752180291,0.167781163790541,0.004621719511651902
100.0,10.0,0.034162246967931034,0.09544942503796984,-0.15193655662477995,-0.2691503767119804,0.32527572055284554,0.176336336310952,0.176336336310952,-7.536581866608242,0.1592073200917616,0.017129016219190364,0.1814346499752567,0.1814346499752567,-7.41279768786308,0.16381039211005413,0.01762425786520256,0.1812295337214306,0.1812295337214306,-7.417710269291762,0.1636252005054076,0.017604333216022984
100.0,15.0,0.04787297109319435,0.14051430469428974,-0.1488341798129046,-0.26383381515865506,0.3373366067991449,0.1896555090326222,0.1896555090326222,-7.220345375764328,0.1529295556211311,0.03672595341149108,0.19513891247311682,0.19513891247311682,-7.096561197019165,0.15735112215364866,0.037787790319468134,0.19491830321955006,0.19491830321955006,-7.101473778447847,0.15717323290969282,0.03774507030985722
100.0,20.0,0.060621163827981765,0.1822420754748285,-0.14447750822921152,-0.25677289508746337,0.3517003975160555,0.2061504259709732,0.2061504259709732,-6.8581576347406115,0.14467337501921326,0.061477050951759954,0.21211073770035313,0.21211073770035313,-6.734373455995448,0.14885623522915242,0.0632545024712007,0.21187094138846166,0.21187094138846166,-6.73928603742413,0.14868794966003418,0.06318299172842749
100.0,25.0,0.07225212969291926,0.21979478067526517,-0.13890032388762835,-0.24810261536212902,0.36657649076675247,0.2239585963764705,0.2239585963764705,-6.498322630374921,0.1347438384332619,0.08921475794320859,0.2304337857562203,0.2304337857562203,-6.374538451629759,0.1386396115168864,0.09179417423933388,0.23017327479596145,0.23017327479596145,-6.379451033058441,0.13848287608762785,0.09169039870833359
100.0,30.0,0.0826633000461277,0.2525591265602106,-0.13215537817385323,-0.23795074684264203,0.3804010193028114,0.24116921074957226,0.24116921074957226,-6.176781378879383,0.12347309425783201,0.11769611649174025,0.24814200097702674,0.24814200097702674,-6.052997200134222,0.12704300263178517,0.12109899834524154,0.24786147045177004,0.24786147045177004,-6.057909781562904,0.12689937744895374,0.1209620930028163
100.0,35.0,0.09179588011165657,0.2801776751729901,-0.12432301200313897,-0.22642619089143334,0.39198347478682266,0.2560790411863639,0.2560790411863639,-5.9162596495050215,0.11120576548480328,0.1448732757015606,0.2634829109850436,0.2634829109850436,-5.792475470759858,0.11442099545714916,0.14906191552789444,0.26318503719050756,0.26318503719050756,-5.79738805218854,0.11429163975827673,0.14889339743223085
100.0,40.0,0.09962633806280098,0.3025596326807749,-0.11551684079018312,-0.213617919507106,0.4005552329010543,0.2674011912775418,0.2674011912775418,-5.728366622793059,0.09829227772413039,0.16910891355341143,0.27513241205632455,0.27513241205632455,-5.604582444047898,0.10113414726219817,0.17399826479412636,0.27482136821946745,0.27482136821946745,-5.609495025476578,0.10101981266611552,0.17380155555335192
100.0,45.0,0.10616069996256057,0.31986985511229166,-0.10588269992778152,-0.19960401164628205,0.4057582112975472,0.2743930789399478,0.2743930789399478,-5.616268471055807,0.08508617479561299,0.18930690414433485,0.28232645224812,0.28232645224812,-5.492484292310644,0.08754622368105051,0.19478022856706953,0.2820072753750748,0.2820072753750748,-5.497396873739326,0.08744725056075334,0.19456002481432155
100.0,50.0,0.11143242885741335,0.3324992223921233,-0.0955891914015988,-0.18446640496652406,0.4076003767987884,0.27689025532728323,0.27689025532728323,-5.57692328227188,0.0719402186104305,0.20495003671685277,0.2848958280968034,0.2848958280968034,-5.453139103526717,0.07402018583231865,0.2108756422644848,0.2845737464823055,0.2845737464823055,-5.458051684955399,0.07393650422449177,0.21063724225781374
100.0,55.0,0.11550255417172166,0.3410221664613104,-0.08481166789988731,-0.1683048060732692,0.40639449405408873,0.2752543232533017,0.2752543232533017,-5.6026585110168625,0.059197816618605084,0.21605650663469653,0.2832125972356227,0.2832125972356227,-5.4788743322717,0.06090936991316503,0.22230322732245758,0.2828924185542669,0.2828924185542669,-5.483786913700381,0.06084051039938858,0.22205190815487819
100.0,60.0,0.11845966081998288,0.3461468414920934,-0.07371438247856124,-0.15124358777107402,0.4026894090271061,0.27025823319852593,0.27025823319852593,-5.682210667429285,0.047179610201228454,0.22307862299729755,0.27807205802914486,0.27807205802914486,-5.558426488684123,0.04854368782922981,0.22952837019991515,0.27775769085151686,0.27775769085151686,-5.563339070112804,0.04848880801770653,0.22926888283381044
100.0,65.0,0.12041771955729184,0.3486610259280346,-0.062436140267876056,-0.13342829725139688,0.39719808698371806,0.2629376725991773,0.2629376725991773,-5.801471855565584,0.03616811811016459,0.22676955448901265,0.27053984216398524,0.27053984216398524,-5.6776876768204225,0.03721382663871241,0.2333260155252728,0.27023399033831164,0.27023399033831164,-5.682600258249105,0.03717175550890502,0.23306223482940658
100.0,70.0,0.12151111521397959,0.34937437311281294,-0.051082877718665924,-0.11501252051364623,0.3907233599101007,0.2544352457018405,0.2544352457018405,-5.944227281118025,0.026394945277204544,0.228040300424636,0.26179158936293906,0.26179158936293906,-5.820443102372862,0.027158087536994075,0.23463350182594506,0.26149562764834583,0.26149562764834583,-5.8253556838015434,0.02712738466310847,0.2343682429852374
100.0,75.0,0.12188766984865022,0.34905695715834784,-0.03972745140363265,-0.09613967936179074,0.384081334803703,0.2458583273748597,0.2458583273748597,-6.093150772997806,0.01803475568885397,0.2278235716860057,0.2529666914032922,0.2529666914032922,-5.969366594252644,0.018556184472532124,0.23441050693076004,0.2526807064489822,0.2526807064489822,-5.974279175681325,0.018535206257814976,0.2341455001911672
100.0,80.0,0.12170109145470777,0.34837582362284536,-0.028414346363204147,-0.07692636865827922,0.37802369161252397,0.2381642414334983,0.2381642414334983,-6.231234440030795,0.011208138070083487,0.22695610336341482,0.24505015066724797,0.24505015066724797,-6.107450261285631,0.011532192684518454,0.2335179579827295,0.24477311555344122,0.24477311555344122,-6.1123628427143135,0.011519155262161856,0.23325396029127932
100.0,85.0,0.12110379181668252,0.34783456444759325,-0.017166126162203327,-0.057453314623044316,0.37316292938261764,0.23207881887563392,0.23207881887563392,-6.343644944652161,0.005992457570780344,0.22608636130485357,0.23878878369753462,0.23878878369753462,-6.219860765907001,0.006165714138059825,0.23262306955947482,0.23851882721031234,0.23851882721031234,-6.224773347335681,0.006158743649311761,0.23236008356100057
100.0,90.0,0.12023978471784229,0.3477239469207997,-0.005989185525643249,-0.03776726617432803,0.369907807201626,0.2280476037862409,0.2280476037862409,-6.41974486755121,0.0024370038156363728,0.22561059997060448,0.23464101634555087,0.23464101634555087,-6.295960688806047,0.0025074635411424765,0.23213355280440834,0.2343757490094973,0.2343757490094973,-6.300873270234729,0.002504628793048687,0.23187112021644857
100.0,95.0,0.11923622111910659,0.3480924939532599,0.005122072963907189,-0.01789331782000007,0.3684183318286699,0.22621478263035455,0.22621478263035455,-6.45479018309681,0.0005773304887085721,0.22563745214164593,0.23275520385878648,0.23275520385878648,-6.3310060043516465,0.0005940225215645355,0.23216118133722188,0.23249206847929554,0.23249206847929554,-6.335918585780329,0.0005933509647570113,0.23189871751453847
100.0,100.0,0.11819188360978304,0.34874367813950813,0.016181959589499074,0.0021462079953860364,0.3685891159793205,0.22642455967319253,0.22642455967319253,-6.450764681548772,0.0004440929124326977,0.22598046676075986,0.23297104606769473,0.23297104606769473,-6.326980502803611,0.00045693272191861057,0.23251411334577618,0.2327076666733736,0.2327076666733736,-6.331893084232291,0.0004564161484405936,0.23225125052493303
100.0,105.0,0.11716209656461951,0.3492614305537105,0.027209380394680887,0.022311967940244953,0.3700657752868678,0.2282424195464834,0.2282424195464834,-6.416036374685897,0.002063575208752463,0.22617884433773092,0.23484146470468503,0.23484146470468503,-6.292252195940733,0.0021232382022352745,0.23271822650244978,0.23457597075692022,0.23457597075692022,-6.2971647773694155,0.002120837830166971,0.23245513292675324
100.0,110.0,0.11614179832044286,0.3490595716797995,0.038220894400916965,0.04253227362978249,0.37229199960154424,0.23099677953733336,0.23099677953733336,-6.3639407482177255,0.005449590060802978,0.22554718947653044,0.23767545996227327,0.23767545996227327,-6.240156569472564,0.005607151004015823,0.23206830895825747,0.23740676211442277,0.23740676211442277,-6.245069150901246,0.0056008119843812725,0.23180595013004152
100.0,115.0,0.11505107013273616,0.3474457367736472,0.0492197952033967,0.06269559100540972,0.37457791460823237,0.2338421810771441,0.2338421810771441,-6.310771469092977,0.010588626160530027,0.22325355491661422,0.2406031290021032,0.2406031290021032,-6.186987290347814,0.010894769174328663,0.22970835982777468,0.24033112135369386,0.24033112135369386,-6.191899871776495,0.010882452374645453,0.22944866897904853
100.0,120.0,0.11372894046808082,0.3436882793949475,0.06018206199018964,0.08265130606924943,0.37617685238966464,0.23584281754653355,0.23584281754653355,-6.273773453983715,0.017421454533553333,0.21842136301298024,0.24266160875247822,0.24266160875247822,-6.149989275238552,0.017925151284652056,0.22473645746782617,0.2423872739429944,0.2423872739429944,-6.154901856667234,0.017904886468194586,0.22448238747479984
100.0,125.0,0.11194069943729816,0.3370762538223214,0.07104257495897565,0.10221653971804473,0.37635938878966985,0.23607175424688953,0.23607175424688953,-6.269559727202969,0.025824839004742212,0.21024691524214734,0.2428971645713443,0.2428971645713443,-6.145775548457807,0.026571498101391307,0.21632566646995297,0.24262256346031807,0.24262256346031807,-6.150688129886489,0.02654145838103002,0.21608110507928807
100.0,130.0,0.10940100778235785,0.3269671285873863,0.08168672706483085,0.12118537677814878,0.37447923921614396,0.23371899479871755,0.23371899479871755,-6.313059902135113,0.03559685624269173,0.19812213855602584,0.24047638110784808,0.24047638110784808,-6.189275723389951,0.03662604819702822,0.2038503329108199,0.24020451675099438,0.24020451675099438,-6.194188304818632,0.036584641564945244,0.20361987518604918
100.0,135.0,0.10581060789307908,0.31282232121660364,0.09195203961490547,0.1393371219948841,0.37003202638312976,0.2282007913780965,0.2282007913780965,-6.416828538242702,0.04644892429735336,0.18175186708074315,0.23479863296439601,0.23479863296439601,-6.293044359497539,0.04779187601332787,0.18700675695106814,0.2345331874389481,0.2345331874389481,-6.297956940926221,0.047737846143220304,0.18679534129572775
100.0,140.0,0.10090007065966525,0.29423452706615655,0.10164122326811376,0.15644178174733606,0.3627116630612943,0.21926108527528135,0.21926108527528135,-6.590384405973408,0.05800691564914997,0.16125416962613143,0.22560045814927598,0.22560045814927598,-6.4666002272282475,0.05968403709141884,0.1659164210578572,0.22534541138261185,0.22534541138261185,-6.471512808656929,0.05961656284599175,0.16572884853662015
100.0,145.0,0.09447141262809887,0.27095148753402537,0.11054366169018005,0.17226302864387694,0.35246845047221426,0.20705180301090056,0.20705180301090056,-6.83920983300818,0.06982244200891037,0.13722936100199024,0.2130381757494604,0.2130381757494604,-6.715425654263018,0.0718411791428237,0.14119699660663673,0.21279733094645484,0.21279733094645484,-6.7203382356917,0.07175996095468691,0.14103736999176797
100.0,150.0,0.08642856731540954,0.24289832826607438,0.11845899410481343,0.18656051218336464,0.3395686279871736,0.1921735610868146,0.1921735610868146,-7.163063620572946,0.08139367908939645,0.11077988199741817,0.1977297675551133,0.1977297675551133,-7.039279441827784,0.0837469689159342,0.11398279863917912,0.19750622927730174,0.19750622927730174,-7.044192023256466,0.08365229094490899,0.11385393833239278
100.0,155.0,0.07679054147463896,0.2101966402007958,0.12521629105023838,0.19909397211685365,0.3246489551643676,0.17565743515215274,0.17565743515215274,-7.553334628533831,0.09219371012911738,0.08346372502303535,0.1807361201277423,0.1807361201277423,-7.429550449788669,0.09485925520024424,0.08587686492749805,0.1805317935787798,0.1805317935787798,-7.43446303121735,0.09475201452118949,0.08577977905759028
100.0,160.0,0.06568569203939868,0.17317557464254105,0.13068526425695326,0.20963112349135116,0.30875271014458294,0.15887665037942203,0.15887665037942203,-7.989399250487724,0.10170401432915159,0.05717263605027044,0.16347016192964506,0.16347016192964506,-7.865615071742561,0.10464452549557732,0.058825636434067755,0.16328535496343477,0.16328535496343477,-7.8705276531712425,0.10452622233211879,0.05875913263131597
100.0,165.0,0.05333047081932228,0.13237015005661096,0.134780019030379,0.2179599982156779,0.29332270641024016,0.1433936386021582,0.1433936386021582,-8.434701149252653,0.10945111201763469,0.03394252658452351,0.14753949851029757,0.14753949851029757,-8.310916970507492,0.11261561067767743,0.034923887832620126,0.14737270154384194,0.14737270154384194,-8.315829551936174,0.11248829600990205,0.03488440553393988
100.0,170.0,0.039999646222802276,0.0885046942018898,0.1374584410115557,0.22390477762469418,0.28010930909595,0.1307656276839596,0.1307656276839596,-8.835063972114549,0.11504424374265729,0.015721383941302337,0.1345463809897722,0.1345463809897722,-8.711279793369386,0.11837045348560271,0.0161759275041695,0.1343942730564847,0.1343942730564847,-8.71619237479807,0.1182366328290414,0.016157640227443308
100.0,175.0,0.025996194500331374,0.04246311122769572,0.13872004275035482,0.2273425791940471,0.2709369235060009,0.1223418119359042,0.1223418119359042,-9.124250916987897,0.11821037936265495,0.004131432573249202,0.12587901217810904,0.12587901217810904,-9.000466738242736,0.12162812981032509,0.004250882367783931,0.12573670291459835,0.12573670291459835,-9.005379319671416,0.12149062627199893,0.004246076642599386
100.0,180.0,0.011627336702104772,-0.004749832733107671,0.1386027299521622,0.22821758332988767,0.267304579012225,0.11908342443723888,0.11908342443723888,-9.241486850027009,0.11882050418177423,0.0002629202554646567,0.12252641674785356,0.12252641674785356,-9.117702671281847,0.12225589482639594,0.0002705219214576157,0.12238789767444898,0.12238789767444898,-9.122615252710528,0.12211768158455727,0.0002702160898917335
105.0,-180.0,0.010882210671547318,-0.004989627503596524,0.13293945627125847,0.17944996320047685,0.22364817731891964,0.08336221475853167,0.08336221475853167,-10.790307556012724,0.0831233555662969,0.00023885919223479458,0.08577241975360805,0.08577241975360805,-10.666523377267563,0.08552665455941649,0.0002457651941915779,0.08567545196149194,0.08567545196149194,-10.671435958696245,0.08542996461078817,0.00024548735070379713
105.0,-175.0,-0.0008250120653343178,-0.04795103962010628,0.1315925825297008,0.17804286041295497,0.2265300217772912,0.08552440306657576,0.08552440306657576,-10.679099483711598,0.08169118863104034,0.003833214435535417,0.0879971222004072,0.0879971222004072,-10.555315304966435,0.08405308018421684,0.003944042016190366,0.08789763932844374,0.08789763932844374,-10.560227886395117,0.0839580561470096,0.003939583181434138
105.0,-170.0,-0.01238081898503951,-0.0900055873514188,0.1290764565620372,0.17482372493113751,0.2355384403247667,0.09246174980264413,0.09246174980264413,-10.340378919660527,0.07870492317899311,0.013756826623651047,0.0951350445546292,0.0951350445546292,-10.216594740915363,0.08098047451280287,0.014154570041826367,0.09502749208904843,0.09502749208904843,-10.221507322344046,0.08088892413051706,0.014138567958531394
105.0,-165.0,-0.02356976028008828,-0.13013544603575436,0.12547298572031435,0.16991758569037935,0.2492112035744043,0.10350793475849941,0.10350793475849941,-9.850263565863408,0.07435734166242192,0.029150593096077496,0.10650060166529417,0.10650060166529417,-9.726479387118246,0.07650719380843904,0.029993407856855125,0.10638020016289763,0.10638020016289763,-9.731391968546927,0.07642070057802867,0.029959499584868952
105.0,-160.0,-0.034204864933934424,-0.1673891677791882,0.12085696070050073,0.1634679719759325,0.26555091618490895,0.11752604633722555,0.11752604633722555,-9.298658735882492,0.06887868196679611,0.04864736437042944,0.12092401104766493,0.12092401104766493,-9.174874557137331,0.07087013269554081,0.05005387835212413,0.1207873035326059,0.1207873035326059,-9.179787138566011,0.07079001229886547,0.04999729123374043
105.0,-155.0,-0.044137505869252996,-0.20093789838807422,0.11528708757426989,0.15561564853895796,0.28254468861497334,0.1330493672516606,0.1330493672516606,-8.759871864997827,0.06251076502226921,0.0705386022293914,0.13689614903967548,0.13689614903967548,-8.636087686252665,0.06431810373728697,0.07257804530238851,0.1367413846368557,0.1367413846368557,-8.641000267681346,0.06424539056759425,0.07249599406926145
105.0,-150.0,-0.05326883158343515,-0.23013020517192725,0.10880576807242215,0.1464806009263138,0.298484072212072,0.14848440411579036,0.14848440411579036,-8.283191595598872,0.05549079537640425,0.09299360873938611,0.15277745047411292,0.15277745047411292,-8.159407416853709,0.05709516964338333,0.0956822808307296,0.15260473187645462,0.15260473187645462,-8.16431999828239,0.05703062217513284,0.0955741097013218
105.0,-145.0,-0.06155851023250847,-0.254538113513927,0.1014484705490643,0.1361524419199462,0.31210315767512403,0.16234347705272376,0.16234347705272376,-7.8956515660323685,0.04804766740299802,0.11429580964972576,0.1670372230195738,0.1670372230195738,-7.771867387287205,0.04943684268237269,0.1176003803372011,0.16684838340464928,0.16684838340464928,-7.776779968715887,0.04938095313771635,0.11746743026693293
105.0,-140.0,-0.06902615911997229,-0.27398657979748064,0.09325927216426805,0.12469188592735567,0.3226121739995357,0.17346027145432422,0.17346027145432422,-7.607999783018449,0.04040797845918358,0.13305229299514057,0.17847543106731578,0.17847543106731578,-7.484215604273286,0.041576271693778755,0.13689915937353697,0.17827366028193645,0.17827366028193645,-7.48912818570197,0.04152926871447438,0.13674439156746204
105.0,-135.0,-0.07574259014449676,-0.28856121797253553,0.08430629507078298,0.11214231721549733,0.3296785816194518,0.18114234441482271,0.18114234441482271,-7.419800157484313,0.03280497830946844,0.1483373661053543,0.1863796114979141,0.1863796114979141,-7.296015978739151,0.033753450261825746,0.15262616123608838,0.18616890484565538,0.18616890484565538,-7.300928560167833,0.03371529117108781,0.1524536136745676
105.0,-130.0,-0.08181096886502613,-0.29859345736491905,0.07469074388105777,0.09854717181952423,0.3333786731374738,0.18523120229218382,0.18523120229218382,-7.322858543607854,0.025483153465211163,0.1597480488269726,0.19058668823148864,0.19058668823148864,-7.1990743648626925,0.02621993359935298,0.16436675463213563,0.19037122537737283,0.19037122537737283,-7.203986946291375,0.026190291331152273,0.16418093404622056
105.0,-125.0,-0.08734101135553984,-0.3046263244349304,0.06454592362707903,0.08396714553238324,0.33412917799718295,0.18606612909901554,0.18606612909901554,-7.3033267729475595,0.018693989229431003,0.1673721398695845,0.19144575480915274,0.19144575480915274,-7.179542594202397,0.019234478063001343,0.17221127674615136,0.19122932075952262,0.19122932075952262,-7.184455175631079,0.01921273302099795,0.17201658773852463
105.0,-120.0,-0.09242153702866847,-0.3073660425724277,0.0540264706043174,0.06849172166004149,0.33260426950851485,0.1843716565296202,0.1843716565296202,-7.343058422785878,0.01268299363668603,0.17168866289293414,0.18970229090402324,0.18970229090402324,-7.219274244040717,0.013049689923537434,0.1766526009804858,0.18948782788244625,0.18948782788244625,-7.224186825469397,0.013034936933901368,0.17645289094854483
105.0,-115.0,-0.09709754210444121,-0.30762437856446817,0.043291229633732865,0.05224188103637951,0.3296422844043506,0.18110245950231718,0.18110245950231718,-7.420756516128801,0.00767206041557328,0.1734303990867439,0.18633857341528676,0.18633857341528676,-7.296972337383638,0.007893878398573187,0.17844469501671356,0.1861279131575716,0.1861279131575716,-7.30188491881232,0.007884954178389804,0.1782429589791818
105.0,-110.0,-0.10135725197016122,-0.3062552452469939,0.032484636259304214,0.035364116191416696,0.32614634763421535,0.177281556865688,0.177281556865688,-7.513364430120858,0.0038430299731941975,0.17343852689249376,0.18240719916214423,0.18240719916214423,-7.389580251375696,0.003954141344988371,0.17845305781715587,0.18220098341797328,0.18220098341797328,-7.394492832804377,0.003949671092697016,0.1782513123252762
105.0,-105.0,-0.10513244213489684,-0.3040880734670769,0.021721075063304472,0.018018770365667444,0.32298431541107714,0.1738606840023931,0.1738606840023931,-7.597986161069038,0.0013274373724386673,0.17253324662995445,0.17888742051897633,0.17888742051897633,-7.474201982323876,0.0013658168252275616,0.17752160369374878,0.17868518396957153,0.17868518396957153,-7.479114563752557,0.0013642727363192878,0.17732091123325225
105.0,-100.0,-0.10831213669185599,-0.3018608757713084,0.011075182447123327,0.00036725144392918906,0.3208960919301398,0.17161979315320905,0.17161979315320905,-7.654326258025733,0.00020465274500028894,0.1714151404082087,0.17658174004857397,0.17658174004857397,-7.530542079280571,0.0002105697551191367,0.17637117029345478,0.176382110126628,0.176382110126628,-7.535454660709253,0.00021033170092527124,0.17617177842570267
105.0,-95.0,-0.11076639163077376,-0.30015757973612994,0.0005792495061247374,-0.01743756707484152,0.3204187423722793,0.17110958625221534,0.17110958625221534,-7.667256588410398,0.0005073285069332158,0.17060225774528218,0.1760567818213966,0.1760567818213966,-7.543472409665235,0.0005219966117226215,0.17553478520967403,0.17585774537740528,0.17585774537740528,-7.548384991093917,0.0005214064819457511,0.17533633889545958
105.0,-90.0,-0.11237418416398949,-0.2993559918438714,-0.009772705490782699,-0.03525514648041234,0.32183908750385676,0.1726299300707624,0.1726299300707624,-7.6288390538968445,0.0022306659908049127,0.17039926407995748,0.17762108248869476,0.17762108248869476,-7.505054875151681,0.0022951599864234106,0.1753259225022713,0.17742027756501794,0.17742027756501794,-7.5099674565803625,0.0022925652526258095,0.17512771231239202
105.0,-85.0,-0.11304824508250814,-0.2995932829014687,-0.020015714986932876,-0.05295504734774492,0.32517826920314696,0.17623069276778722,0.17623069276778722,-7.539184515491105,0.005341317306803141,0.17088937546098412,0.1813259520195362,0.1813259520195362,-7.415400336745942,0.005495747820560903,0.17583020419897533,0.18112095865137434,0.18112095865137434,-7.4203129181746235,0.005489534744915869,0.17563142390645847
105.0,-80.0,-0.11275039144071605,-0.3007543095513872,-0.030201461355804492,-0.07041058374587757,0.3302053664845981,0.18172169222693677,0.18172169222693677,-7.405932276058219,0.009782733813422756,0.17193895841351403,0.18697570966862515,0.18697570966862515,-7.282148097313056,0.01006557651345072,0.1769101331551744,0.18676432911298743,0.18676432911298743,-7.287060678741738,0.010054197136097384,0.17671013197689006
105.0,-75.0,-0.11149345140410512,-0.30248456443326005,-0.040384467373467715,-0.08749158874331145,0.33647196723092104,0.18868452931716653,0.18868452931716653,-7.242637071886704,0.015475774247890971,0.1732087550692756,0.19413985936533237,0.19413985936533237,-7.118852893141542,0.01592321663534414,0.17821664272998827,0.19392037956543318,0.19392037956543318,-7.123765474570224,0.015905215054358653,0.17801516451107458
105.0,-70.0,-0.10932962217572914,-0.30422522727715784,-0.050608045451585926,-0.10405964780624681,0.343359199327637,0.19648793719372948,0.19648793719372948,-7.066641067186158,0.02231544854489824,0.1741724886488312,0.20216888280042133,0.20216888280042133,-6.9428568884409945,0.02296064260201486,0.17920824019840642,0.201940325995611,0.201940325995611,-6.947769469869676,0.022934685041005386,0.17900564095460555
105.0,-65.0,-0.10632902206603217,-0.3052642796678118,-0.06089070458990141,-0.11996818251153836,0.35013166679865326,0.20431549333740992,0.20431549333740992,-6.896986993694229,0.030166027183355065,0.1741494661540549,0.21022275268794105,0.21022275268794105,-6.773202814949068,0.031038200620799535,0.1791845520671416,0.20998509078870495,0.20998509078870495,-6.778115396377748,0.03100311118535978,0.17898197960334522
105.0,-60.0,-0.10255503330897307,-0.304796241213623,-0.07121390659074658,-0.1350680280088807,0.35599589351154176,0.21121681758492578,0.21121681758492578,-6.752715052028458,0.038857072366115554,0.1723597452188102,0.21732361105558784,0.21732361105558784,-6.628930873283295,0.03998052512204502,0.17734308593354275,0.2170779214644664,0.2170779214644664,-6.633843454711977,0.03993532617278063,0.1771425952916857
105.0,-55.0,-0.09804376632413972,-0.30198410395830916,-0.08151295958419363,-0.14921720887392037,0.3601626259939015,0.21619010202841965,0.21619010202841965,-6.65164193513335,0.04818242820613703,0.16800767382228263,0.22244068528492605,0.22244068528492605,-6.527857756388188,0.04957549974908636,0.1728651855358397,0.22218921071780023,0.22218921071780023,-6.53277033781687,0.049519453449267246,0.172669757268533
105.0,-50.0,-0.09279334611954079,-0.2960196276032295,-0.09167375351310292,-0.1622921137280866,0.3619130175496965,0.2182965775836039,0.2182965775836039,-6.6095307303207385,0.05790331461954916,0.16039326296405465,0.22460806418726606,0.22460806418726606,-6.485746551575576,0.05957744070331223,0.16503062348395375,0.22435413934594436,0.22435413934594436,-6.490659133004258,0.059510086967676415,0.16484405237826788
105.0,-45.0,-0.08676544773451797,-0.2861806772897328,-0.10153790792601863,-0.17419667947813433,0.36066889644351374,0.2167983138644316,0.2167983138644316,-6.639440998191706,0.06775578688037688,0.14904252698405474,0.22306648200888113,0.22306648200888113,-6.515656819446544,0.06971477197281292,0.15335171003606826,0.22281429996344457,0.22281429996344457,-6.5205694008752255,0.06963595773933903,0.1531783422241056
105.0,-40.0,-0.07989796918286746,-0.271885197730702,-0.11091706863020093,-0.1848666802186091,0.3560667518783178,0.21130090826398318,0.21130090826398318,-6.750986361555038,0.07746198434676714,0.13383892391721605,0.21741013300132028,0.21741013300132028,-6.627202182809874,0.07970159928672409,0.1377085337145962,0.2171643455950495,0.2171643455950495,-6.6321147642385565,0.0796114947037689,0.13755285089128064
105.0,-35.0,-0.0721252131256104,-0.25274019419119964,-0.11961401522064391,-0.1942676111441682,0.348033144262276,0.20187369321381388,0.20187369321381388,-6.949202716281856,0.08674365202625176,0.1151300411875621,0.20771035416587494,0.20771035416587494,-6.825418537536693,0.08925162262192793,0.11845873154394701,0.20747553259384774,0.20747553259384774,-6.8303311189653755,0.0891507215069391,0.11832481108690862
105.0,-30.0,-0.06340097240550273,-0.22858164324875546,-0.12744542641445455,-0.2023865940025349,0.3368559351980809,0.18911541307581495,0.18911541307581495,-7.232730743226373,0.09533553755761699,0.09377987551819798,0.1945832010246064,0.1945832010246064,-7.1089465644812115,0.09809192052435126,0.09649128050025516,0.1943632200162538,0.1943632200162538,-7.113859145909892,0.09798102523907193,0.09638219477718189
105.0,-25.0,-0.053720134669534556,-0.19949949604881145,-0.13426023670610204,-0.20922071108471677,0.3232414250986648,0.17413759564236173,0.17413759564236173,-7.591074562384222,0.10299610201709827,0.07114149362526341,0.17917233834999663,0.17917233834999663,-7.467290383639059,0.10597397059069684,0.07319836775929973,0.1789697796941025,0.1789697796941025,-7.472202965067741,0.1058541644574494,0.07311561523665305
105.0,-20.0,-0.043135138274836594,-0.16584259879852536,-0.13994917120494094,-0.21476559293543157,0.3083414311442679,0.15845366390871746,0.15845366390871746,-8.000977142083523,0.10951413732923163,0.048939526579485824,0.1630349458881752,0.1630349458881752,-7.877192963338359,0.11268045820478613,0.05035448768338906,0.16285063094421115,0.16285063094421115,-7.882105544767041,0.11255307022531513,0.05029756071889601
105.0,-15.0,-0.03176441863954494,-0.12820177709400915,-0.14444445894121163,-0.2190083164745395,0.2937235406728608,0.14378580977891683,0.14378580977891683,-8.422839723592805,0.11471203816135371,0.02907377161756312,0.14794300831249801,0.14794300831249801,-8.299055544847642,0.11802864303051107,0.029914365281986953,0.1477757551684654,0.1477757551684654,-8.303968126276324,0.11789520879892466,0.029880546369540715
105.0,-10.0,-0.019790994602597617,-0.08737405962984734,-0.14771213157104213,-0.22192735306196598,0.28124105961596635,0.13182445035855841,0.13182445035855841,-8.80004030781575,0.1184482492171392,0.01337620114141921,0.135635816810946,0.135635816810946,-8.676256129070588,0.12187287706259822,0.013762939748347781,0.1354824772441505,0.1354824772441505,-8.681168710499268,0.12173509683159218,0.013747380412558284
105.0,-5.0,-0.00745086466244658,-0.044314627586184215,-0.14974111981079224,-0.22349968071397255,0.2727522902630847,0.12398676539039334,0.12398676539039334,-9.066246698754519,0.12062134200618567,0.0033654233842077106,0.127571525249916,0.127571525249916,-8.942462520009357,0.12410879926554756,0.003462725984368464,0.12742730255949986,0.12742730255949986,-8.947375101438038,0.12396849127048885,0.003458811289011007
105.0,0.0,0.0049870981666163775,-8.371358257877647e-05,-0.15053307514606357,-0.22371218013325464,0.26968912549265234,0.12121751824007011,0.12121751824007011,-9.164346118098914,0.12117605562341284,4.146261665727455e-05,0.12472221240875615,0.12472221240875615,-9.040561939353752,0.12467955100670114,4.2661402055020634e-05,0.12458121093532384,0.12458121093532384,-9.045474520782435,0.12453859776301421,4.261317230963469e-05
105.0,5.0,0.01724607727084769,0.044206729198316544,-0.15009520782595992,-0.2225723742975159,0.27261455445444754,0.12386157410085162,0.12386157410085162,-9.070634050387852,0.12010889236455814,0.0037526817362935074,0.12744271437478302,0.12744271437478302,-8.946849871642687,0.12358153345463332,0.0038611809201497148,0.12729863730817229,0.12729863730817229,-8.95176245307137,0.12344182154630846,0.003856815761863831
105.0,10.0,0.02906621760928735,0.08744543896668347,-0.1484367314191512,-0.22011348603882247,0.28102483835552783,0.1316218320634602,0.1316218320634602,-8.806720684857735,0.11746958247399565,0.014152249589464554,0.13542734032663878,0.13542734032663878,-8.682936506112572,0.12086591467640255,0.014561425650236192,0.13527423644754388,0.13527423644754388,-8.687849087541256,0.12072927284069439,0.014544963606849492
105.0,15.0,0.04022482854579316,0.12857465075832908,-0.14556864587360024,-0.21639089129715802,0.29353828736132,0.14360449371991751,0.14360449371991751,-8.428319697926876,0.11335607692993972,0.030248416789977788,0.14775644996390322,0.14775644996390322,-8.304535519181712,0.11663347765195978,0.031122972311943397,0.14758940772858944,0.14758940772858944,-8.309448100610394,0.11650162068853001,0.031087787040059385
105.0,20.0,0.05054871285305603,0.16664423233835243,-0.14150656951325696,-0.21147055521545013,0.30833322474439967,0.15844522964272978,0.15844522964272978,-8.001208317089354,0.10790396611121286,0.050541263531516924,0.16302626776698198,0.16302626776698198,-7.87742413834419,0.11102373300875898,0.052002534758222994,0.16284196263384354,0.16284196263384354,-7.882336719772872,0.11089821799713552,0.05194374463670804
105.0,25.0,0.059917731196283325,0.20086510754200576,-0.13627641482707692,-0.20541349289119257,0.32357825983748223,0.17450070598720663,0.17450070598720663,-7.582028116519193,0.1012742212375637,0.07322648474964294,0.17954594710073735,0.17954594710073735,-7.45824393777403,0.10420230603720929,0.07534364106352807,0.17934296607112704,0.17934296607112704,-7.4631565192027125,0.10408450281352898,0.07525846325759808
105.0,30.0,0.06826096325619802,0.23065628018345474,-0.12992215575413169,-0.19826220727013913,0.33771222672589285,0.19007810206571313,0.19007810206571313,-7.210679131177922,0.09364390948004105,0.09643419258567208,0.19557372370173176,0.19557372370173176,-7.086894952432759,0.09635138335223896,0.09922234034949283,0.19535262288356947,0.19535262288356947,-7.0918075338614415,0.09624245578627035,0.09911016709729914
105.0,35.0,0.0755483326391193,0.2556779133023925,-0.12251371433611499,-0.19003457914269492,0.3495733075988342,0.2036643641614001,0.2036643641614001,-6.91084954318275,0.08520257848839181,0.11846178567300818,0.2095527977789897,0.2095527977789897,-6.787065364437588,0.08766599288856036,0.12188680489042926,0.20931589327995898,0.20931589327995898,-6.791977945866269,0.0875668843662814,0.12174900891367747
105.0,40.0,0.08178094059990143,0.27584427935579525,-0.11415190046085316,-0.18072799241945486,0.35842914546882715,0.2141140428696439,0.2141140428696439,-6.6935484816190804,0.07615364526042555,0.13796039760921835,0.22030460219121709,0.22030460219121709,-6.569764302873918,0.07835543292563592,0.14194916926558118,0.22005554251761958,0.22005554251761958,-6.5746768843026,0.07826685021626469,0.14178869230135493
105.0,45.0,0.08698265977219369,0.29131449724450664,-0.1049674379329161,-0.1703326635151397,0.3639526050081621,0.22076396348806115,0.22076396348806115,-6.560718174263878,0.06671739367591657,0.15404656981214454,0.22714678823753587,0.22714678823753587,-6.436933995518716,0.06864635628759808,0.15850043194993782,0.22688999330735984,0.22688999330735984,-6.441846576947397,0.0685687499238608,0.158321243383499
105.0,50.0,0.09119421800910754,0.30246373600208154,-0.09511285485047763,-0.15884971657999195,0.3661698849031434,0.2234620431200059,0.2234620431200059,-6.507962347846793,0.057131466726653674,0.16633057639335228,0.22992287593374414,0.22992287593374414,-6.38417816910163,0.05878327680487054,0.1711395991288736,0.22966294256937914,0.22966294256937914,-6.389090750530312,0.058716820890702646,0.1709461216786765
105.0,55.0,0.09446968794501576,0.3098406518718323,-0.0847487398299468,-0.1463078054681488,0.36539577766643705,0.22251821489987542,0.22251821489987542,-6.526344327427296,0.04764608224091562,0.17487213265895984,0.2289517593372522,0.2289517593372522,-6.402560148682133,0.04902364671356684,0.1799281126236854,0.22869292384365406,0.22869292384365406,-6.407472730110815,0.0489682242969328,0.1797246995467213
105.0,60.0,0.09687452576329722,0.31411707360814317,-0.0740281248448549,-0.1327726404175247,0.36216425415202713,0.21859976163014097,0.21859976163014097,-6.603503159580034,0.038513654838993674,0.18008610679114734,0.22492001402422163,0.22492001402422163,-6.479718980834871,0.03962717855642934,0.18529283546779227,0.224665736516075,0.224665736516075,-6.484631562263553,0.03958237907399144,0.18508335744208354
105.0,65.0,0.09848426315477546,0.3160339727234691,-0.06308330632256084,-0.11834637524737579,0.35715821434666206,0.21259830816861786,0.21259830816861786,-6.724401958614385,0.029974907269637606,0.1826234008989803,0.2187450439022717,0.2187450439022717,-6.600617779869222,0.030841554964129644,0.18790348893814207,0.2184977473469865,0.2184977473469865,-6.6055303612979035,0.030806687841354163,0.18769105950563236
105.0,70.0,0.09938342506735731,0.31634536682169623,-0.0520180687232667,-0.10315744276274359,0.35113927971492986,0.205493148365452,0.205493148365452,-6.872026539664178,0.02224503837879348,0.18324810998665858,0.2114344565957938,0.2114344565957938,-6.748242360919016,0.022888196706238793,0.18854625988955506,0.21119542483602463,0.21119542483602463,-6.753154942347698,0.022862321047064215,0.1883331037889605
105.0,75.0,0.09966473897551183,0.31576078774079164,-0.04090595502172423,-0.08734470930149078,0.3448772689942662,0.1982292143475297,0.1982292143475297,-7.0283234028995265,0.015503627080593186,0.1827255872669365,0.203960504524673,0.203960504524673,-6.904539224154364,0.01595187476138819,0.18800862976328478,0.20372992224823191,0.20372992224823191,-6.909451805583046,0.015933840781699057,0.18779608146653287
105.0,80.0,0.0994287680170378,0.3148880070235899,-0.029793245889313594,-0.0710415321369401,0.339079745289599,0.19162060836815947,0.19162060836815947,-7.17557785344772,0.009890661633280434,0.181729946734879,0.19716082762440526,0.19716082762440526,-7.051793674702558,0.010176624789875948,0.18698420283452924,0.1969379325469265,0.1969379325469265,-7.056706256131239,0.010165119869764063,0.18677281267716236
105.0,85.0,0.09878358357247424,0.31418019502732464,-0.01870447836768799,-0.05436489097377186,0.33432437872884047,0.18628359501463554,0.18628359501463554,-7.298253893781668,0.005508868352047924,0.18077472666258762,0.19166950819491257,0.19166950819491257,-7.174469715036506,0.005668143175273099,0.1860013650196395,0.19145282118667578,0.19145282118667578,-7.179382296465187,0.005661735202515852,0.18579108598415994
105.0,90.0,0.09784322833047518,0.3138940617268198,-0.0076486319227063535,-0.03741255511483438,0.3309999700422941,0.18259733178561513,0.18259733178561513,-7.385055729093337,0.00243027749571312,0.180167054289902,0.18787666610311257,0.18787666610311257,-7.261271550348175,0.0025005427469010394,0.18537612335621156,0.1876642669944657,0.1876642669944657,-7.266184131776856,0.002497715822932292,0.1851665511715334
105.0,95.0,0.09672303986093314,0.31406621046874994,0.003375009671270205,-0.020268240899723153,0.32926451870432555,0.1806876152927916,0.1806876152927916,-7.430716138714255,0.0007036372220284542,0.17998397807076316,0.18591173504762998,0.18591173504762998,-7.306931959969093,0.0007239810906764628,0.18518775395695358,0.18570155734099852,0.18570155734099852,-7.311844541397775,0.0007231626125677843,0.18497839472843078
105.0,100.0,0.09552999616500704,0.3145130663814437,0.01437138531797895,-0.0030120794270926633,0.32902896290505745,0.18042917996927124,0.18042917996927124,-7.436932246941154,0.0003593404316531917,0.18006983953761796,0.18564582772844038,0.18564582772844038,-7.313148068195994,0.00036972984016173647,0.1852760978882786,0.1854359506364555,0.1854359506364555,-7.318060649624675,0.000369311851647679,0.18506663878480778
105.0,105.0,0.09434746437416884,0.3148555567567066,0.02534395691711207,0.014267688650153803,0.3299717393142099,0.18146463943422966,0.18146463943422966,-7.412079898825903,0.0014097719397738462,0.18005486749445587,0.18671122485258737,0.18671122485258737,-7.288295720080741,0.0014505318857638094,0.18526069296682363,0.18650014330342207,0.18650014330342207,-7.293208301509422,0.0014488920244335522,0.18505125127898855
105.0,110.0,0.09321595887666989,0.31456449953431304,0.03628791252475331,0.031465732547148705,0.33158248487624115,0.18324059014553606,0.18324059014553606,-7.369783182027804,0.0038447509547052954,0.17939583919083074,0.1885385226314807,0.1885385226314807,-7.245999003282641,0.003955912084273377,0.1845826105472073,0.18832537527804324,0.18832537527804324,-7.250911584711323,0.003951439830118495,0.18437393544792471
105.0,115.0,0.09211405765994496,0.3130182488913696,0.04718179035143078,0.04845584436017217,0.3332259202868569,0.18506149670382716,0.18506149670382716,-7.326839297532056,0.0076233040575685316,0.17743819264625857,0.19041207604056712,0.19041207604056712,-7.203055118786893,0.007843712375314879,0.18256836366525217,0.19019681058975044,0.19019681058975044,-7.207967700215574,0.007834844869032406,0.18236196572071797
105.0,120.0,0.09094540629747401,0.30956225263007,0.05797818507194677,0.0650926800217407,0.33421307891323687,0.18615958444327946,0.18615958444327946,-7.301145991787399,0.012663913210760023,0.17349567123251952,0.19154191217540845,0.19154191217540845,-7.1773618130422365,0.013030057835950225,0.17851185433945826,0.1913253694175534,0.1913253694175534,-7.182274394470918,0.013015327040863332,0.17831004237669013
105.0,125.0,0.08953772362485042,0.3035615990896976,0.06859574783977151,0.08121738351380012,0.3338686693901355,0.18577610395052266,0.18577610395052266,-7.310101492758836,0.018835622927329494,0.1669404810231932,0.19114734432608568,0.19114734432608568,-7.186317314013674,0.019380206736628765,0.17176713758945694,0.19093124763671396,0.19093124763671396,-7.191229895442355,0.01935829694484018,0.17157295069187375
105.0,130.0,0.08765745254290185,0.2944418241926686,0.07891573103706331,0.09666440058671397,0.33158937824683155,0.18324820911506945,0.18324820911506945,-7.369602610264996,0.02595222016570835,0.15729598894936103,0.18854636188401014,0.18854636188401014,-7.245818431519833,0.026702562162473863,0.1618437997215362,0.18833320566810835,0.18833320566810835,-7.250731012948515,0.026672374271026054,0.16166083139708226
105.0,135.0,0.08503962569530875,0.28171840910169293,0.08878584846504164,0.11126701200505247,0.3268948987264513,0.1780962622356982,0.1780962622356982,-7.4934519512095115,0.033771329125063115,0.14432493311063513,0.18324545965191705,0.18324545965191705,-7.369667772464349,0.034747740636961746,0.14849771901495537,0.18303829623401666,0.18303829623401666,-7.37458035389303,0.03470845747694051,0.14832983875707617
105.0,140.0,0.08142792332423844,0.2650192042491212,0.0980319557546466,0.12486036131757253,0.31947779186536773,0.17010609161320353,0.17010609161320353,-7.692801337323453,0.04199963415572736,0.12810645745747615,0.17502427370429421,0.17502427370429421,-7.56901715857829,0.0432139460394355,0.13181032766485865,0.1748264045356665,0.1748264045356665,-7.573929740006972,0.043165091629730076,0.1316613129059364
105.0,145.0,0.0766164217983997,0.24410475884243005,0.10647497268987952,0.13728232811265292,0.30925809092091977,0.15939718941337233,0.15939718941337233,-7.975193406125829,0.05030441057589329,0.1090927788374791,0.1640057510169486,0.1640057510169486,-7.851409227380666,0.05175883380583731,0.11224691721111132,0.16382033855433947,0.16382033855433947,-7.856321808809348,0.051700319194134925,0.11212001936020462
105.0,150.0,0.07048349674517265,0.21888908201383617,0.11394833445466643,0.1483737805888584,0.29644452302161,0.14646214153381218,0.14646214153381218,-8.342746200044534,0.05833029527645814,0.08813184625735405,0.15069671934747628,0.15069671934747628,-8.21896202129937,0.06001676641265371,0.09067995293482256,0.15052635306661066,0.15052635306661066,-8.223874602728053,0.059948916008692836,0.09057743705791782
105.0,155.0,0.06301026314809745,0.1894593088335904,0.12031143888607997,0.1579801325010098,0.2815984509147198,0.1321596990331672,0.1321596990331672,-8.789009590399123,0.06571939269710413,0.06644030633606306,0.1359807583425941,0.1359807583425941,-8.66522541165396,0.06761950066581349,0.0683612576767806,0.13582702881106598,0.13582702881106598,-8.670137993082642,0.06754305518715736,0.06828397362390859
105.0,160.0,0.054280280971454396,0.15608954238456635,0.12545695853777927,0.165955734572294,0.2656897597333084,0.11764897567528605,0.11764897567528605,-9.294118497077436,0.0721328910860659,0.04551608458922015,0.1210504945727812,0.1210504945727812,-9.170334318332273,0.07421842893925908,0.046832065633522116,0.1209136440650422,0.1209136440650422,-9.175246899760955,0.0741345232128118,0.04677912085223036
105.0,165.0,0.04446259936585731,0.11924364120527282,0.12931292785036697,0.17217168717489323,0.25012175412015664,0.10426569673488192,0.10426569673488192,-9.818585503380657,0.07727305147338334,0.026992645261498555,0.10728027238901318,0.10728027238901318,-9.694801324635495,0.0795072039030593,0.027773068485953862,0.10715898945003278,0.10715898945003278,-9.699713906064177,0.07941731908878041,0.027741670361252368
105.0,170.0,0.033784663283140164,0.07956405893701418,0.131842225578895,0.17652644068641982,0.2366765718331668,0.0933574666738269,0.0933574666738269,-10.298509417153127,0.08090468847052036,0.012452778203306515,0.09605665878570521,0.09605665878570521,-10.174725238407966,0.08324384038534866,0.012812818400356533,0.09594806441297728,0.09594806441297728,-10.179637819836646,0.08314973121327889,0.012798333199698367
105.0,175.0,0.02250349662329106,0.037847443616023935,0.13304150002480883,0.17895730034378024,0.22729846551115948,0.08610562546901539,0.08610562546901539,-10.649684742101908,0.0828743076816975,0.003231317787317898,0.08859514916042327,0.08859514916042327,-10.525900563356746,0.08527040609290823,0.003324743067515071,0.08849499020453791,0.08849499020453791,-10.530813144785427,0.08517400583936023,0.0033209843651776953
105.0,180.0,0.010882210671547312,-0.004989627503596537,0.13293945627125847,0.17944996320047685,0.22364817731891964,0.08336221475853167,0.08336221475853167,-10.790307556012724,0.0831233555662969,0.00023885919223479466,0.08577241975360805,0.08577241975360805,-10.666523377267563,0.08552665455941649,0.000245765194191578,0.08567545196149194,0.08567545196149194,-10.671435958696245,0.08542996461078817,0.0002454873507037972
110.0,-180.0,0.010168818568529877,-0.005114619088488802,0.1310485742110943,0.13564889202483701,0.1889547959429096,0.05950512296292114,0.05950512296292114,-12.2544564303192,0.05928918771765986,0.00021593524526126266,0.061225561233584865,0.061225561233584865,-12.13067225157404,0.061003382773597965,0.0002221784599868944,0.06115634425788401,0.06115634425788401,-12.135584833002719,0.060934416976012186,0.00022192728187180128
110.0,-175.0,0.0013877370514422931,-0.044073061667945786,0.12972570677219208,0.1344529163073981,0.1919653778159475,0.061416396885360436,0.061416396885360436,-12.117156658920731,0.05817587226433398,0.003240524621026428,0.06319209474777285,0.06319209474777285,-11.99337248017557,0.05985787865452617,0.003334216093246659,0.06312065455843827,0.06312065455843827,-11.99828506160425,0.05979020787701335,0.0033304466814249004
110.0,-170.0,-0.007308168650568592,-0.08223458091453717,0.12724488063183398,0.13202766894807455,0.20109326354228466,0.06739591328348322,0.06739591328348322,-11.713664371774708,0.05603628819393486,0.011359625089548376,0.06934449355230295,0.06934449355230295,-11.589880193029545,0.057656433989026507,0.011688059563276442,0.06926609792752644,0.06926609792752644,-11.594792774458227,0.05759125199787755,0.011674845929648892
110.0,-165.0,-0.015744346929426917,-0.11865679716796382,0.1236751423306675,0.12847122479039091,0.21477363991897952,0.07687771617073152,0.07687771617073152,-11.141995268637231,0.052999412097954446,0.023878304072777086,0.07910043849236705,0.07910043849236705,-11.018211089892066,0.054531754396495984,0.02456868409587106,0.07901101353620917,0.07901101353620917,-11.02312367132075,0.054470104931093985,0.024540908605115194
110.0,-160.0,-0.023771719692301997,-0.15245735194612642,0.11908249098536366,0.12387907120196157,0.23094372206382732,0.08888957710991438,0.08888957710991438,-10.511491599412192,0.04920994722679029,0.03967962988312409,0.09145959163485377,0.09145959163485377,-10.387707420667029,0.05063272685131216,0.040826864783541604,0.09135619435756874,0.09135619435756874,-10.392620002095711,0.05057548533071972,0.04078070902684901
110.0,-155.0,-0.03127587271757462,-0.18286745036758384,0.1135224352829202,0.11832719063397737,0.24760321478947137,0.10217651277072512,0.10217651277072512,-9.906489236372666,0.04481338983029052,0.05736312294043461,0.10513068501978097,0.10513068501978097,-9.782705057627505,0.04610905425485186,0.05902163076492912,0.10501183224123856,0.10501183224123856,-9.787617639056185,0.046056926855385934,0.05895490538585262
110.0,-150.0,-0.038187459608031445,-0.2092831811797645,0.10703962000256961,0.11185928313321654,0.2631115950873484,0.11537680094277372,0.11537680094277372,-9.378815069116044,0.039949024626123264,0.07542777631665042,0.1187126257256649,0.1187126257256649,-9.255030890370882,0.04110404838576321,0.07760857733990166,0.118578418235122,0.118578418235122,-9.259943471799565,0.04105757926631373,0.07752083896880824
110.0,-145.0,-0.04448956258190528,-0.23130811472868998,0.09967544672169917,0.10448238024721766,0.2762870383846563,0.1272212154156918,0.1272212154156918,-8.954404596806722,0.034752118707056835,0.09246909670863498,0.1308994911160529,0.1308994911160529,-8.830620418061558,0.03575688723845749,0.09514260387759543,0.1307515060798477,0.1307515060798477,-8.83553299949024,0.03571646321383025,0.09503504286601745
110.0,-140.0,-0.05021735826704437,-0.2487805221746876,0.0914810631202434,0.09617282603168864,0.28641146740548346,0.13671599353065064,0.13671599353065064,-8.641806771233735,0.029362637203753476,0.10735335632689715,0.14066878642931435,0.14066878642931435,-8.518022592488574,0.030211582676976517,0.11045720375233785,0.14050975696880846,0.14050975696880846,-8.522935173917256,0.030177427753086822,0.11033232921572163
110.0,-135.0,-0.055447349917985306,-0.2617807659569642,0.08253055530916756,0.08689144499989804,0.29319787484180754,0.14327161433681318,0.14327161433681318,-8.438398455972257,0.023935129066392394,0.11933648527042079,0.14741394622575696,0.14741394622575696,-8.314614277227093,0.024627152038679278,0.12278679418707769,0.14724729119919133,0.14724729119919133,-8.319526858655776,0.024599310448501943,0.12264798075068942
110.0,-130.0,-0.06027674780113842,-0.2706180421770038,0.07292887481498989,0.07660388224172249,0.29673925698073855,0.1467535203424763,0.1467535203424763,-8.334114720430435,0.01864418668699213,0.12810933365548421,0.15099652262833244,0.15099652262833244,-8.210330541685273,0.019183235607564696,0.13181328702076778,0.15082581741261694,0.15082581741261694,-8.215243123113956,0.019161548496394783,0.1316642689162222
110.0,-125.0,-0.0647969480210834,-0.2757990418179713,0.0628109928863515,0.06530064827424217,0.2974443669545007,0.1474517785579501,0.1474517785579501,-8.313499846364623,0.013682003485068725,0.13376977507288138,0.1517149691922524,0.1517149691922524,-8.189715667619462,0.014077583583772738,0.13763738560847966,0.15154345175534442,0.15154345175534442,-8.194628249048142,0.014061668535527979,0.1374817832198164
110.0,-120.0,-0.06906727773840642,-0.2779829224565158,0.05233194655903794,0.05301180514495924,0.2959622917654284,0.14598602427992782,0.14598602427992782,-8.356887186582272,0.009247922319636616,0.13673810196029126,0.15020683638226962,0.15020683638226962,-8.233103007837109,0.009515302314679099,0.14069153406759055,0.15003702392592788,0.15003702392592788,-8.23801558926579,0.009504545035597755,0.14053247889033016
110.0,-115.0,-0.0730955693698348,-0.2779270285527845,0.04165039742847627,0.039813234330487585,0.29309767091446665,0.14317370144977334,0.14317370144977334,-8.4413674714081,0.005532951705010829,0.1376407497447625,0.14731320243828927,0.14731320243828927,-8.317583292662937,0.0056929228367227375,0.14162027960156653,0.14714666130500856,0.14714666130500856,-8.322495874091619,0.005686486849959741,0.1414601744550488
110.0,-110.0,-0.07683063938099544,-0.27642689990282143,0.030910032969327515,0.02582420443608065,0.28971899801445267,0.13989186729183545,0.13989186729183545,-8.542075327772512,0.0027038024224000376,0.13718806486943538,0.14393648244864227,0.14393648244864227,-8.41829114902735,0.002781975946496592,0.14115450650214567,0.14377375877886478,0.14377375877886478,-8.42320373045603,0.002778830855498497,0.14099492792336626
110.0,-105.0,-0.080168844423293,-0.2742534463839435,0.020223318941646064,0.011198468184280608,0.2866642370236068,0.1369574147212599,0.1369574147212599,-8.634144505559988,0.0008906262154696793,0.1360667885057902,0.14091718769550357,0.14091718769550357,-8.510360326814824,0.0009163763920873333,0.1400008113034162,0.14075787741136683,0.14075787741136683,-8.515272908243507,0.000915340406443658,0.13984253700492313
110.0,-100.0,-0.08297337949676188,-0.27209047544912324,0.009661084527960356,-0.0038874790222385063,0.28465111554787265,0.13504058120399062,0.13504058120399062,-8.695357015452656,0.0001807441541727006,0.13485983704981794,0.13894493384503614,0.13894493384503614,-8.571572836707492,0.0001859699086044867,0.13875896393643167,0.13878785324151144,0.13878785324151144,-8.576485418136174,0.00018575966513124418,0.13860209357638018
110.0,-95.0,-0.08510179274514977,-0.27047692495312786,-0.0007502504209996039,-0.01924538922000581,0.28420244534919487,0.13461521182499742,0.13461521182499742,-8.709058610751011,0.0006182319048892687,0.13399697992010817,0.13850726599958577,0.13850726599958577,-8.58527443200585,0.0006361064974681229,0.1378711595021177,0.13835068019013094,0.13835068019013094,-8.590187013434532,0.000635387363709423,0.13771529282642156
110.0,-90.0,-0.08643511548861012,-0.2697593700319069,-0.01102379324096827,-0.03468315255354656,0.285596904741653,0.13593945071971325,0.13593945071971325,-8.666544892311729,0.0022073564774680904,0.13373209424224522,0.1398697918712967,0.1398697918712967,-8.542760713566565,0.0022711765381912647,0.13759861533310547,0.13971166569343602,0.13971166569343602,-8.54767329499525,0.002268608918261141,0.13744305677517493
110.0,-85.0,-0.08690153825799456,-0.2700606415610468,-0.021201138579321335,-0.05000903798242429,0.2888512067292727,0.13905509003631386,0.13905509003631386,-8.568131093943931,0.004917204416763793,0.1341378856195501,0.14307551192130247,0.14307551192130247,-8.444346915198768,0.005059372792225325,0.13801613912907715,0.14291376159950037,0.14291376159950037,-8.44925949662745,0.005053653049089201,0.13786010855041117
110.0,-80.0,-0.08648882690226832,-0.2712690822428014,-0.031337580836854825,-0.06503337277355188,0.29373221768609664,0.14379430518109076,0.14379430518109076,-8.422583133787402,0.008685434624045554,0.13510887055704518,0.1479517493374738,0.1479517493374738,-8.298798955042239,0.008936551727590857,0.1390151976098829,0.14778448631150132,0.14778448631150132,-8.30371153647092,0.008926448740026263,0.138858037571475
110.0,-75.0,-0.08524242251662928,-0.2730501504936995,-0.04148615328478381,-0.079569712446216,0.2997917532793015,0.14978829668055638,0.14978829668055638,-8.245221177821492,0.013420417249030956,0.1363678794315254,0.15411904175383925,0.15411904175383925,-8.12143699907633,0.013808434251498053,0.14031060750234117,0.15394480645483696,0.15394480645483696,-8.126349580505012,0.013792823483073953,0.140151982971763
110.0,-70.0,-0.08324980998227698,-0.2748785504197555,-0.05168260627419539,-0.09343761824129601,0.3064154510413125,0.15648036119253464,0.15648036119253464,-8.055401601041241,0.019002352811615244,0.13747800838091934,0.16100459017649413,0.16100459017649413,-7.93161742229608,0.019551757188615335,0.14145283298787872,0.1608225705986995,0.1608225705986995,-7.936530003724762,0.01952965345489747,0.141292917143802
110.0,-65.0,-0.0806153696238078,-0.2760859905043467,-0.0619327565991155,-0.10646838023648289,0.3128793606208229,0.16315198012464316,0.16315198012464316,-7.874076509475898,0.02528470819875684,0.13786727192588633,0.16786910188768714,0.16786910188768714,-7.750292330730736,0.02601575079612804,0.14185335109155914,0.16767932181361062,0.16767932181361062,-7.755204912159418,0.025986339361517823,0.14169298245209283
110.0,-60.0,-0.07743249464466312,-0.2759180862739941,-0.07220322079245127,-0.11851368105183423,0.3184107084399933,0.16897165126306912,0.16897165126306912,-7.721861517930746,0.032097239966869646,0.13687441129619946,0.17385703391611185,0.17385703391611185,-7.598077339185584,0.03302524947717836,0.1408317844389335,0.17366048434025605,0.17366048434025605,-7.602989920614265,0.032987913635015055,0.14067257070524097
110.0,-55.0,-0.07376040332102476,-0.2735942211569458,-0.08241658465934523,-0.1294557412864974,0.322250953959028,0.17307205145843038,0.17307205145843038,-7.617730585103509,0.03925121257523629,0.13382083888319415,0.17807598668425803,0.17807598668425803,-7.493946406358346,0.040386060886136735,0.13768992579812134,0.1778746674804012,0.1778746674804012,-7.4988589877870275,0.040340403468896495,0.13753426401150476
110.0,-50.0,-0.06961153649471685,-0.2683659030806567,-0.09245226033860665,-0.13921643611624832,0.32372003409748784,0.17465365277829467,0.17465365277829467,-7.578223269180163,0.046546630947920824,0.1281070218303738,0.1797033159566773,0.1797033159566773,-7.454439090435001,0.04789240760152364,0.13181090835515363,0.17950015701777455,0.17950015701777455,-7.459351671863683,0.04783826407802757,0.13166189293974698
110.0,-45.0,-0.06495225702261696,-0.2595711757276971,-0.10215401128322474,-0.14776261358565018,0.32228127925138084,0.17310462673832458,0.17310462673832458,-7.616913241519304,0.0537807862982551,0.11932384044006944,0.17810950379496304,0.17810950379496304,-7.493129062774142,0.05533572003112985,0.12277378376383316,0.17790814669920307,0.17790814669920307,-7.498041644202823,0.05527316166316043,0.12263498503604259
110.0,-40.0,-0.059715924204711224,-0.24668376101699693,-0.11134393147480946,-0.1551054985143842,0.31760676362252804,0.1681194664223019,0.1681194664223019,-7.743819970285902,0.06075721319120316,0.10736225323109873,0.17298021033264935,0.17298021033264935,-7.620035791540739,0.06251385244490498,0.11046635788774435,0.17278465202703175,0.17278465202703175,-7.6249483729694205,0.06244317902487477,0.11034147300215696
110.0,-35.0,-0.05382452905760357,-0.22935526510583154,-0.11984074898972642,-0.16129346271822637,0.30964221901106054,0.15979340840221473,0.15979340840221473,-7.964411396252089,0.06729405833637307,0.09249935006584166,0.164413425663355,0.164413425663355,-7.840627217506927,0.06923969373019145,0.09517373193316354,0.16422755231471192,0.16422755231471192,-7.845539798935609,0.06916141658414499,0.09506613573056695
110.0,-30.0,-0.04721365681533044,-0.2074474769115692,-0.1274785715943462,-0.16639921743311167,0.29866883139179196,0.14866828225151676,0.14866828225151676,-8.277816764843834,0.07323075104665822,0.07543753120485856,0.15296664497532336,0.15296664497532336,-8.154032586098673,0.07534803070959792,0.07761861426572544,0.15279371248871199,0.15279371248871199,-8.158945167527353,0.07526284794106702,0.07753086454764496
110.0,-25.0,-0.039855572829429364,-0.1810508493430485,-0.13412165468141496,-0.17050416647375932,0.2853562085758663,0.13571041240694923,0.13571041240694923,-8.673868297359936,0.0784319672795579,0.05727844512739137,0.13963413150215992,0.13963413150215992,-8.550084118614775,0.08069962679242504,0.05893450470973492,0.13947627174403826,0.13947627174403826,-8.554996700043455,0.08060839391527018,0.05886787782876811
110.0,-20.0,-0.031776210383779264,-0.15048595710172102,-0.13967194419489692,-0.1736837186464271,0.27079519373358324,0.12221384900111548,0.12221384900111548,-9.128795780216638,0.08278852644070661,0.039425322560408864,0.12574734952270347,0.12574734952270347,-9.005011601471475,0.08518214470697255,0.0405652048157309,0.1256051891070046,0.1256051891070046,-9.009924182900157,0.08508584423505304,0.04051934487195155
110.0,-15.0,-0.023063257413470664,-0.11628733960738499,-0.1440685814357005,-0.17599730073610742,0.2564867739646125,0.10963985901553737,0.10963985901553737,-9.600315315857818,0.08621597886846118,0.023423880147076158,0.11280981481174748,0.11280981481174748,-9.476531137112655,0.08870869314585984,0.0241011216658876,0.11268228059150809,0.11268228059150809,-9.481443718541339,0.0886084058257566,0.024073874765751447
110.0,-10.0,-0.013864138767799662,-0.07917257686753436,-0.14728111035713898,-0.1774854053833646,0.24424026257713422,0.09941983419835224,0.09941983419835224,-10.02526965465786,0.08865256907933335,0.010767265119018859,0.10229430414482173,0.10229430414482173,-9.901485475912699,0.09121573112391539,0.011078573020906328,0.10217865796336302,0.10217865796336302,-9.90639805734138,0.0911126095368277,0.011066048426535312
110.0,-5.0,-0.004374409752031209,-0.04000188417731767,-0.14929966637892658,-0.178173543389126,0.2359141541813669,0.09275696163519757,0.09275696163519757,-10.326534856342992,0.09005821488453582,0.0026987467506617534,0.09543879168144621,0.09543879168144621,-10.202750677597832,0.09266201757849142,0.0027767741029547832,0.09533089582240244,0.09533089582240244,-10.20766325902651,0.09255726092963597,0.0027736348927664477
110.0,0.0,0.005181210057120105,0.0002664073563457825,-0.1501254778874196,-0.1780803219362646,0.232974625404539,0.09045982898568763,0.09045982898568763,-10.435442376230693,0.09041497019162766,4.485879405998007e-05,0.09307524332306578,0.09307524332306578,-10.311658197485531,0.09302908755183419,4.615577123158768e-05,0.09297001951252583,0.09297001951252583,-10.316570778914214,0.09292391592150837,4.610359101745125e-05
110.0,5.0,0.014571559784007418,0.040621320470498594,-0.14976394626250802,-0.1772251908072705,0.2360093851695281,0.09283186277890935,0.09283186277890935,-10.32302934837169,0.08972789918663657,0.003103963592272806,0.09551585839994788,0.09551585839994788,-10.19924516962653,0.09232215164794377,0.003193706752004122,0.09540787541511753,0.09540787541511753,-10.204157751055211,0.09221777922573131,0.003190096189386234
110.0,10.0,0.023581304343660906,0.08004545059776189,-0.14822122538830512,-0.17563155690432924,0.24449811351459644,0.09962986533095738,0.09962986533095738,-10.016104567145893,0.08802455194838198,0.011605313382575404,0.10251040778985224,0.10251040778985224,-9.89232038840073,0.09056955648562814,0.011940851304224101,0.10239451729800347,0.10239451729800347,-9.897232969829412,0.09046716541457553,0.011927351883427958
110.0,15.0,0.03202893556089215,0.11756342037075544,-0.14550429400519557,-0.17332305371947365,0.25702021524975166,0.11009639130714094,0.11009639130714094,-9.582269159154452,0.08535195672621186,0.02474443458092909,0.11327954656563528,0.11327954656563528,-9.45848498040929,0.08781969001565167,0.025459856549983628,0.11315148130230311,0.11315148130230311,-9.46339756183797,0.08772040773505842,0.02543107356724469
110.0,20.0,0.039777995158710125,0.15229320701225726,-0.1416241448438907,-0.17031395383525694,0.2717347071588132,0.12306335253004376,0.12306335253004376,-9.098712579017684,0.08177180898652828,0.04129154354351548,0.12662141427106058,0.12662141427106058,-8.974928400272521,0.08413603147085942,0.04248538280020114,0.1264782657040532,0.1264782657040532,-8.979840981701203,0.08404091365521918,0.042437352048834004
110.0,25.0,0.046740751759366206,0.18349792716726188,-0.136601531204618,-0.16659765107804886,0.2868291178068956,0.13711500773110363,0.13711500773110363,-8.62915007514687,0.07735610368055862,0.05975890405054501,0.14107933710371812,0.14107933710371812,-8.505365896401708,0.07959265735215415,0.06148667975156396,0.14091984350575912,0.14091984350575912,-8.51027847783039,0.07950267593068717,0.06141716757507196
110.0,30.0,0.05287519015186294,0.21063218551895357,-0.13047425998625184,-0.1621385083879597,0.3007891815396941,0.15078666715492153,0.15078666715492153,-8.21637057916088,0.07218568007282643,0.0786009870820951,0.1551462775541944,0.1551462775541944,-8.092586400415719,0.07427274418440831,0.0808735333697861,0.1549708809403099,0.1549708809403099,-8.097498981844401,0.07418877705326457,0.08078210388704533
110.0,35.0,0.05817724866165189,0.23337537211441503,-0.12330423767602025,-0.15687154370198791,0.3125080364145706,0.16276495344463385,0.16276495344463385,-7.884391016834864,0.0663527972087237,0.09641215623591012,0.16747088532218732,0.16747088532218732,-7.760606838089702,0.06827121844708683,0.09919966687510046,0.16728155544155585,0.16728155544155585,-7.765519419518383,0.06819403618573865,0.09908751925581719
110.0,40.0,0.06267061874070252,0.2516455975999863,-0.11518183254046771,-0.15071174159033418,0.32130047750566565,0.17205260800536995,0.17205260800536995,-7.643387398767826,0.059966726572533956,0.11208588143283595,0.17702706863398493,0.17702706863398493,-7.519603220022663,0.06170051092965733,0.11532655770432755,0.17682693525731752,0.17682693525731752,-7.5245158014513445,0.061630757011854005,0.11519617824546345
110.0,45.0,0.06639621961176949,0.26559185680805153,-0.10622528432962272,-0.1435713354212454,0.32687005333470337,0.17806919112956054,0.17806919112956054,-7.49411214056399,0.05315964658280002,0.12490954454676054,0.1832176058540596,0.1832176058540596,-7.370327961818828,0.05469662165119871,0.12852098420286093,0.1830104739255504,0.1830104739255504,-7.37524054324751,0.05463478579938337,0.128375688126167
110.0,50.0,0.06940294658395255,0.27556664608331183,-0.09657417742106228,-0.13538055601753318,0.32925402369646367,0.1806760969686867,0.1806760969686867,-7.430992997979947,0.04608969198889594,0.1345864049797908,0.18589988370067567,0.18589988370067567,-7.307208819234785,0.04742225742246727,0.13847762627820845,0.18568971939227819,0.18568971939227819,-7.312121400663467,0.04736864541510374,0.13832107397717447
110.0,55.0,0.07174072545006739,0.28208448294671384,-0.08637798009274689,-0.12610612497209803,0.3287587221775237,0.18013291857795546,0.18013291857795546,-7.444069143299544,0.03893893296798397,0.1411939856099715,0.18534100069755682,0.18534100069755682,-7.320284964554381,0.040064752513616596,0.14527624818394022,0.18513146821989257,0.18513146821989257,-7.3251975459830625,0.04001945834325177,0.14511200987664077
110.0,60.0,0.0734564382105933,0.285772437464579,-0.07578239192968256,-0.11576254658534171,0.32589211780517313,0.17700528399509718,0.17700528399509718,-7.520137688039549,0.03190581185882257,0.14509947213627464,0.18212293856888281,0.18212293856888281,-7.396353509294386,0.03282828671552893,0.14929465185335386,0.181917044188178,0.181917044188178,-7.401266090723068,0.03279117354452474,0.14912587064365326
110.0,65.0,0.07459293448523108,0.287317291686147,-0.0649168654550597,-0.10441364831539678,0.3212969675425246,0.17204884893835246,0.17204884893835246,-7.643482286018659,0.025193422090868344,0.1468554268474841,0.1770232008831695,0.1770232008831695,-7.5196981072734985,0.025921825384163336,0.15110137549900618,0.1768230718790878,0.1768230718790878,-7.524610688702179,0.025892520134499837,0.15093055174458797
110.0,70.0,0.07519103147727911,0.28741181591632675,-0.05388596571995773,-0.09216491344445263,0.3156854632616674,0.16609160655677188,0.16609160655677188,-7.796523140758927,0.01899633341658712,0.1470952731401848,0.1708937200913385,0.1708937200913385,-7.672738962013764,0.01954556375819232,0.1513481563331462,0.17070052061333182,0.17070052061333182,-7.677651543442446,0.01952346702629714,0.15117705358703473
110.0,75.0,0.0752940278083844,0.28670146419321524,-0.04276573211663815,-0.07914982014537149,0.3097749539047015,0.15993043562825468,0.15993043562825468,-7.960688797960195,0.013489018665134793,0.14644141696311996,0.16455441468078474,0.16455441468078474,-7.836904619215032,0.01387901910189813,0.15067539557888668,0.1643683819406523,0.1643683819406523,-7.841817200643714,0.013863328535595881,0.15050505340505646
110.0,80.0,0.07495374417047612,0.2857332576587472,-0.031604741877525974,-0.0655147458520105,0.3042245879784403,0.154250699211019,0.154250699211019,-8.117728586542086,0.008818194973312663,0.14543250423770632,0.15871046322771787,0.15871046322771787,-7.993944407796923,0.009073150502430972,0.14963731272528688,0.15853103721584685,0.15853103721584685,-7.998856989225605,0.009062893086652273,0.14946814412919457
110.0,85.0,0.07423648121285592,0.28491031181008986,-0.0204287151470179,-0.05140667508824288,0.29957456428204227,0.1495713421759711,0.1495713421759711,-8.251516091926915,0.005099844262599528,0.14447149791337163,0.15389581456525475,0.15389581456525475,-8.127731913181751,0.0052472932015634605,0.14864852136369136,0.15372183162998054,0.15372183162998054,-8.132644494610435,0.005241361009865907,0.14848047062011474
110.0,90.0,0.07322671031517013,0.284457171509003,-0.009247311486797962,-0.03696628803022135,0.2961925940109769,0.14621330992512865,0.14621330992512865,-8.350130913731565,0.0024199750216927227,0.14379333490343585,0.1504406934099482,0.1504406934099482,-8.226346734986402,0.0024899424032232974,0.14795075100672483,0.15027061657258856,0.15027061657258856,-8.231259316415082,0.0024871274631990984,0.14778348910938935
110.0,95.0,0.07202607415361977,0.28440156475124395,0.0019380203474968001,-0.0223267897786655,0.29423501976417893,0.14428701215475137,0.14428701215475137,-8.407727597130185,0.000837049387688119,0.14344996276706323,0.14845870167172687,0.14845870167172687,-8.283943418385022,0.0008612505275111832,0.1475974511442157,0.14829086552389656,0.14829086552389656,-8.288855999813705,0.0008602768629888169,0.14743058866090775
110.0,100.0,0.07074571069341247,0.2845766315666099,0.013125940914958214,-0.007616919390660665,0.293630929231273,0.14369515234108918,0.14369515234108918,-8.425578828541308,0.00038383726698637815,0.14331131507410275,0.14784972974697927,0.14784972974697927,-8.301794649796147,0.00039493493876569414,0.14745479480821355,0.14768258205661786,0.14768258205661786,-8.306707231224827,0.00039448845527890867,0.1472880936013389
110.0,105.0,0.0694912541320615,0.28464425926842746,0.02430734795355935,0.00703446125230333,0.2940947458642607,0.1441494698773517,0.1441494698773517,-8.411869504298783,0.0010671928739786232,0.14308227700337298,0.14831718271154612,0.14831718271154612,-8.288085325553622,0.0010980480234372087,0.14721913468810888,0.14814950655431827,0.14814950655431827,-8.292997906982304,0.0010968066536265397,0.14705269990069167
110.0,110.0,0.0683420290987421,0.28413584521154356,0.03545800009078269,0.021494771420632226,0.29516623527137165,0.14520175658528117,0.14520175658528117,-8.380281297056213,0.002865424107975829,0.14233633247730534,0.14939989359530936,0.14939989359530936,-8.25649711831105,0.0029482705092867875,0.14645162308602258,0.14923099340727766,0.14923099340727766,-8.261409699739731,0.0029449374182690937,0.14628605598900857
110.0,115.0,0.06732842965420467,0.2825031169585278,0.04653193517305421,0.03562676644361291,0.29626949895181903,0.14628924690647302,0.14628924690647302,-8.347875958214704,0.00572401094444944,0.14056523596202358,0.15051882591467539,0.15051882591467539,-8.224091779469543,0.005889506064872353,0.14462931984980304,0.15034866074663208,0.15034866074663208,-8.229004360898223,0.005882847836022035,0.14446581291061003
110.0,120.0,0.06641338765301208,0.2791700222737561,0.05745636274661094,0.04929053755728632,0.29677841920974496,0.14679225855509628,0.14679225855509628,-8.33296847386266,0.009551092839499259,0.13724116571559702,0.15103638085718316,0.15103638085718316,-8.209184295117497,0.009827238233871036,0.1412091426233121,0.15086563058077726,0.15086563058077726,-8.21409687654618,0.009816128303699136,0.14104950227707813
110.0,125.0,0.06548424104633033,0.27357792856336904,0.06812927547647993,0.06234750045031655,0.2960774861616297,0.14609968771002954,0.14609968771002954,-8.353507123747782,0.014214346771787695,0.1318853409382419,0.15032378609942335,0.15032378609942335,-8.22972294500262,0.014625318213589563,0.1356984678858338,0.15015384142860178,0.15015384142860178,-8.234635526431303,0.01460878393811685,0.13554505749048495
110.0,130.0,0.06435962865444927,0.26522007391375846,0.07842127258654845,0.07466477448600703,0.29361296625063776,0.143677571670736,0.143677571670736,-8.426110207304433,0.019540747209598218,0.12413682446113776,0.14783164077655725,0.14783164077655725,-8.302326028559271,0.020105717882084796,0.12772592289447243,0.14766451353621377,0.14766451353621377,-8.307238609987952,0.02008298788242365,0.12758152565379008
110.0,135.0,0.06281241163123567,0.2536658747775137,0.08818247730945954,0.08611852391578008,0.28893654069265656,0.13913726296453102,0.13913726296453102,-8.565565441082555,0.02532031925266025,0.11381694371187073,0.14316006066933945,0.14316006066933945,-8.441781262337393,0.026052391452474795,0.11710766921686463,0.14299821476313568,0.14299821476313568,-8.446693843766075,0.026022938594717625,0.11697527616841802
110.0,140.0,0.06060503024807216,0.23857924328483382,0.09725389201688986,0.09659561543798582,0.28174821641318293,0.13230031221118133,0.13230031221118133,-8.784391309339409,0.03131431632020276,0.10098599589097858,0.13612543699061766,0.13612543699061766,-8.660607130594247,0.032219689597903854,0.10390574739271384,0.13597154389638366,0.13597154389638366,-8.665519712022927,0.032183264460640036,0.10378827943574363
110.0,145.0,0.05752968514449627,0.21973587234706604,0.10548075179360075,0.10599387517497963,0.2719455990497058,0.12325444430779019,0.12325444430779019,-9.091974119813589,0.037267272972730706,0.08598717133505951,0.12681803097827984,0.12681803097827984,-8.968189941068426,0.03834476074980009,0.08847327022847978,0.12667466013133627,0.12667466013133627,-8.973102522497108,0.03830141107166568,0.08837324905967062
110.0,150.0,0.05344382163911558,0.19704225070336054,0.11272451777959422,0.11422186190603356,0.25968315555607885,0.11238958766906872,0.11238958766906872,-9.492739221062092,0.042921406553750215,0.06946818111531847,0.1156390448287568,0.1156390448287568,-9.368955042316928,0.044162369126196345,0.07147667570256042,0.1155083120956513,0.1155083120956513,-9.37386762374561,0.04411244250128492,0.07139586959436635
110.0,155.0,0.04829249077520415,0.17055531474300956,0.11887083836107912,0.12119923246674105,0.2454400338485007,0.10039898505012136,0.10039898505012136,-9.982706775232673,0.0480314186952766,0.05236756635484478,0.10330176463640432,0.10330176463640432,-9.85892259648751,0.04942012418487149,0.053881640451532854,0.1031849794965276,0.1031849794965276,-9.863835177916192,0.04936425354088037,0.05382072595564725
110.0,160.0,0.04211306473478852,0.14049834967838015,0.12383282405363105,0.12685853628493632,0.23008901109170538,0.08823284302274886,0.08823284302274886,-10.54369726789371,0.052378193586299866,0.035854649436449,0.09078386976309175,0.09078386976309175,-10.419913089148547,0.05389257494217498,0.03689129482091676,0.09068123640570283,0.09068123640570283,-10.42482567057723,0.05383164808458363,0.03684958832111922
110.0,165.0,0.03502315971468316,0.10726781587820133,0.1275511039190547,0.13114878842871172,0.21494719085619238,0.07700201066400073,0.07700201066400073,-11.134979344524574,0.05578083388290107,0.021221176781099662,0.07922832664265944,0.07922832664265944,-11.01119516577941,0.0573935938706668,0.021834732771992653,0.07913875710585891,0.07913875710585891,-11.016107747208093,0.05732870902661979,0.021810048079239117
110.0,170.0,0.027197437623705842,0.0714275181498953,0.12999299570826153,0.13404051041297696,0.20175883704890965,0.06784278223105852,0.06784278223105852,-11.684963499786507,0.05810702665939161,0.00973575557166691,0.06980428257131241,0.06980428257131241,-11.561179321041344,0.05978704255519252,0.010017240016119878,0.06972536714394503,0.06972536714394503,-11.566091902470026,0.059719451859600835,0.010005915284344203
110.0,175.0,0.018841332667307465,0.03368970668319137,0.13115221212914926,0.13553113415998966,0.1925086575355563,0.061764516927505314,0.061764516927505314,-12.092609509339969,0.05928125517576985,0.002483261751735471,0.06355027978959288,0.06355027978959288,-11.968825330594806,0.06099522088257007,0.0025550589070228117,0.0634784346634176,0.0634784346634176,-11.973737912023488,0.060926264312199226,0.0025521703512183663
110.0,180.0,0.010168818568529863,-0.005114619088488813,0.1310485742110943,0.13564889202483701,0.1889547959429096,0.05950512296292114,0.05950512296292114,-12.2544564303192,0.05928918771765986,0.00021593524526126242,0.061225561233584865,0.061225561233584865,-12.13067225157404,0.061003382773597965,0.0002221784599868941,0.06115634425788401,0.06115634425788401,-12.135584833002719,0.060934416976012186,0.00022192728187180098
115.0,-180.0,0.009530304031505047,-0.005131348444123898,0.13318598378948698,0.09632797422673822,0.1647262648407611,0.04522350512250266,0.04522350512250266,-13.446357799745751,0.04502824733628599,0.00019525778621666898,0.04653102698065918,0.04653102698065918,-13.322573621000588,0.04633012381550159,0.00020090316515759748,0.04647842253083521,0.04647842253083521,-13.32748620242927,0.04627774649155806,0.00020067603927715206
115.0,-175.0,0.003873277810614518,-0.040402334874718226,0.1318189899481243,0.09530532597211497,0.16765053597862983,0.04684340010179993,0.04684340010179993,-13.293515894353368,0.044097879876557416,0.0027455202252425126,0.048197757075625,0.048197757075625,-13.169731715608204,0.04537285716283303,0.0028248999127919662,0.04814326834717362,0.04814326834717362,-13.174644297036886,0.04532156205196035,0.0028217062952132703
115.0,-170.0,-0.0017738344430186757,-0.07497830384158322,0.1292685770756878,0.093572681163098,0.1763266973966672,0.0518172862563714,0.0518172862563714,-12.85525335363011,0.042442686220802224,0.009374600035569192,0.053315450412976036,0.053315450412976036,-12.731469174884948,0.043669807820559965,0.009645642592416084,0.0532551760086037,0.0532551760086037,-12.73638175631363,0.04362043804810095,0.009634737960502767
115.0,-165.0,-0.0072803600346423684,-0.10799299365363287,0.12559502350261803,0.09120222681530701,0.18922855605114544,0.05967767142346053,0.05967767142346053,-12.241881310392644,0.040152314222341674,0.01952535720111885,0.061403098491059294,0.061403098491059294,-12.118097131647481,0.04131321558014371,0.020089882910915575,0.061333680805200956,0.061333680805200956,-12.123009713076163,0.041266509992129156,0.020067170813071786
115.0,-160.0,-0.012537468660233413,-0.13863503272588168,0.1208601764075678,0.08824403006235261,0.20437967487552772,0.06961677906213018,0.06961677906213018,-11.572860739546702,0.0373227725141475,0.032294006547982694,0.07162956997852678,0.07162956997852678,-11.449076560801538,0.03840186491835323,0.03322770506017357,0.07154859101966102,0.07154859101966102,-11.45398914223022,0.038358450682577074,0.03319014033708396
115.0,-155.0,-0.017466118643657776,-0.16619846950951594,0.11512140707046283,0.08471419995802137,0.21990095636033663,0.08059215233555249,0.08059215233555249,-10.937072455807241,0.034048254587985105,0.046543897747567356,0.08292226806827091,0.08292226806827091,-10.813288277062082,0.03503267269059071,0.04788959537768017,0.08282852244147224,0.08282852244147224,-10.818200858490762,0.034993067408001136,0.04783545503347107
115.0,-150.0,-0.022025635946576645,-0.19012995953286413,0.10843087608935251,0.08058795909577861,0.2342780488896625,0.09147485192126985,0.09147485192126985,-10.386982848730844,0.030418740096586072,0.061056111824683755,0.09411961304791629,0.09411961304791629,-10.26319866998568,0.03129822008085818,0.06282139296705809,0.09401320855217866,0.09401320855217866,-10.268111251414362,0.03126283668713881,0.06275037186503983
115.0,-145.0,-0.026219126994646534,-0.210067094284125,0.10084111742103101,0.07580065895930761,0.24643517927180014,0.10121477810939444,0.10121477810939444,-9.947560726464314,0.02652382655832057,0.07469095155107391,0.1041411442631901,0.1041411442631901,-9.82377654771915,0.02729069509035968,0.07685044917283046,0.10402341018437251,0.10402341018437251,-9.828689129147833,0.027259842300432238,0.07676356788394029
115.0,-140.0,-0.030091546400301684,-0.22586251144649366,0.09241510744344161,0.0702578672121569,0.25572660250873963,0.10899092432366532,0.10899092432366532,-9.62609664263525,0.02246067082858283,0.0865302534950825,0.11214211783482388,0.11214211783482388,-9.502312463890087,0.023110063616197992,0.0890320542186259,0.11201533846214318,0.11201533846214318,-9.50722504531877,0.023083937131123153,0.08893140133102002
115.0,-135.0,-0.03371806295562445,-0.23759028269412588,0.08323677019801462,0.06385313968739276,0.26190004498107455,0.1143166960706843,0.1143166960706843,-9.418903358179024,0.018342206809115538,0.09597448926156878,0.11762187063554305,0.11762187063554305,-9.295119179433861,0.01887252475472326,0.09874934588081984,0.11748889626997358,0.11748889626997358,-9.300031760862543,0.01885118890967681,0.0986377073602968
115.0,-130.0,-0.03718361109117306,-0.245533933871457,0.07341732591373623,0.05648989318265053,0.26504857176050517,0.11708181731225746,0.11708181731225746,-9.315105451846069,0.014301682692163736,0.10278013462009375,0.12046693827786549,0.12046693827786549,-9.191321273100906,0.01471517922848414,0.10575175904938136,0.12033074749461198,0.12033074749461198,-9.196233854529588,0.014698543362963758,0.10563220413164824
115.0,-125.0,-0.04055782440216604,-0.25015811352057166,0.06309421310292514,0.04810270575778546,0.26555370249481663,0.11752851264922322,0.11752851264922322,-9.29856759911017,0.010491002888638358,0.10703750976058482,0.12092654866675914,0.12092654866675914,-9.174783420365008,0.010794323375489617,0.1101322252912695,0.12078983828286043,0.12078983828286043,-9.17969600179369,0.010782120132207971,0.11000771815065243
115.0,-120.0,-0.04387162383425241,-0.2520674592901196,0.05242185121254661,0.038673721125987784,0.26401975418727913,0.116174647365739,0.116174647365739,-9.348886370961015,0.007072678691232428,0.10910196867450656,0.11953353983510545,0.11953353983510545,-9.225102192215854,0.007277167086359118,0.11225637274874634,0.11939840428133502,0.11939840428133502,-9.230014773644536,0.007268940073209071,0.11212946420812596
115.0,-115.0,-0.04710182913024402,-0.25195647190456577,0.04155618658195728,0.02824141105391604,0.26119942569531357,0.113705887831561,0.113705887831561,-9.442170464243805,0.00420739078026929,0.10949849705129171,0.11699340244012864,0.11699340244012864,-9.31838628549864,0.00432903671187292,0.1126643657282557,0.11686113857303289,0.11686113857303289,-9.323298866927324,0.004324142631314789,0.11253699594171811
115.0,-110.0,-0.05016828161242182,-0.25055377534725726,0.03063683073960373,0.01690112816564002,0.2579114467249285,0.11086124546239817,0.11086124546239817,-9.552202466671675,0.0020403911486305084,0.10882085431376769,0.11406651452042203,0.11406651452042203,-9.428418287926513,0.002099383834376488,0.11196713068604558,0.11393755957081005,0.11393755957081005,-9.433330869355194,0.0020970104302471823,0.11184054914056288
115.0,-105.0,-0.052944759288737084,-0.24856382741963956,0.019771182167379532,0.0047988836861256705,0.25495304031639104,0.10833253572788486,0.10833253572788486,-9.652410912508206,0.0006898652956130502,0.10764267043227184,0.11146469361856658,0.11146469361856658,-9.528626733763042,0.0007098109842710672,0.11075488263429555,0.11133868009032359,0.11133868009032359,-9.533539315191724,0.000709008525809918,0.11062967156451371
115.0,-100.0,-0.05528142439571026,-0.24660943128561313,0.009024255343225492,-0.00787902061460022,0.25301336650971074,0.10669042585784892,0.10669042585784892,-9.718745513690063,0.00023918794885699284,0.1064512379089919,0.10977510634617647,0.10977510634617647,-9.594961334944902,0.0002461034559697426,0.10952900289020671,0.10965100293715202,0.10965100293715202,-9.599873916373584,0.0002458252300688518,0.10940517770708315
115.0,-95.0,-0.05703364663635244,-0.2451791922217004,-0.0015836033699251858,-0.020917748504784076,0.2525979674290125,0.10634038329901993,0.10634038329901993,-9.733017786245366,0.0007334160582864775,0.10560696724073346,0.10941494320302494,0.10941494320302494,-9.609233607500203,0.0007546209057377071,0.10866032229728721,0.10929124696713251,0.10929124696713251,-9.614146188928885,0.0007537677885780858,0.10853747917855441
115.0,-90.0,-0.058090482755296956,-0.2445848089259231,-0.01207084585271399,-0.03408508158025034,0.25397584737530865,0.10750368572723126,0.10750368572723126,-9.685766458548088,0.0021791121719785113,0.10532457355525275,0.11061187954237191,0.11061187954237191,-9.561982279802926,0.0022421156209265474,0.10836976392144536,0.11048683014103931,0.11048683014103931,-9.566894861231608,0.002239580855065274,0.10824724928597404
115.0,-85.0,-0.05839615658574386,-0.244933110266718,-0.022482202693838608,-0.0471411681738574,0.2571576924450787,0.11021420142605627,0.11021420142605627,-9.577624417492292,0.004546124855354769,0.1056680765707015,0.11340076286249229,0.11340076286249229,-9.45384023874713,0.004677564415428304,0.10872319844706402,0.11327256056120891,0.11327256056120891,-9.45875282017581,0.004672276315883626,0.10860028424532528
115.0,-80.0,-0.05795949775159412,-0.24611661245961955,-0.03287222902075085,-0.0598471631678012,0.2619063891703326,0.11432223448545899,0.11432223448545899,-9.418692956304788,0.0077702609064025045,0.10655197357905649,0.11762756917940013,0.11762756917940013,-9.294908777559627,0.007994918105157428,0.1096326510742427,0.1174945883714892,0.1174945883714892,-9.299821358988307,0.00798587965714543,0.10950870871434376
115.0,-75.0,-0.05684910094156002,-0.2478241118117332,-0.04328804400616054,-0.07197367047965823,0.2677735511011718,0.11950164243178352,0.11950164243178352,-9.22626125727068,0.011756496354585913,0.10774514607719755,0.12295672644488478,0.12295672644488478,-9.102477078525519,0.012096405344774065,0.11086032110011067,0.12281772089597484,0.12281772089597484,-9.1073896599542,0.012082730066378123,0.11073499082959666
115.0,-70.0,-0.05517537154968806,-0.249569965633884,-0.05375403939249111,-0.08330989132267201,0.27415237390062686,0.1252629224446078,0.1252629224446078,-9.021774602160523,0.016383005269912446,0.10887991717469525,0.12888457911781848,0.12888457911781848,-8.897990423415363,0.016856677919448965,0.11202790119836945,0.12873887198829165,0.12873887198829165,-8.902903004844044,0.016837621037936738,0.11190125095035483
115.0,-65.0,-0.053063850979882074,-0.2507380723471049,-0.06426050980196987,-0.09367380887317953,0.2803382756492148,0.13097949556503388,0.13097949556503388,-8.827966864812293,0.021506485974703737,0.10947300959033021,0.13476643231303004,0.13476643231303004,-8.704182686067131,0.02212829095041027,0.11263814136261982,0.13461407560640687,0.13461407560640687,-8.709095267495814,0.02210327438304598,0.11251080122336095
115.0,-60.0,-0.050626414168634726,-0.25063493792620967,-0.07475728029909107,-0.10292283207512765,0.2855917825164634,0.1359345745727877,0.1359345745727877,-8.666700676498957,0.026968965169082114,0.10896560940370559,0.1398647747430679,0.1398647747430679,-8.542916497753795,0.027748703744296856,0.11211607099877104,0.13970665423719186,0.13970665423719186,-8.547829079182478,0.027717333164524263,0.1119893210726676
115.0,-55.0,-0.047937416261817356,-0.24854602671591974,-0.08515276805591557,-0.1109634171196277,0.28920061742772696,0.13939171125852526,0.13939171125852526,-8.55763050210101,0.03260568825027151,0.10678602300825371,0.14342186568425275,0.14342186568425275,-8.433846323355848,0.033548398240839085,0.10987346744341363,0.14325972380115648,0.14325972380115648,-8.43875890478453,0.033510470966363316,0.10974925283479312
115.0,-50.0,-0.04502041672944246,-0.24379065976292685,-0.09531851335876697,-0.11775764314650972,0.29053950715605265,0.14068536094448303,0.14068536094448303,-8.517510908509255,0.03825323463569012,0.10243212630879296,0.1447529179385565,0.1447529179385565,-8.393726729764092,0.03935922896973981,0.1053936889688167,0.144589271268739,0.144589271268739,-8.398639311192774,0.03931473241078121,0.10527453885795782
115.0,-45.0,-0.041848158658591816,-0.23577232204033097,-0.10509879535160764,-0.12332479034206445,0.28912733686159364,0.1393210792560495,0.1393210792560495,-8.559831699220169,0.043756903622446525,0.09556417563360299,0.14334919153827502,0.14334919153827502,-8.436047520475007,0.04502202245338669,0.09832716908488835,0.14318713181505602,0.14318713181505602,-8.440960101903688,0.04497112396962643,0.09821600784542958
115.0,-40.0,-0.038354997217698354,-0.2240224766069218,-0.11432425622388694,-0.12773670164817513,0.28468206186159384,0.13506994511740342,0.13506994511740342,-8.694412766016235,0.048976680335613566,0.08609326478178984,0.13897514674082045,0.13897514674082045,-8.570628587271074,0.05039271564524494,0.08858243109557552,0.13881803198088735,0.13881803198088735,-8.575541168699756,0.05033574546311773,0.08848228651776963
115.0,-35.0,-0.03445805996595633,-0.20823631666972975,-0.1228275255756217,-0.1311069434329329,0.27717386805424077,0.12803923873177878,0.12803923873177878,-8.926569166551356,0.05379145214771216,0.07424778658406665,0.13174116548181786,0.13174116548181786,-8.802784987806193,0.05534669425631461,0.07639447122550329,0.13159222891241393,0.13159222891241393,-8.807697569234875,0.055284123481718565,0.07630810543069542
115.0,-30.0,-0.030081850770446984,-0.18829849436336388,-0.13045805511800063,-0.13357521534332376,0.2668761567178151,0.11870200852900044,0.11870200852900044,-9.255419323876021,0.058101368349708124,0.06060064017929232,0.12213397317522424,0.12213397317522424,-9.131635145130858,0.05978122064997235,0.06235275252525191,0.12199589776875687,0.12199589776875687,-9.13654772655954,0.05971363653618512,0.062282261232571766
115.0,-25.0,-0.025180944385013185,-0.1642965558355333,-0.13709326638723768,-0.13528972069694398,0.2544116947675929,0.10787297600127492,0.10787297600127492,-9.670873397793898,0.061828330405512805,0.046044645595762115,0.11099184689914077,0.11099184689914077,-9.547089219048736,0.06361593827092582,0.04737590862821496,0.11086636793553435,0.11086636793553435,-9.552001800477417,0.0635440189162516,0.04732234901928275
115.0,-20.0,-0.019756506535771864,-0.13652044698639693,-0.1426439605496208,-0.13639088834322882,0.24078605835928396,0.09662760004161447,0.09662760004161447,-10.148988069827126,0.06491476050761179,0.03171283953400269,0.09942133968681395,0.09942133968681395,-10.025203891081965,0.06679160459678132,0.032629735090032606,0.09930894146106317,0.09930894146106317,-10.030116472510645,0.0667160950746267,0.03259284638643647
115.0,-15.0,-0.013864059134085858,-0.10544824874734958,-0.14705352912918546,-0.1369995762952966,0.22738770774603304,0.0861732525595617,0.0861732525595617,-10.646275145511071,0.06732112119943735,0.01885213136012433,0.08866473151513704,0.08866473151513704,-10.522490966765908,0.06926753904664816,0.019397192468488866,0.0885644938947191,0.0885644938947191,-10.52740354819459,0.06918923042079891,0.019375263473920174
115.0,-10.0,-0.007611731624048365,-0.07172054077458868,-0.15029221273597373,-0.1372115567214058,0.21590862635453617,0.07769239452807288,0.07769239452807288,-11.096214931187056,0.06902297472622294,0.008669419801849933,0.07993867118846884,0.07993867118846884,-10.972430752441895,0.07101859731065227,0.008920073877816579,0.07984829859000293,0.07984829859000293,-10.977343333870577,0.07093830907114382,0.00890998951885913
115.0,-5.0,-0.001149926337927279,-0.03610724364570413,-0.15234879472448737,-0.1370979775412084,0.20811310884748843,0.07218340954787471,0.07218340954787471,-11.415626081056052,0.07000836849941657,0.0021750410484581545,0.07427040801304118,0.07427040801304118,-11.291841902310889,0.07203248122174769,0.002237926791293502,0.07418644352299558,0.07418644352299558,-11.296754483739573,0.07195104676199031,0.0022353967610052976
115.0,0.0,0.005345291104747012,0.0005294407390677993,-0.15322232462614793,-0.13670936832959302,0.20541515182042355,0.07032398422631926,0.07032398422631926,-11.528965321537374,0.07027589795170387,4.8086274615386224e-05,0.07235722216927591,0.07235722216927591,-11.40518114279221,0.07230774560315245,4.9476566123455317e-05,0.07227542058203418,0.07227542058203418,-11.410093724220893,0.07222599995036368,4.942063167048944e-05
115.0,5.0,0.011691859073790683,0.03727413792148612,-0.15291586486006759,-0.13607954711020598,0.20839137648667846,0.07237657119690458,0.07237657119690458,-11.404019952197542,0.06983319623919555,0.0025433749577090194,0.07446915443657225,0.07446915443657225,-11.28023577345238,0.07185224430414194,0.0026169101324303116,0.07438496525889474,0.07438496525889474,-11.285148354881061,0.07177101360657302,0.0026139516523217055
115.0,10.0,0.01772096826806875,0.07319971669719291,-0.15143330423850332,-0.13522615088390808,0.2165418868403427,0.07814880681220138,0.07814880681220138,-11.070776484679898,0.06869531079315809,0.009453496019043281,0.08040827946517275,0.08040827946517275,-10.946992305934735,0.07068145981392951,0.009726819651243215,0.080317375963208,0.080317375963208,-10.951904887363417,0.07060155271650369,0.009715823246704296
115.0,15.0,0.02329285929295955,0.1074121954207098,-0.14877944820934427,-0.13414643580132193,0.22849623074968547,0.08701549577177158,0.08701549577177158,-10.60403401071949,0.06688274171598779,0.0201327540557838,0.08953132603330752,0.08953132603330752,-10.480249831974326,0.0688164849428828,0.02071484109042474,0.0894301087068567,0.0894301087068567,-10.485162413403009,0.06873868624459176,0.020691422462264956
115.0,20.0,0.02830713818951819,0.1390991798900056,-0.1449630691282343,-0.1328096951179773,0.24249243791706154,0.0980019952400411,0.0980019952400411,-10.087650823389435,0.06441965987851814,0.03358233536152296,0.10083547200333481,0.10083547200333481,-9.963866644644273,0.06628218940067718,0.034553282602657644,0.10072147506684594,0.10072147506684594,-9.968779226072956,0.06620725578470518,0.03451421928214076
115.0,25.0,0.03270680967641021,0.1675790470818451,-0.14000225619213988,-0.13114991860693792,0.2568139507689646,0.10991975257281533,0.10991975257281533,-9.589242578716966,0.06133344318880194,0.04858630938401339,0.11309780077458106,0.11309780077458106,-9.465458399971801,0.06310674265747704,0.04999105811710401,0.11296994097925521,0.11296994097925521,-9.470370981400485,0.06303539896074196,0.049934542018513245
115.0,30.0,0.036476336121903256,0.19234508805843045,-0.1339310117625872,-0.12906310502845783,0.270040658028417,0.12153373175608091,0.12153373175608091,-9.15303166655364,0.05765664331394443,0.06387708844213649,0.12504756842893397,0.12504756842893397,-9.029247487808476,0.05932363752849515,0.06572393090043882,0.1249061991326628,0.1249061991326628,-9.034160069237158,0.05925657072347835,0.06564962840918447
115.0,35.0,0.03963480213258852,0.21309744223855875,-0.12680553830522714,-0.12641253731923613,0.28114268897673833,0.13173224911600195,0.13173224911600195,-8.80307893233793,0.053431698091540865,0.0783005510244611,0.13554094980553755,0.13554094980553755,-8.67929475359277,0.05497653883274088,0.08056441097279668,0.13538771748818287,0.13538771748818287,-8.684207335021451,0.054914386527791216,0.08047333096039166
115.0,40.0,0.04222569524959494,0.2297569130031659,-0.11870828451706197,-0.12304277625076503,0.2894864936616829,0.13966742624952494,0.13966742624952494,-8.549048698315518,0.0487174882609102,0.09094993798861475,0.14370555226826315,0.14370555226826315,-8.425264519570355,0.05012602969534952,0.09357952257291362,0.143543089670632,0.143543089670632,-8.430177100999037,0.05006936100812969,0.09347372866250231
115.0,45.0,0.04430503332658949,0.2424582699464991,-0.10974795689546343,-0.11880016634113878,0.2948000037464898,0.14484165800997018,0.14484165800997018,-8.391065124351167,0.04359579553156967,0.10124586247840049,0.14902938369170715,0.14902938369170715,-8.267280945606004,0.04485625633457112,0.104173127357136,0.14886090237407004,0.14886090237407004,-8.272193527034688,0.04480554525341178,0.10405535712065826
115.0,50.0,0.045929693548939526,0.2515248499240392,-0.1000545697211034,-0.1135554289368641,0.29711957061412203,0.1471299324886129,0.1471299324886129,-8.322989643070224,0.03817535456174771,0.10895457792686518,0.15138381776789062,0.15138381776789062,-8.199205464325061,0.039279097192867284,0.11210472057502333,0.15121267470566585,0.15121267470566585,-8.204118045753743,0.03923469122481779,0.11197798348084806
115.0,55.0,0.04714781678122979,0.2574293476482356,-0.08977000586139192,-0.10722321402672136,0.296729265891329,0.1467436382468332,0.1467436382468332,-8.33440717570528,0.03259168480038909,0.11415195344644409,0.15098635481719644,0.15098635481719644,-8.210622996960117,0.03353398991705843,0.11745236490013798,0.15081566109643701,0.15081566109643701,-8.215535578388799,0.03349607893154068,0.1173195821648963
115.0,60.0,0.04799295501779264,0.2607466043935148,-0.0790359358188572,-0.09977443644156508,0.2940981685629518,0.1441528251435018,0.1441528251435018,-8.411768417793436,0.0270020593859334,0.11715076575756846,0.148320634986626,0.148320634986626,-8.287984239048273,0.027782754795692352,0.1205378801909337,0.14815295492651778,0.14815295492651778,-8.292896820476955,0.02775134572038376,0.12040160920613406
115.0,65.0,0.04848308805364983,0.26210319863865317,-0.06798170385948604,-0.09123937965664242,0.2898186209055571,0.13998809038007426,0.13998809038007426,-8.539089107662441,0.02157638577951059,0.1184117046005637,0.14403548758110327,0.14403548758110327,-8.415304928917278,0.02220021172909825,0.12183527585200504,0.14387265198363233,0.14387265198363233,-8.42021751034596,0.02217511385355662,0.12169753813007575
115.0,70.0,0.04862476811853137,0.2621268975895571,-0.056714676508262424,-0.08170209675082835,0.2845464209218342,0.13494126367178386,0.13494126367178386,-8.698552271649172,0.016485923514774604,0.1184553401570093,0.13884274480068304,0.13884274480068304,-8.57476809290401,0.016962571781844432,0.12188017301883868,0.13868577972434104,0.13868577972434104,-8.579680674332693,0.016943395184763208,0.1217423845395779
115.0,75.0,0.0484216080005226,0.2613978395434353,-0.045314744305338196,-0.07128871403775186,0.2789426275059916,0.12967859395638265,0.12967859395638265,-8.871317069835293,0.0118922311641648,0.11778636279221782,0.13342791846525634,0.13342791846525634,-8.747532891090131,0.012236064578829921,0.1211918538864264,0.13327707498086602,0.13327707498086602,-8.752445472518813,0.012222231412296811,0.1210548435685692
115.0,80.0,0.04788532392234007,0.2604033401301521,-0.033833612577034926,-0.0601532443091273,0.27361657467889905,0.12477377700787183,0.12477377700787183,-9.038766782547528,0.00793835654772204,0.11683542046014983,0.12838129129321108,0.12838129129321108,-8.914982603802365,0.008167873801545466,0.12021341749166564,0.1282361531427254,0.1282361531427254,-8.919895185231047,0.008158639822941459,0.120077513319784
115.0,85.0,0.047046770779762874,0.2594992075696366,-0.02229859797485556,-0.04846428782261232,0.2690710910444862,0.1206625773587722,0.1206625773587722,-9.184274023683791,0.004743246029749296,0.11591933132902285,0.12415122683277313,0.12415122683277313,-9.060489844938628,0.0048803848438618135,0.11927084198891125,0.12401087087232496,0.12401087087232496,-9.06540242636731,0.004874867450924251,0.11913600342140064
115.0,90.0,0.045964006861300366,0.2588815350052873,-0.01072002150758383,-0.03639484170463211,0.2656536136725186,0.1176169664796014,0.1176169664796014,-9.295300259045568,0.002399115752053446,0.11521785072754795,0.12101755991316124,0.12101755991316124,-9.171516080300407,0.002468480041211489,0.11854907987194972,0.12088074663885036,0.12088074663885036,-9.176428661729087,0.0024656893649059055,0.11841505727394444
115.0,95.0,0.044724525843784974,0.25857312649708025,0.0008990724478309874,-0.024115926309733717,0.26351988765835005,0.11573515870362394,0.11573515870362394,-9.365346884860058,0.0009706208547902296,0.11476453784883368,0.11908134448361349,0.11908134448361349,-9.241562706114896,0.0009986838715816747,0.11808266061203178,0.1189467201476094,0.1189467201476094,-9.246475287543577,0.000997554835344532,0.11794916531226482
115.0,100.0,0.043439533253828,0.2584274072636478,0.012552304186234263,-0.011793440839752678,0.2626182847052852,0.1149445644461031,0.1149445644461031,-9.395115610356587,0.000494397664479746,0.11445016678162336,0.11826789221741241,0.11826789221741241,-9.271331431611426,0.0005086919070683671,0.11775920031034401,0.11813418750884183,0.11813418750884183,-9.276244013040106,0.000508116818581445,0.11762607069026036
115.0,105.0,0.042229614782994876,0.2581499305559482,0.024219877248083773,0.00041306470402487474,0.262700399860988,0.11501645712833786,0.11501645712833786,-9.392400141796983,0.000977932088075866,0.11403852504026205,0.11834186349247645,0.11834186349247645,-9.268615963051822,0.001006206490457728,0.11733565700201877,0.11820807515759285,0.11820807515759285,-9.273528544480504,0.0010050689497182587,0.11720300620787465
115.0,110.0,0.041203259093950007,0.25733416069586923,0.0358602938958937,0.012351090623144302,0.2633573407727448,0.11559242497867153,0.11559242497867153,-9.370706252386249,0.0023974603811403278,0.1131949645975312,0.11893448397846644,0.11893448397846644,-9.246922073641086,0.0024667768094869097,0.11646770716897951,0.1188000256718104,0.1188000256718104,-9.251834655069768,0.0024639880587259276,0.11633603761308446
115.0,115.0,0.040432067605807226,0.2555052616142942,0.04740490105386318,0.02387632312303302,0.26407384242531773,0.11622225233114288,0.11622225233114288,-9.347107123982916,0.004695395130414466,0.11152685720072837,0.11958252117619392,0.11958252117619392,-9.223322945237754,0.004831150458292485,0.11475137071790141,0.11944733024783438,0.11944733024783438,-9.228235526666436,0.004825688726016923,0.11462164152181745
115.0,120.0,0.03992840574774641,0.25216433694198603,0.05875606615499288,0.03485450833952593,0.2642881807280608,0.1164109949166662,0.1164109949166662,-9.340059990148998,0.007778336852096985,0.10863265806456916,0.11977672077031197,0.11977672077031197,-9.216275811403836,0.008003227546143622,0.1117734932241683,0.11964131029462095,0.11964131029462095,-9.221188392832518,0.0079941797041079,0.11164713059051301
115.0,125.0,0.039631892731504505,0.2468266234986863,0.06978951419906572,0.045163791808154434,0.2634471737784933,0.11567129717548741,0.11567129717548741,-9.36774394071352,0.011516969308356452,0.10415432786713093,0.11901563656290505,0.11901563656290505,-9.243959761968357,0.01184995298729957,0.10716568357560542,0.1188810865112923,0.1188810865112923,-9.24887234339704,0.011836556329246095,0.10704453018204617
115.0,130.0,0.03940987309471977,0.23905028720011845,0.08036088998201005,0.0546969875861955,0.26105135701142446,0.11357700922439849,0.11357700922439849,-9.447095715958735,0.0157490174502582,0.09782799177414025,0.11686079763802704,0.11686079763802704,-9.323311537213574,0.01620435996528264,0.10065643767274438,0.11672868368386277,0.11672868368386277,-9.328224118642254,0.016186040544972455,0.10054264313889028
115.0,135.0,0.03907382869757634,0.2284564871459821,0.09031580396718591,0.06336334105199855,0.25669239966091884,0.10981572624710917,0.10981572624710917,-9.593354619507522,0.02028595114055373,0.08952977510655538,0.11299076679402116,0.11299076679402116,-9.469570440762359,0.020872467476647522,0.09211829931737357,0.11286302800319545,0.11286302800319545,-9.474483022191041,0.020848870648051108,0.09201415735514427
115.0,140.0,0.03840932029395423,0.21474451102706096,0.09950160816963194,0.07108965328499774,0.2500895634252242,0.10423886045057905,0.10423886045057905,-9.81970345019287,0.024923260884759067,0.07931559956581995,0.10725266020226262,0.10725266020226262,-9.695919271447709,0.02564385315851329,0.0816088070437493,0.10713140847952625,0.10713140847952625,-9.70083185287639,0.025614862163164505,0.0815165463163617
115.0,145.0,0.0372128892611273,0.1977066017647791,0.10777841090339768,0.07782089605273139,0.24113269630609938,0.09690601236188752,0.09690601236188752,-10.136492770814572,0.029453102310444606,0.06745291005144288,0.09970780158646723,0.09970780158646723,-10.01270859206941,0.030304663350596363,0.06940313823587085,0.09959507950862025,0.09959507950862025,-10.017621173498092,0.030270403196757042,0.06932467631186319
115.0,150.0,0.035326968687978216,0.17724526339112223,0.11502695353612344,0.08352051653692111,0.22993641476213658,0.08811584879320422,0.08811584879320422,-10.549459709932483,0.033677334463168514,0.05443851433003571,0.09066349294495751,0.09066349294495751,-10.425675531187322,0.03465102836008696,0.056012464584870574,0.09056099567646887,0.09056099567646887,-10.430588112616002,0.03461185453563054,0.05594914114083835
115.0,155.0,0.03266431582543493,0.15339239529959398,0.12115214938438196,0.0881705526386594,0.2169056802325676,0.0784116095554353,0.0784116095554353,-11.05619631287629,0.03741893453223816,0.04099267502319714,0.08067868047683434,0.08067868047683434,-10.932412134131129,0.038500807214979074,0.04217787326185527,0.08058747127999516,0.08058747127999516,-10.937324715559809,0.03845728112254693,0.04213019015744824
115.0,160.0,0.02921679619745935,0.12632642718469453,0.1260828662713835,0.09177159566429745,0.20280754996615058,0.06854988889883966,0.06854988889883966,-11.639932447498875,0.0405305700331191,0.028019318865720583,0.07053183341788213,0.07053183341788213,-11.516148268753714,0.041702407689185206,0.02882942572869697,0.07045209547671084,0.07045209547671084,-11.521060850182394,0.041655262110091566,0.028796833366619305
115.0,165.0,0.02504834220186123,0.09638234156428363,0.12976995998089125,0.09434260889976227,0.18883258611778686,0.05942817589256572,0.05942817589256572,-12.260075999109139,0.04290027325418588,0.01652790263837983,0.061146389435709145,0.061146389435709145,-12.136291820363976,0.04414062481138583,0.017005764624323315,0.061077261965637945,0.061077261965637945,-12.141204401792658,0.044090722768947474,0.01698653919669047
115.0,170.0,0.020276626762974443,0.06405054687559156,0.13218476919264502,0.09592053784115329,0.1765989154389015,0.05197740368311729,0.05197740368311729,-12.841854176833404,0.044454890660130406,0.007522513022986877,0.05348019722514382,0.05348019722514382,-12.718069998088243,0.045740189999105264,0.00774000722603856,0.05341973657052136,0.05341973657052136,-12.722982579516927,0.04568847960958932,0.007731256960932042
115.0,175.0,0.015050567538981277,0.029963140998287334,0.1333191088289421,0.09655938387759319,0.16799407369158115,0.047035573210326496,0.047035573210326496,-13.275735589726308,0.04516176835259028,0.0018738048577362177,0.048395486377535234,0.048395486377535234,-13.151951410981146,0.04646750525011861,0.0019279811274166246,0.048340774111332474,0.048340774111332474,-13.156863992409827,0.04641497261314519,0.0019258014981872738
115.0,180.0,0.009530304031505031,-0.005131348444123907,0.13318598378948698,0.09632797422673822,0.1647262648407611,0.04522350512250266,0.04522350512250266,-13.446357799745751,0.04502824733628599,0.00019525778621666862,0.04653102698065918,0.04653102698065918,-13.322573621000588,0.04633012381550159,0.0002009031651575971,0.04647842253083521,0.04647842253083521,-13.32748620242927,0.04627774649155806,0.00020067603927715174
120.0,-180.0,0.008993708090843407,-0.005060599751078508,0.13950441764634647,0.060945389938109676,0.15258545000300133,0.0388029517586398,0.0388029517586398,-14.11135236165346,0.0386254618483681,0.0001774899102717031,0.03992483975577714,0.03992483975577714,-13.987568182908296,0.03974221817920372,0.00018262157657341607,0.03987970376016423,0.03987970376016423,-13.992480764336978,0.03969728864169383,0.000182415118470404
120.0,-175.0,0.006651974306666496,-0.03693986241963786,0.13802078018220004,0.06007364907595321,0.15513665354506742,0.04011135713470089,0.04011135713470089,-13.967326437740047,0.03776340878730636,0.0023479483473945397,0.04127107432318231,0.04127107432318231,-13.843542258994885,0.03885524106112394,0.0024158332620583802,0.04122441637687656,0.04122441637687656,-13.848454840423566,0.0388113142726684,0.0024131021042081598
120.0,-170.0,0.0042373558219414055,-0.06821698902169682,0.13529276150128175,0.05894236991127696,0.16263408947987676,0.04408203990198916,0.04408203990198916,-13.557383166590116,0.03629636869943605,0.007785671202553105,0.045356559215957576,0.045356559215957576,-13.433598987844952,0.037345785265393616,0.008010773950563951,0.04530528253030747,0.04530528253030747,-13.438511569273635,0.037303564953171685,0.00800171757713577
120.0,-165.0,0.001834531934206983,-0.0981034179984625,0.13137685622335343,0.05759975203676527,0.17379659351157378,0.05034090720754326,0.05034090720754326,-12.980789621750258,0.03429520834567444,0.016045698861868803,0.05179638564414369,0.05179638564414369,-12.857005443005097,0.035286766483871225,0.016509619160272458,0.05173782857918114,0.05173782857918114,-12.861918024433779,0.03524687394211145,0.016490954637069684
120.0,-160.0,-0.0004891081031091621,-0.12586094016040894,0.1263355881084317,0.05605513009084665,0.18693334083839516,0.058238751142789,0.058238751142789,-12.347879464973994,0.0318373473279476,0.026401403814841403,0.05992257551475357,0.05992257551475357,-12.224095286228833,0.032757842708043626,0.027164732806709956,0.0598548315958777,0.0598548315958777,-12.229007867657513,0.032720809175691264,0.02713402242018644
120.0,-155.0,-0.002689820881766239,-0.15084874325831787,0.1202327221986636,0.05427232719673363,0.20040950941918953,0.06693837543524954,0.06693837543524954,-11.743248319852347,0.029001638392089985,0.03793673704315956,0.06887372716868971,0.06887372716868971,-11.619464141107185,0.02984014650899268,0.039033580659697045,0.0687958637566799,0.0687958637566799,-11.624376722535867,0.029806411502661855,0.03898945225401805
120.0,-150.0,-0.004753834307359629,-0.17256605766818583,0.1131321417803382,0.052168512737652724,0.21288982696415215,0.0755350178381198,0.0755350178381198,-11.218516638925127,0.025866782643809556,0.04966823519431026,0.07771891947537793,0.07771891947537793,-11.094732460179964,0.026614654433387747,0.051104265041990185,0.07763105635983535,0.07763105635983535,-11.099645041608646,0.026584565923750823,0.05104649043608454
120.0,-145.0,-0.006700604444742207,-0.19068583044596002,0.10510140012083266,0.04962028789740833,0.22341544555193887,0.08318880899897503,0.08318880899897503,-10.799350933833958,0.022513598397319125,0.0606752106016559,0.08559400041051037,0.08559400041051037,-10.675566755088797,0.02316452145006598,0.06242947896044439,0.08549723432577085,0.08549723432577085,-10.680479336517477,0.02313833339909468,0.06235890092667615
120.0,-140.0,-0.00857965444374334,-0.20507532972573925,0.0962187820510002,0.046477243100491866,0.23140373695792993,0.08924404662126799,0.08924404662126799,-10.494207455885283,0.019029865249614496,0.07021418137165347,0.09182430972452721,0.09182430972452721,-10.37042327714012,0.019580065078315154,0.07224424464621203,0.09172050012463308,0.09172050012463308,-10.375335858568802,0.019557929341844294,0.07216257078278876
120.0,-135.0,-0.010459207521922635,-0.21580114626343866,0.08658085702700352,0.042581418231409734,0.2366198464472694,0.0933127211913719,0.0933127211913719,-10.300591454645534,0.015515337776245476,0.07779738341512642,0.09601061960219355,0.09601061960219355,-10.17680727590037,0.015963924041820638,0.08004669556037289,0.09590207727787452,0.09590207727787452,-10.181719857329053,0.01594587644012896,0.07995620083774554
120.0,-130.0,-0.012407652251336124,-0.22311821703899287,0.07630684191871208,0.03778958642062251,0.23913693895861893,0.09530854724113305,0.09530854724113305,-10.208681502199294,0.012084360245835143,0.08322418699529789,0.0980641498519735,0.0980641498519735,-10.084897323454133,0.012433748580960122,0.08563040127101337,0.09795328596211,0.09795328596211,-10.089809904882813,0.012419691927888122,0.08553359403422188
120.0,-125.0,-0.014471784074956091,-0.2274444642525669,0.06553692173093169,0.03199458807612996,0.2392888602287554,0.09542968281241972,0.09542968281241972,-10.203165196712954,0.008864360790569386,0.08656532202185035,0.09818878774814252,0.09818878774814252,-10.07938101796779,0.009120651086088472,0.08906813666205407,0.09807778295212716,0.09807778295212716,-10.084293599396473,0.009110339969752709,0.08896744298237444
120.0,-120.0,-0.01665754416522343,-0.22932384351552768,0.054423645721662604,0.025142255494127897,0.23761516198954907,0.09409939178244262,0.09409939178244262,-10.264131836543864,0.005989969256699184,0.08810942252574343,0.09682003475917544,0.09682003475917544,-10.140347657798701,0.00616315388074821,0.09065688087842723,0.09671057737147236,0.09671057737147236,-10.145260239227383,0.006156186286432872,0.09055439108503949
120.0,-115.0,-0.01891890189427049,-0.22938096222880594,0.04311783809337987,0.017241623176188933,0.23479772616764105,0.09188112238648484,0.09188112238648484,-10.367737082606459,0.0035939512157595636,0.08828717117072522,0.09453762978339833,0.09453762978339833,-10.243952903861295,0.0036978611130358717,0.09083976867036242,0.09443075270964525,0.09443075270964525,-10.248865485289977,0.0036936805917364476,0.09073707211790875
120.0,-110.0,-0.021158609151151718,-0.22827034854424377,0.031752296111248156,0.008367688192513864,0.2315885689746911,0.08938666959728393,0.08938666959728393,-10.487272435307693,0.0017970018543034608,0.08758966774298049,0.09197105627871584,0.09197105627871584,-10.36348825656253,0.001848957561789753,0.09012209871692611,0.09186708077829797,0.09186708077829797,-10.368400837991212,0.0018468672706099289,0.09002021350768807
120.0,-105.0,-0.023241456856514287,-0.22662342490925916,0.020427327067388333,-0.0013425457713386476,0.2287300158586145,0.0871936460544932,0.0871936460544932,-10.595151616730927,0.0006984470789965512,0.08649519897549662,0.08971462707530937,0.08971462707530937,-10.471367437985766,0.0007186408879478869,0.08899598618736149,0.08961320252260348,0.08961320252260348,-10.476280019414446,0.0007178284470673701,0.0888953740755361
120.0,-100.0,-0.02501738284023402,-0.2249965433069673,0.009201751783385543,-0.011699053464674253,0.2268718890301555,0.08578273575664358,0.08578273575664358,-10.666001074899476,0.0003692247811525552,0.085413510975491,0.08826292391876074,0.08826292391876074,-10.542216896154315,0.0003798999703185052,0.08788302394844222,0.08816314055153501,0.08816314055153501,-10.547129477582995,0.00037947048422667544,0.08778367006730833
120.0,-95.0,-0.026349256941420818,-0.22382397737820625,-0.0019083890442471267,-0.022470854209753678,0.22649511568337405,0.08549804812414928,0.08549804812414928,-10.680437998751888,0.0008476154270487592,0.08465043269710053,0.08797000527230092,0.08797000527230092,-10.556653820006726,0.0008721220568461356,0.0870978832154548,0.08787055305667962,0.08787055305667962,-10.561566401435407,0.0008711361017972859,0.08699941695488235
120.0,-90.0,-0.027139008243860147,-0.2233801652277781,-0.01292307654786108,-0.0333995430499799,0.22785468915310716,0.08652756043749533,0.08652756043749533,-10.62845540633396,0.002137508614582357,0.08439005182291295,0.08902928329817401,0.08902928329817401,-10.504671227588798,0.002199309203192054,0.08682997409498194,0.08892863354316066,0.08892863354316066,-10.50958380901748,0.002196822831019894,0.08673181071214074
120.0,-85.0,-0.027346139035555207,-0.22375532125238937,-0.0238849956268228,-0.044213299735139586,0.23095359706762425,0.0888971789937879,0.0888971789937879,-10.511120204343998,0.00420874899495755,0.08468842999883036,0.09146741330773527,0.09146741330773527,-10.387336025598836,0.004330434195861252,0.08713697911187401,0.09136400718786013,0.09136400718786013,-10.392248607027517,0.004325538535413721,0.08703846865244641
120.0,-80.0,-0.026994409904954962,-0.22484751149401558,-0.03484247886542144,-0.05464097630845379,0.23555198198401253,0.09247238179545214,0.09247238179545214,-10.339879561778524,0.006999226146953328,0.08547315564849878,0.0951459839442866,0.0951459839442866,-10.21609538303336,0.007201590849833654,0.08794439309445291,0.0950384191114616,0.0950384191114616,-10.221007964462043,0.007193449277444325,0.08784496983401724
120.0,-75.0,-0.026165160907287845,-0.22637243949955513,-0.0458320731362518,-0.06442616931798369,0.24120615089843842,0.0969650609764068,0.0969650609764068,-10.13384725100585,0.010418604915367056,0.08654645606103976,0.0997685574404844,0.0997685574404844,-10.010063072260687,0.010719832200192462,0.08904872524029196,0.09965576667667708,0.09965576667667708,-10.014975653689369,0.010707713170983612,0.08894805350569349
120.0,-70.0,-0.02497878475849231,-0.22788986573147502,-0.056863809132085795,-0.07334112306066809,0.2473259867299252,0.10194783772118553,0.10194783772118553,-9.916219810257727,0.014353683708232425,0.08759415401295313,0.10489539841669464,0.10489539841669464,-9.792435631512566,0.014768683720786525,0.09012671469590815,0.1047768116353397,0.1047768116353397,-9.797348212941246,0.014751987367145347,0.09002482426819439
120.0,-65.0,-0.023568623713100263,-0.22884335675847173,-0.06791136510387055,-0.08119995413829682,0.25323930978137577,0.10688106200991786,0.10688106200991786,-9.710992395358613,0.018675203466345845,0.08820585854357202,0.10997125425446844,0.10997125425446844,-9.58720821661345,0.019215149157676557,0.09075610509679188,0.10984692909549625,0.10984692909549625,-9.592120798042131,0.019193425967467467,0.0906535031280288
120.0,-60.0,-0.022053346725574928,-0.22860853270933365,-0.07890817122375986,-0.08787020951798333,0.2582554637097256,0.11115718879720758,0.11115718879720758,-9.540624452096935,0.023245574366347475,0.0879116144308601,0.11437101429900974,0.11437101429900974,-9.416840273351774,0.02391766063005193,0.09045335366895782,0.11424171510504375,0.11424171510504375,-9.421752854780454,0.023890621137047763,0.09035109396799598
120.0,-55.0,-0.020514160158839667,-0.22654453991226164,-0.08974943875465322,-0.0932813932793693,0.2617243577124538,0.11416337611427624,0.11416337611427624,-9.42473196462084,0.027926642221801367,0.08623673389247483,0.11746411782516333,0.11746411782516333,-9.300947785875678,0.02873406957691261,0.08873004824825066,0.11733132180295605,0.11733132180295605,-9.305860367304359,0.02870158501726759,0.0886297367856884
120.0,-50.0,-0.018981866535026773,-0.22204410446600412,-0.10029930698203521,-0.09742902233670202,0.26308983439088907,0.11535771720973027,0.11535771720973027,-9.379533467042817,0.032586507915664614,0.08277120929406569,0.11869299023534342,0.11869299023534342,-9.255749288297656,0.03352866335596729,0.08516432687937615,0.11855880494319658,0.11855880494319658,-9.260661869726336,0.0334907583922555,0.08506804655094108
120.0,-45.0,-0.01743616880138895,-0.21457878574802453,-0.1104017830665445,-0.1003731062558984,0.2619377587124418,0.11434962175866575,0.11434962175866575,-9.417652675976434,0.037104649454289894,0.07724497230437581,0.11765574828548794,0.11765574828548794,-9.293868497231273,0.038177435388712724,0.0794783128967752,0.117522735620417,0.117522735620417,-9.298781078659955,0.03813427487594028,0.07938846074447668
120.0,-40.0,-0.015816514592761843,-0.20373730207329763,-0.1198938064645878,-0.10223066717074936,0.2580400831822718,0.11097185981803769,0.11097185981803769,-9.547871354036861,0.04137508213845512,0.06959677767958257,0.1141803270069325,0.1141803270069325,-9.4240871752917,0.042571336699717174,0.0716089903072153,0.11405124338955569,0.11405124338955569,-9.42899975672038,0.04252320877539067,0.07152803461416501
120.0,-35.0,-0.014041124787968706,-0.18925555375904965,-0.12861853814879748,-0.10316288461455692,0.2513963542525744,0.1053310633813785,0.1053310633813785,-9.774435313249679,0.04530778111893901,0.060023282262439505,0.10837644138427667,0.10837644138427667,-9.650651134504516,0.046617739601748136,0.06175870178252856,0.10825391919977234,0.10825391919977234,-9.655563715933198,0.046565037121211725,0.06168888207856064
120.0,-30.0,-0.01202936355275766,-0.1710371836132131,-0.13643691395291074,-0.10335846014893271,0.24227345405383743,0.0978250728951995,0.0978250728951995,-10.095498198088709,0.04882885425868304,0.04899621863651643,0.10065343440189267,0.10065343440189267,-9.971714019343546,0.05024061555580106,0.050412818846091605,0.10053964326330883,0.10053964326330883,-9.976626600772228,0.0501838173264985,0.0503558259368103
120.0,-25.0,-0.009722509396630531,-0.14916360744306895,-0.14323575109043685,-0.10301560354001121,0.23124230568291756,0.08911957365283346,0.08911957365283346,-10.500268998259196,0.05187993602763039,0.037239637625203076,0.09169623793891703,0.09169623793891703,-10.376484819514037,0.053379911541959466,0.03831632639695759,0.09159257312726975,0.09159257312726975,-10.381397400942715,0.05331956426272395,0.038273008864545814
120.0,-20.0,-0.007099019972366193,-0.12389294510301212,-0.14893134654733847,-0.10232538032175595,0.21920512624768032,0.08008292560759088,0.08008292560759088,-10.964600694944696,0.05441710038640506,0.025665825221185802,0.08239831835331914,0.08239831835331914,-10.840816516199537,0.05599043151188914,0.026407886841429987,0.08230516506432772,0.08230516506432772,-10.845729097628219,0.05592713297677806,0.02637803208754964
120.0,-15.0,-0.0041820242454694775,-0.09564836191003563,-0.15346847238181088,-0.10145880162458662,0.20739469353184214,0.07168590932019629,0.07168590932019629,-11.445662014573696,0.05640943844857261,0.01527647087162367,0.07375852384010319,0.07375852384010319,-11.321877835828536,0.05804037292784506,0.015718150912258123,0.0736751380474782,0.0736751380474782,-11.326790417257214,0.05797475688445283,0.015700381163025353
120.0,-10.0,-0.0010385111083952708,-0.06499759629970212,-0.1568156889927093,-0.10055892440784302,0.1973043933174873,0.06488017751909705,0.06488017751909705,-11.878879705191752,0.05783740005711833,0.007042777461978738,0.06675602172970167,0.06675602172970167,-11.755095526446588,0.05950962039007957,0.00724640133962212,0.06668055243483767,0.06668055243483767,-11.76000810787527,0.05944234332694586,0.007238209107891817
120.0,-5.0,0.002228827016051876,-0.032626173136988575,-0.15895863109025962,-0.09973762140523665,0.19048589019949955,0.06047336591077642,0.06047336591077642,-12.184358581545233,0.0586910164955936,0.001782349415182848,0.06222179844714109,0.06222179844714109,-12.060574402800073,0.06038791696223233,0.0018338814849087849,0.062151455201209065,0.062151455201209065,-12.065486984228752,0.060319646963611105,0.0018318082375979937
120.0,0.0,0.005495058096626487,0.0006935292558486927,-0.15989314874934335,-0.0990751570586898,0.18818178022725185,0.05901924690917264,0.05901924690917264,-12.29006336436828,0.05896812036981089,5.1126539361746656e-05,0.06072563731780291,0.06072563731780291,-12.166279185623116,0.06067303258546238,5.2604732340515135e-05,0.06065698551816304,0.06065698551816304,-12.171191767051798,0.06060444025674295,5.254526142008906e-05
120.0,5.0,0.00862914270222396,0.034136412054206214,-0.15961990518823485,-0.09861996313811244,0.1909035567855498,0.06073884903669755,0.06073884903669755,-12.165334419493156,0.0586726364952767,0.002066212541420857,0.06249495733789232,0.06249495733789232,-12.041550240747995,0.06036900555126732,0.00212595178662502,0.06242430527923694,0.06242430527923694,-12.046462822176679,0.06030075693245293,0.0021235483467840254
120.0,10.0,0.011509991037113917,0.06686230845491486,-0.1581414411109071,-0.09838649308435896,0.1982212541673262,0.0654845665823816,0.0654845665823816,-11.838610425713828,0.05781300034154135,0.007671566240840261,0.06737788515524396,0.06737788515524396,-11.714826246968663,0.059484515219200895,0.00789336993604307,0.06730171282875806,0.06730171282875806,-11.719738828397347,0.05941726653806922,0.00788444629068886
120.0,15.0,0.014040054477964165,0.09805775104211484,-0.15546207195481843,-0.0983506487279793,0.20893480224912528,0.07275453862044869,0.07275453862044869,-11.381399090591149,0.05640084778328698,0.01635369083716171,0.07485804982040198,0.07485804982040198,-11.257614911845987,0.05803153388546865,0.016826515934933332,0.0747734209871004,0.0747734209871004,-11.26252749327467,0.05796592783482732,0.01680749315227308
120.0,20.0,0.016154738850237056,0.12698119682765183,-0.15159045491062428,-0.09844433976726932,0.22148623882157056,0.08175833049334341,0.08175833049334341,-10.87467985420361,0.05445030728712747,0.02730802320621595,0.0841221632815551,0.0841221632815551,-10.75089567545845,0.056024598505121384,0.028097564776433742,0.08402706114423783,0.08402706114423783,-10.755808256887132,0.055961261343399245,0.028065799800838596
120.0,25.0,0.01782672371148277,0.15300865927012683,-0.14654425384920167,-0.09855228897572305,0.23434422094112112,0.0915265335319544,0.0915265335319544,-10.384529857582464,0.05197839543371486,0.039548138098239545,0.09417278890004568,0.09417278890004568,-10.260745678837303,0.053481217649670613,0.04069157125037508,0.09406632428772292,0.09406632428772292,-10.265658260265983,0.05342075584143357,0.04064556844628935
120.0,30.0,0.01906500108825364,0.17567435075388407,-0.14035595682509813,-0.09851445004444942,0.24623128002579797,0.10104735818768724,0.10104735818768724,-9.95475036324902,0.0490069979126077,0.05204036027507955,0.10396888382311682,0.10396888382311682,-9.83096618450386,0.05042390977735127,0.05354497404576556,0.10385134448888719,0.10385134448888719,-9.83587876593254,0.05036690432950432,0.05348444015938288
120.0,35.0,0.019909035971528016,0.19469999633423288,-0.13307852623989777,-0.09813615359797567,0.2562129135602937,0.10940585095568911,0.10940585095568911,-9.609594515873972,0.04556659114104031,0.0638392598146488,0.1125690410080143,0.1125690410080143,-9.48581033712881,0.04688403245296873,0.06568500855504558,0.11244177898837523,0.11244177898837523,-9.490722918557491,0.04683102892193248,0.06561075006644275
120.0,40.0,0.020418959244299234,0.21000767814830823,-0.12478929608187062,-0.09720581378352208,0.263707219142346,0.11589976521951004,0.11589976521951004,-9.359174437945967,0.04170124863956946,0.07419851657994056,0.11925071017543988,0.11925071017543988,-9.235390259200804,0.04290693347007867,0.0763437767053612,0.11911589436743064,0.11911589436743064,-9.240302840629486,0.042858426145497903,0.07625746822193273
120.0,45.0,0.020663230115729903,0.22171407695824608,-0.11559059248579236,-0.09551762600606511,0.2684565196625213,0.12011200851874784,0.12011200851874784,-9.204135706760624,0.037473787066610184,0.08263822145213767,0.12358473970444268,0.12358473970444268,-9.080351528015461,0.038557245669935375,0.08502749403450732,0.12344502417137496,0.12344502417137496,-9.085264109444143,0.038513655772466786,0.08493136839890819
120.0,50.0,0.02070574733596424,0.2301075612123899,-0.10560610995689446,-0.0928950821784229,0.2704817266526857,0.12193106816952458,0.12193106816952458,-9.138856215722695,0.03296946785781116,0.0889616003117134,0.12545639280741286,0.12545639280741286,-9.015072036977536,0.03392269560429176,0.09153369720312109,0.12531456132530788,0.12531456132530788,-9.019984618406216,0.03388434517760653,0.09143021614770132
120.0,55.0,0.020594776284987286,0.23561230348581835,-0.09497307640950209,-0.08921085335496397,0.2700291909463272,0.12152341029042463,0.12152341029042463,-9.153400514433988,0.028296769352092143,0.09322664093833251,0.1250369485445258,0.1250369485445258,-9.029616335688825,0.029114897985484247,0.09592205055904156,0.12489559125429046,0.12489559125429046,-9.034528917117507,0.02908198289012553,0.09581360836416494
120.0,60.0,0.02035603075306428,0.23874463009434593,-0.08383138708608458,-0.08439962327220683,0.2675151664040249,0.11927113050717107,0.11927113050717107,-9.234646642818692,0.023584440820718963,0.09568668968645218,0.1227195498581861,0.1227195498581861,-9.11086246407353,0.024266324540301434,0.09845322531788474,0.12258081244313573,0.12258081244313573,-9.115775045502211,0.024238890874325757,0.09834192156881003
120.0,65.0,0.019991625831538934,0.24006624265699364,-0.07231177224599414,-0.07846232780266701,0.2634706724787495,0.11569193316353693,0.11569193316353693,-9.366969219877443,0.018975101779741578,0.0967168313837954,0.11903686918771163,0.11903686918771163,-9.24318504113228,0.019523718262929906,0.09951315092478177,0.11890229513210372,0.11890229513210372,-9.248097622560962,0.019501646227894735,0.09940064890420905
120.0,70.0,0.019485450417614302,0.24013764219265943,-0.06052538439429464,-0.07146228356488912,0.25848781422769773,0.11135729336340427,0.11135729336340427,-9.532813335131776,0.014616622526257745,0.0967406708371465,0.11457690437638055,0.11457690437638055,-9.409029156386614,0.015039224741493721,0.09953767963488683,0.1144473724187094,0.1144473724187094,-9.413941737815296,0.015022222534694497,0.09942514988401491
120.0,75.0,0.018814072140078467,0.23947402603688367,-0.048556890773579824,-0.0635152520611092,0.2531674097169494,0.10682037897995862,0.10682037897995862,-9.713458855635412,0.010653013834617541,0.09616736514534106,0.10990881673007367,0.10990881673007367,-9.58967467689025,0.010961018453151089,0.09894779827692257,0.10978456215823083,0.10978456215823083,-9.594587258318931,0.01094862675705811,0.09883593540117272
120.0,80.0,0.017960958029689996,0.23850567032966047,-0.03646240168385368,-0.05477621859596511,0.24806751430401486,0.1025600698659533,0.1025600698659533,-9.890216919751442,0.00721639808857796,0.09534367177737535,0.10552533168633943,0.10552533168633943,-9.766432741006279,0.007425041762092766,0.09810028992424669,0.10540603275020893,0.10540603275020893,-9.77134532243496,0.007416647573050318,0.09798938517715863
120.0,85.0,0.016930880221047703,0.2375452529653569,-0.0242726095763427,-0.04542553961258904,0.24365352682892838,0.09894273755902995,0.09894273755902995,-10.046160776959832,0.0044209612207261285,0.0945217763383038,0.10180341347775487,0.10180341347775487,-9.922376598214669,0.004548781994779431,0.09725463148297542,0.10168832226005133,0.10168832226005133,-9.927289179643351,0.004543639486871663,0.09714468277317967
120.0,90.0,0.015761043944840382,0.2367651178490395,-0.01200057531012937,-0.0356563858801577,0.24025303993520986,0.09620027227225132,0.09620027227225132,-10.168236987920311,0.0023589305287484152,0.09384134174350293,0.09898165682915046,0.09898165682915046,-10.044452809175148,0.0024271329650667924,0.09655452386408368,0.09886975567548953,0.09886975567548953,-10.049365390603832,0.0024243890326294095,0.09644536664286014
120.0,95.0,0.014525778350216404,0.23618742100193657,0.00034718385024180365,-0.025664472919202895,0.23802159940449105,0.09442157848493639,0.09442157848493639,-10.249287435619607,0.0010979503113626031,0.09332362817357377,0.09715153666522933,0.09715153666522933,-10.125503256874444,0.0011296947333703088,0.09602184193185902,0.09704170450661498,0.09704170450661498,-10.130415838303126,0.0011284175861897257,0.09591328692042524
120.0,100.0,0.013332576866511651,0.23568897995555121,0.012758187242553318,-0.01564026806055122,0.23692708204236934,0.0935551995994374,0.0935551995994374,-10.289320703276184,0.0006789662153743058,0.09287623338406309,0.09626010865257474,0.09626010865257474,-10.165536524531023,0.0006985967850337543,0.09556151186754099,0.09615128427485857,0.09615128427485857,-10.170449105959705,0.0006978070044956894,0.09545347727036288
120.0,105.0,0.012308839603282874,0.23502049902617525,0.025202178895555014,-0.005763375509776621,0.23675833420017564,0.09342198041817801,0.09342198041817801,-10.295509305017772,0.0011139176210270595,0.09230806279715094,0.09612303777979012,0.09612303777979012,-10.171725126272609,0.0011461236969102372,0.09497691408287985,0.09601436836400619,0.09601436836400619,-10.17663770770129,0.001144827976389578,0.09486954038761657
120.0,110.0,0.011580731037132752,0.23383720422579274,0.03762202235958878,0.0038013706430322057,0.23715779219051736,0.09373748895748026,0.09373748895748026,-10.280866845529179,0.0023830554993564783,0.09135443345812379,0.09644766844066287,0.09644766844066287,-10.157082666784017,0.00245195544742924,0.09399571299323364,0.0963386320220763,0.0963386320220763,-10.161995248212698,0.002449183452576031,0.0938894485695003
120.0,115.0,0.011247791569825437,0.2317356805179466,0.04992889875858717,0.012906542369684117,0.23767080638458682,0.09414346907765499,0.09414346907765499,-10.262098024865658,0.00443235185644847,0.0897111172212065,0.09686538643652122,0.09686538643652122,-10.138313846120496,0.004560501961568545,0.09230488447495268,0.09675587777765157,0.09675587777765157,-10.143226427549179,0.004555346203955261,0.0922005315736963
120.0,120.0,0.011358757733630005,0.2282907733849421,0.06200273312054894,0.02142382627497268,0.23780037392027903,0.09424614270729854,0.09424614270729854,-10.257364155011198,0.0071720297779394575,0.08707411292935907,0.09697102861127539,0.09697102861127539,-10.133579976266034,0.007379390655354931,0.08959163795592046,0.09686140052137569,0.09686140052137569,-10.138492557694716,0.007371048075991221,0.08949035244538446
120.0,125.0,0.011894748140957263,0.2230873296297109,0.07369790880279653,0.02924510354294349,0.23705716508427854,0.09365795936631584,0.09365795936631584,-10.284553089242491,0.010477516231114096,0.08318044313520173,0.09636583945500138,0.09636583945500138,-10.160768910497328,0.010780446785794935,0.08558539266920642,0.09625689554605943,0.09625689554605943,-10.165681491926012,0.01076825923033309,0.08548863631572634
120.0,130.0,0.012764994302189012,0.2157441322765219,0.08485334417455392,0.03628322695994515,0.23500008142023374,0.09203956207715915,0.09203956207715915,-10.360254563650384,0.014193936564100175,0.07784562551305897,0.0947006503520518,0.0947006503520518,-10.236470384905223,0.014604317897006044,0.08009633245504577,0.09459358897960855,0.09459358897960855,-10.241382966333905,0.014587807362898431,0.08000578161671014
120.0,135.0,0.013817539631669803,0.20593068151757518,0.09530504476452364,0.042472844412640626,0.23126902962098922,0.08914017337465953,0.08914017337465953,-10.499265255607611,0.018144562647322022,0.07099561072733747,0.09171743324895516,0.09171743324895516,-10.37548107686245,0.018669166218049205,0.07304826703090593,0.09161374447549797,0.09161374447549797,-10.38039365829113,0.01864806027474,0.07296568420075793
120.0,140.0,0.014863386260955312,0.1933800954894195,0.10489857905721423,0.04777151494379003,0.22561607015212087,0.0848356865328912,0.0848356865328912,-10.71421421279789,0.022142527555855867,0.06269315897703535,0.08728849319157443,0.08728849319157443,-10.590430034052726,0.02278272204532963,0.06450577114624483,0.08718981144182035,0.08718981144182035,-10.595342615481409,0.022756965627806644,0.0644328458140137
120.0,145.0,0.015708651389507375,0.17790216277859694,0.11349889774313054,0.052161069659966426,0.2179420065677036,0.07916266537724735,0.07916266537724735,-11.014795916871773,0.026004015663911084,0.05315864971333625,0.08145145115469427,0.08145145115469427,-10.891011738126611,0.02675585519488742,0.054695595959806824,0.08135936832193971,0.08135936832193971,-10.895924319555292,0.026725607054379322,0.05463376126756038
120.0,150.0,0.016186836558385737,0.15939913400274594,0.12099573358791232,0.05564877428249543,0.2083431093754109,0.0723430477036908,0.0723430477036908,-11.406031990162798,0.029560559622696884,0.04278248808099392,0.07443466169738738,0.07443466169738738,-11.282247811417637,0.030415227515893494,0.0440194341814939,0.07435051151458458,0.07435051151458458,-11.287160392846317,0.03038084236659495,0.043969669147989644
120.0,155.0,0.016183353557351208,0.13788394430906767,0.12730432843904713,0.058267570621398916,0.1971684174913031,0.0647907816812538,0.0647907816812538,-11.884867803910328,0.03266840007115024,0.03212238161010355,0.06666404124010061,0.06666404124010061,-11.761083625165167,0.03361292321344814,0.03305111802665248,0.06658867593140164,0.06658867593140164,-11.765996206593849,0.03357492299193242,0.03301375293946921
120.0,160.0,0.015647097281635606,0.11349768154762445,0.1323628594884235,0.06007470456965614,0.18508228459555642,0.057091075104508296,0.057091075104508296,-12.434317785459692,0.03521399822524237,0.021877076879265937,0.05874171736239149,0.05874171736239149,-12.310533606714529,0.03623212082029259,0.022509596542098914,0.058675308432177074,0.058675308432177074,-12.315446188143211,0.036191159532623196,0.02248414889955389
120.0,165.0,0.014588131767754845,0.08652163847715882,0.13612891447206454,0.06114839029335287,0.173115610226393,0.0499471807964295,0.0499471807964295,-13.014890199326377,0.03711613722878275,0.012831043567646746,0.05139127564196882,0.05139127564196882,-12.891106020581216,0.03818925530279118,0.01320202033917764,0.051333176563648,0.051333176563648,-12.896018602009896,0.03814608142732039,0.013187095136327593
120.0,170.0,0.01306476881887765,0.05737976382697259,0.13857717438367662,0.061582595700276486,0.1626627641302013,0.044097585824956216,0.044097585824956216,-13.55585185851867,0.0383258460000346,0.0057717398249216,0.045372554609482675,0.045372554609482675,-13.43206767977351,0.03943393970576665,0.00593861490371602,0.04532125984065387,0.04532125984065387,-13.436980261202189,0.03938935868451655,0.005931901156137307
120.0,175.0,0.011165815851219802,0.026629264889953926,0.13969918301642725,0.06148028318934568,0.15533666710954647,0.040214852822335875,0.040214852822335875,-13.956135163824104,0.03882523024024722,0.0013896225820886658,0.04137756232362987,0.04137756232362987,-13.832350985078941,0.03994776236263733,0.0014297999609925568,0.041330783990067704,0.041330783990067704,-13.837263566507623,0.039902600452463736,0.001428183537603973
120.0,180.0,0.008993708090843384,-0.0050605997510785134,0.13950441764634647,0.060945389938109676,0.15258545000300133,0.0388029517586398,0.0388029517586398,-14.11135236165346,0.0386254618483681,0.00017748991027170257,0.03992483975577714,0.03992483975577714,-13.987568182908296,0.03974221817920372,0.00018262157657341553,0.03987970376016423,0.03987970376016423,-13.992480764336978,0.03969728864169383,0.00018241511847040344
125.0,-180.0,0.00856334730114693,-0.00493238244543131,0.15000230912774903,0.028920360585998645,0.15308409229462422,0.03905697870907933,0.03905697870907933,-14.083013550247214,0.03889421702095047,0.000162761688128843,0.04018621124506567,0.04018621124506567,-13.959229371502051,0.04001874371946751,0.00016746752559815105,0.040140779762671455,0.040140779762671455,-13.964141952930733,0.039973501563155676,0.00016727819951576874
125.0,-175.0,0.009707322564274591,-0.03370236716797459,0.14833640384963023,0.028193228835437886,0.15501170447195212,0.040046770739860404,0.040046770739860404,-13.974324984661997,0.03799668293125218,0.0020500878086081972,0.041204620578105165,0.041204620578105165,-13.850540805916832,0.0390952597296555,0.002109360848449632,0.04115803775936321,0.04115803775936321,-13.855453387345516,0.039051061594298234,0.002106976165064951
125.0,-170.0,0.010691068359737727,-0.0619534621874983,0.14533217541529897,0.027584760288052658,0.16073235713689676,0.04305713666417158,0.04305713666417158,-13.659548545008533,0.03646974115775808,0.006587395506413497,0.044302023525230556,0.044302023525230556,-13.53576436626337,0.03752417034443675,0.006777853180793803,0.044251939017648075,0.044251939017648075,-13.540676947692052,0.03748174836357459,0.006770190654073481
125.0,-165.0,0.011552278700825935,-0.08897713026463368,0.14104752269646165,0.027121936660111874,0.16935285046409798,0.04779952048712528,0.04779952048712528,-13.205764601000158,0.034382528490450044,0.01341699199667525,0.04918152123379493,0.04918152123379493,-13.081980422254995,0.03537661126705427,0.01380490996674066,0.04912592033620276,0.04912592033620276,-13.086893003683677,0.03533661715359717,0.013789303182605602
125.0,-160.0,0.01231696495270982,-0.11411066598026207,0.13555018203086877,0.02678011743600054,0.17962176442344857,0.05377203027066829,0.05377203027066829,-12.694435655555765,0.03181762796965546,0.021954402301012848,0.05532671084542473,0.05532671084542473,-12.570651476810601,0.03273755321499687,0.02258915763042787,0.05526416266255735,0.05526416266255735,-12.575564058239282,0.032700542620406434,0.02256362004215092
125.0,-155.0,0.012994794371002455,-0.1367801458119262,0.12891399412603083,0.026481032586192964,0.19025702598704142,0.06032813861942977,0.06032813861942977,-12.194800743153102,0.028866091554962326,0.03146204706446745,0.062072372280512156,0.062072372280512156,-12.071016564407941,0.029700680682130186,0.032371691598381984,0.062002197964470464,0.062002197964470464,-12.075929145836621,0.02966710334528502,0.032335094619185455
125.0,-150.0,0.013575020008825461,-0.1565382791853056,0.12121745277713793,0.026096641811234292,0.2001579865759501,0.06677045959869121,0.06677045959869121,-11.754156343927189,0.02562390560999969,0.041146553988691506,0.06870095647565717,0.06870095647565717,-11.630372165182026,0.02636475523201943,0.042336201243637725,0.06862328838508859,0.06862328838508859,-11.635284746610708,0.026334949239465246,0.042288339145623334
125.0,-145.0,0.014025175559982242,-0.17309341234324296,0.11254542481803555,0.025459400865591487,0.2085010520021979,0.07245277422164813,0.07245277422164813,-11.3994498070921,0.02219056677686133,0.050262207444786794,0.07454756067666232,0.07454756067666232,-11.27566562834694,0.02283215019740851,0.05171541047925382,0.0744632828588367,0.0744632828588367,-11.28057820977562,0.022806337900165806,0.0516569449586709
125.0,-140.0,0.014294909172118939,-0.18632665816867117,0.10299336143342097,0.024378403624475836,0.21476477140158975,0.07687136737218618,0.07687136737218618,-11.142353937204613,0.018669458602190353,0.05820190876999584,0.07909390613456753,0.07909390613456753,-11.01856975845945,0.019209238195483435,0.05988466793908411,0.07900448856339792,0.07900448856339792,-11.023482339888131,0.01918752168775987,0.059816966875638075
125.0,-135.0,0.01432610884756274,-0.19629545517863953,0.0926718723464107,0.02265969982002196,0.21872055467793702,0.07972925671531453,0.07972925671531453,-10.983822846454121,0.015168872501977272,0.06456038421333724,0.08203442403057365,0.08203442403057365,-10.860038667708958,0.015607441611253494,0.06642698241932012,0.0819416821329029,0.0819416821329029,-10.86495124913764,0.015589797021559375,0.06635188511134349
125.0,-130.0,0.014068256234646824,-0.20322345529153074,0.0817088951025842,0.020128196614906325,0.22040684302436236,0.08096338666256678,0.08096338666256678,-10.917113337786986,0.01180220168057603,0.06916118498199075,0.0833042356853244,0.0833042356853244,-10.793329159041825,0.012143432123239045,0.07116080356208536,0.08321005823490933,0.08321005823490933,-10.798241740470507,0.012129703679934252,0.07108035455497508
125.0,-125.0,0.013495657595240115,-0.20747803901250872,0.07024719048093125,0.016648213118776116,0.22009338976197462,0.08073326502560835,0.08073326502560835,-10.929474833653199,0.008686179978989428,0.0720470850466189,0.08306746067044794,0.08306746067044794,-10.805690654908036,0.00893731863256449,0.07413014203788343,0.08297355089990581,0.08297355089990581,-10.810603236336718,0.008927214777995301,0.07404633612191049
125.0,-120.0,0.012621827409540341,-0.20953765062599256,0.05843636938943573,0.012140047572988954,0.21823731940140248,0.07937734257423508,0.07937734257423508,-11.003034446662497,0.0059368435041670655,0.073440499070068,0.08167233519316296,0.08167233519316296,-10.879250267917334,0.006108492133107383,0.07556384306005556,0.08158000264566813,0.08158000264566813,-10.884162849346016,0.006101586335217951,0.07547841631045016
125.0,-115.0,0.01150645951336347,-0.20995153652080478,0.04642054904621829,0.006590713084978416,0.21543061799730412,0.07734876301771604,0.07734876301771604,-11.115466272635892,0.0036637551397827647,0.07368500787793325,0.07958510445284087,0.07958510445284087,-10.991682093890729,0.0037696832387928434,0.075815421214048,0.07949513157010898,0.07949513157010898,-10.996594675319411,0.003765421520845595,0.07572971004926336
125.0,-110.0,0.010252120528306752,-0.20929460419855525,0.034324350110641215,5.8042719992430596e-05,0.21233817768228125,0.07514406584293697,0.07514406584293697,-11.241053101326244,0.0019635610394061155,0.07318050480353089,0.07731666410426687,0.07731666410426687,-11.117268922581081,0.0020203323792634172,0.0752963317250035,0.07722925574813666,0.07722925574813666,-11.122181504009763,0.0020180483447133765,0.07521120740342332
125.0,-105.0,0.008990477409525282,-0.2081202818635282,0.022240727579370803,-0.007331633744715675,0.20962653272816406,0.07323707997346314,0.07323707997346314,-11.352689797266054,0.0009139831617621063,0.07232309681170107,0.0753545426211165,0.0753545426211165,-11.22890561852089,0.0009404086446775452,0.074414133976439,0.07526935249071236,0.07526935249071236,-11.233818199949573,0.0009393454899918871,0.07433000700072051
125.0,-100.0,0.007860660074626134,-0.20691457411682077,0.010223851101477634,-0.015391313621096978,0.20788662925999427,0.07202638749869815,0.07202638749869815,-11.42508366824374,0.0005690193716326775,0.07145736812706545,0.07410884607335956,0.07410884607335956,-11.301299489498577,0.0005854711098185795,0.07352337496354094,0.07402506423298885,0.07402506423298885,-11.306212070927259,0.0005848092205885688,0.07344025501240024
125.0,-95.0,0.006984439863388855,-0.20605487834931596,-0.0017109479275516349,-0.023885372145054738,0.20755922922644332,0.07179969785928893,0.07179969785928893,-11.438773833108984,0.0009557080599148242,0.07084398979937412,0.073875602283454,0.073875602283454,-11.31498965436382,0.0009833399114258917,0.0728922623720281,0.0737920841308211,0.0737920841308211,-11.319902235792503,0.000982228221906294,0.0728098559089148
125.0,-90.0,0.006443756535135322,-0.2057772940459794,-0.01357986133141813,-0.03254455602982342,0.20887646469654841,0.0727139160995574,0.0727139160995574,-11.383824652498252,0.0020725524408068386,0.07064136365875054,0.074816252803331,0.074816252803331,-11.260040473753088,0.0021324749879687607,0.07268377781536221,0.07473167122256669,0.07473167122256669,-11.26495305518177,0.002130064173491098,0.07260160704907558
125.0,-85.0,0.006265623292240293,-0.20615585123206934,-0.025417346455968833,-0.041082807511566705,0.21183326369188232,0.07478712409369874,0.07478712409369874,-11.26173167060713,0.003889639320113325,0.07089748477358544,0.07694940229828043,0.07694940229828043,-11.137947491861965,0.004002098281832828,0.07294730401644761,0.07686240914049203,0.07686240914049203,-11.142860073290649,0.003997573813066109,0.07286483532742594
125.0,-80.0,0.006417784883771613,-0.20709614546629512,-0.03725963460085435,-0.04921498499672461,0.21619527411261388,0.07789882568861764,0.07789882568861764,-11.084690891926144,0.006350508919124631,0.071548316769493,0.08015107077746439,0.08015107077746439,-10.960906713180982,0.006534117624369411,0.07361695315309497,0.08006045805613322,0.08006045805613322,-10.965819294609664,0.006526730646582354,0.07353372740955086
125.0,-75.0,0.006816113784154854,-0.20834432956070567,-0.04912827029841132,-0.056674610269484685,0.22153874933954606,0.08179710203259512,0.08179710203259512,-10.872620825578604,0.009375776434720512,0.07242132559787462,0.08416205580059175,0.08416205580059175,-10.748836646833443,0.009646853004136756,0.074515202796455,0.08406690856381821,0.08406690856381821,-10.753749228262123,0.009635947003823754,0.07443096155999447
125.0,-70.0,0.007342128260731745,-0.20951052255094588,-0.06101671151984209,-0.06323069740925456,0.22730975800990988,0.08611418137210611,0.08611418137210611,-10.649253225939951,0.0128682971338378,0.07324588423826829,0.08860395243554493,0.08860395243554493,-10.52546904719479,0.013240350996849263,0.07536360143869565,0.0885037835273444,0.0885037835273444,-10.53038162862347,0.013225382460264952,0.07527840106707945
125.0,-65.0,0.007866766380636912,-0.21010386107594511,-0.0728821452423902,-0.06870257021223854,0.232889176865753,0.09039348491339841,0.09039348491339841,-10.438628700569847,0.01671935652194086,0.07367412839145755,0.09300698108179689,0.09300698108179689,-10.314844521824684,0.017202753906719683,0.07580422717507722,0.09290183444336936,0.09290183444336936,-10.319757103253366,0.017183305777945385,0.075718528665424
125.0,-60.0,0.008275175641595554,-0.20957508526113913,-0.08464345297773843,-0.07297146817756461,0.23765425347360594,0.09413035603091512,0.09413035603091512,-10.262702986691446,0.020815091781934414,0.0733152642489807,0.09685189425961015,0.09685189425961015,-10.138918807946284,0.021416906864836313,0.07543498739477385,0.09674240085397236,0.09674240085397236,-10.143831389374965,0.02139269453436219,0.07534970631961016
125.0,-55.0,0.008487146882592514,-0.20736204524003332,-0.09618503726341858,-0.07598779043744548,0.2410326848318847,0.0968256441376519,0.0968256441376519,-10.140096051655584,0.02504225284209334,0.07178339129555861,0.09962510972080657,0.09962510972080657,-10.016311872910421,0.02576628546362109,0.07385882425718551,0.0995124811281109,0.0995124811281109,-10.021224454339103,0.025737156055594387,0.07377532507251655
125.0,-50.0,0.008469006100217641,-0.2029338903882063,-0.10736526829065478,-0.07777309982028478,0.24254864217966324,0.09804742979670805,0.09804742979670805,-10.085637863892336,0.02929256971156155,0.0687548600851465,0.10088222018387494,0.10088222018387494,-9.961853685147174,0.030139489362652074,0.07074273082122287,0.1007681703974389,0.1007681703974389,-9.966766266575855,0.030105415941995426,0.07066275445544348
125.0,-45.0,0.008234972456874087,-0.1958307028620251,-0.11802776827354451,-0.07841650008655322,0.24186190382997105,0.09749300402691001,0.09749300402691001,-10.1102654759909,0.03346538086837371,0.0640276231585363,0.10031176461252188,0.10031176461252188,-9.986481297245739,0.03443294666979495,0.06587881794272693,0.10019835973988694,0.10019835973988694,-9.99139387867442,0.034394019391956535,0.06580434034793042
125.0,-40.0,0.007838564605952718,-0.18569650464905155,-0.12801361333350345,-0.07806563640453885,0.23880193407906541,0.09504170043680879,0.09504170043680879,-10.22085802121757,0.037468665248766166,0.05757303518804264,0.09778958785554974,0.09778958785554974,-10.097073842472406,0.03855197576784254,0.05923761208770721,0.09767903436465444,0.09767903436465444,-10.101986423901089,0.03850839182812556,0.05917064253652892
125.0,-35.0,0.007356845167307169,-0.17230448865824016,-0.13717269913708266,-0.07691324568026553,0.23339870764899026,0.09078945563637163,0.09078945563637163,-10.419645878759852,0.0412190234998568,0.04957043213651483,0.0934144002843622,0.0934144002843622,-10.29586170001469,0.04241076602516391,0.0510036342591983,0.09330879304868614,0.09330879304868614,-10.300774281443372,0.042362819629863095,0.05094597341882305
125.0,-30.0,0.006871554648954337,-0.15557384856363415,-0.1453728710293124,-0.0751807857306657,0.22591118342078487,0.08505776744035418,0.08505776744035418,-10.702860206469104,0.04464131858161814,0.04041644885873603,0.08751699499984995,0.08751699499984995,-10.579076027723941,0.04593200800660371,0.04158498699324625,0.08741805492328279,0.08741805492328279,-10.583988609152623,0.045880080762197475,0.041537974161085324
125.0,-25.0,0.006451293757647657,-0.13557786934057148,-0.15250588272566015,-0.07310108105314717,0.21685200059752302,0.07837280387965395,0.07837280387965395,-11.058346155559406,0.047668564166931666,0.030704239712722306,0.08063875283429772,0.08063875283429772,-10.934561976814244,0.04904677864690983,0.031591974187387906,0.08054758877662277,0.08054758877662277,-10.939474558242924,0.04899133007906645,0.03155625869755632
125.0,-20.0,0.006138057872136178,-0.11254328317671207,-0.15848978197213023,-0.07090200491476414,0.2070018638397778,0.07141460359187213,0.07141460359187213,-11.46212970144601,0.05024232515384615,0.021172278438025976,0.0734793740013089,0.0734793740013089,-11.338345522700848,0.051694953342778203,0.021784420658530687,0.07339630379431872,0.07339630379431872,-11.343258104129529,0.051636510949482156,0.021759792844836562
125.0,-15.0,0.005940045663927859,-0.0868414383754157,-0.16326789442417589,-0.06879285617504756,0.1973970161173296,0.0649411066664008,0.0649411066664008,-11.874803148012399,0.05231353822447258,0.012627568441928248,0.06681871248729375,0.06681871248729375,-11.751018969267236,0.0538260502361072,0.012992662251186591,0.06674317231901417,0.06674317231901417,-11.755931550695918,0.05376519858630275,0.012977973732711458
125.0,-10.0,0.005831212418890881,-0.05897241177113191,-0.16680512185319663,-0.06695427469347492,0.189257950862222,0.05969621355223435,0.05969621355223435,-12.24053214691763,0.05384343745770669,0.005852776094527658,0.06142217671801046,0.06142217671801046,-12.116747968172469,0.05540018258844191,0.006021994129568534,0.06135273746375576,0.06135273746375576,-12.121660549601149,0.05533755134399454,0.006015186119761211
125.0,-5.0,0.0057568323351834426,-0.02954346353176315,-0.1690826833664514,-0.06553146422493995,0.1838186170491234,0.05631414657947673,0.05631414657947673,-12.493824930766188,0.05480425322454962,0.0015098933549271285,0.057942325938344204,0.057942325938344204,-12.370040752021026,0.05638877788306371,0.0015535480552805107,0.05787682073944165,0.05787682073944165,-12.374953333449707,0.05632502900775911,0.0015517917316825573
125.0,0.0,0.005643508297376255,0.0007570507193761357,-0.17009260750895622,-0.06462955433237606,0.18204641368093918,0.05523352663830254,0.05523352663830254,-12.577972263642748,0.05517949072518257,5.4035913119943603e-05,0.05683046263844278,0.05683046263844278,-12.454188084897586,0.05677486441525113,5.559822319162836e-05,0.05676621442785461,0.05676621442785461,-12.459100666326268,0.05671067905979709,5.553536805749598e-05
125.0,5.0,0.0054116340786567185,0.03118988224749215,-0.16983318839269013,-0.06430958525681116,0.18433971133085714,0.05663388104630813,0.05663388104630813,-12.469236757169078,0.05496376282942413,0.0016701182168839853,0.05827130470862035,0.05827130470862035,-12.345452578423917,0.05655289929974703,0.001718405408873326,0.05820542759127248,0.05820542759127248,-12.350365159852597,0.05648896488121699,0.0017164627100554834
125.0,10.0,0.004988229643878163,0.060999330613549285,-0.16830629857379717,-0.06458409884379462,0.19037835153545785,0.060405104799383984,0.060405104799383984,-12.189263578602763,0.05416225059157161,0.006242854207812343,0.062151563740491814,0.062151563740491814,-12.0654793998576,0.0557282133877679,0.0064233503527238835,0.06208129989659197,0.06208129989659197,-12.070391981286281,0.05566521129657925,0.006416088600012685
125.0,15.0,0.004318267348298856,0.08945185334090693,-0.16551701491400772,-0.06541252805182834,0.19923594693525964,0.06615671232643988,0.06615671232643988,-11.794260852868694,0.05278989140494062,0.013366820921499257,0.06806946427249705,0.06806946427249705,-11.670476674123533,0.054316175949110625,0.013753288323386414,0.06799251009911601,0.06799251009911601,-11.675389255552213,0.054254770200350064,0.013737739898765935
125.0,20.0,0.003372992656478599,0.11587756792343742,-0.1614755668527719,-0.06669796568870087,0.2096710880039178,0.07326821577512284,0.07326821577512284,-11.350843842553642,0.05087043040113638,0.022397785373986474,0.0753865786347596,0.0753865786347596,-11.227059663808475,0.052341218645062644,0.02304535998969696,0.07530135228686828,0.07530135228686828,-11.231972245237161,0.05228204563323369,0.023019306653634605
125.0,25.0,0.0021542127322649943,0.13971150883277583,-0.1562012080381659,-0.06828776220687939,0.22042228152487747,0.08097472929645531,0.08097472929645531,-10.916504951887605,0.048435585334497974,0.03253914396195735,0.08331590626242959,0.08331590626242959,-10.792720773142442,0.04983597626761804,0.03347992999481155,0.08322171561814524,0.08322171561814524,-10.797633354571124,0.04977963549280367,0.03344208012534157
125.0,30.0,0.0006940070797288936,0.1605298492643074,-0.14972723660679188,-0.06998023779342104,0.23040354427434048,0.08847423765074186,0.08847423765074186,-10.531831708266726,0.04552472591791598,0.042949511732825865,0.09103224369867462,0.09103224369867462,-10.408047529521562,0.046840956804111517,0.04419128689456308,0.09092932954855278,0.09092932954855278,-10.412960110950245,0.046788001971136674,0.04414132757741609
125.0,35.0,-0.0009501911122809029,0.17807578816904043,-0.14210604531085477,-0.07153853842100674,0.2387965238199237,0.09503739398589335,0.09503739398589335,-10.221054809599286,0.04218549047023566,0.05285190351565769,0.09778515689463252,0.09778515689463252,-10.097270630854123,0.04340517591340226,0.054379980981230265,0.09767460841304557,0.09767460841304557,-10.102183212282805,0.04335610531370571,0.05431850309933987
125.0,40.0,-0.0027046203521260276,0.19227091296915957,-0.13341283681308386,-0.0727107621421816,0.24507398658987598,0.10009973991256828,0.10009973991256828,-9.995670509390944,0.03847549348191521,0.061624246430653125,0.1029938675919007,0.1029938675919007,-9.871886330645781,0.03958791386142114,0.0634059537304796,0.10287743053706916,0.10287743053706916,-9.876798912074463,0.039543158768669276,0.06333427176839991
125.0,45.0,-0.00449110257940518,0.2032102965768354,-0.12374663168518693,-0.07325366104417358,0.2489857874398218,0.1033207697679786,0.1033207697679786,-9.85812366874058,0.034464734225090735,0.06885603554288784,0.10630802527829881,0.10630802527829881,-9.734339489995417,0.035461193770028536,0.07084683150827024,0.1061878414881589,0.1061878414881589,-9.739252071424099,0.03542110403400897,0.0707667374541499
125.0,50.0,-0.006239879631588577,0.21114246846193974,-0.11322756393336351,-0.07295615890047746,0.25052576801960624,0.10460280305574482,0.10460280305574482,-9.80456677463663,0.030237758218802216,0.0743650448369426,0.10762712527600043,0.10762712527600043,-9.680782595891468,0.03111200557547301,0.07651511970052742,0.10750545021145408,0.10750545021145408,-9.685695177320149,0.03107683270174945,0.07642861750970463
125.0,55.0,-0.007900864127483032,0.21643766875391882,-0.10199022232164655,-0.07165894441001386,0.24988937126810412,0.1040720446115243,0.1040720446115243,-9.826659131544297,0.02589440622320833,0.07817763838831597,0.107081021310345,0.107081021310345,-9.702874952799135,0.026643076677856085,0.0804379446324889,0.10695996362952138,0.10695996362952138,-9.707787534227815,0.026612956036185333,0.08034700759333603
125.0,60.0,-0.009450736382899873,0.21954880766252705,-0.09017379537419556,-0.06926739973446733,0.24742732549655494,0.10203139856997932,0.10203139856997932,-9.9126616032339,0.021548302405119426,0.0804830961648599,0.10498137521347804,0.10498137521347804,-9.788877424488739,0.0221713163958426,0.08281005881763544,0.10486269123327781,0.10486269123327781,-9.793790005917419,0.0221462511871731,0.08271644004610472
125.0,65.0,-0.010893939099042401,0.220969336040978,-0.07791071379338366,-0.06575667514799222,0.24359832723111507,0.09889791177112171,0.09889791177112171,-10.048128784316718,0.017322957970658696,0.08157495380046302,0.1017572916669634,0.1017572916669634,-9.924344605571555,0.017823806945836712,0.08393348472112669,0.1016422525910809,0.1016422525910809,-9.929257187000237,0.01780365670160195,0.08383859588947895
125.0,70.0,-0.01225686162061019,0.2211913500556954,-0.06531604612823996,-0.061169290973062854,0.2389219789726796,0.09513727871226996,0.09513727871226996,-10.216492752111268,0.013346132310502681,0.0817911464017673,0.09788792953212261,0.09788792953212261,-10.092708573366105,0.013732001554174998,0.08415592797794763,0.09777726486358679,0.09777726486358679,-10.097621154794789,0.013716477194761231,0.08406078766882559
125.0,75.0,-0.013576060550368495,0.22066640028556103,-0.05247990842113678,-0.05560681118409434,0.2339321009887466,0.09120489775024894,0.09120489775024894,-10.399818392067422,0.009743534181085636,0.08146136356916334,0.09384185384324412,0.09384185384324412,-10.276034213322259,0.010025243524113218,0.08381661031913092,0.09373576336099583,0.09373576336099583,-10.28094679475094,0.010013909744178453,0.0837218536168174
125.0,80.0,-0.014882814650418484,0.21977108284048344,-0.039464601742072065,-0.049217688701209,0.22913023086565162,0.08749904309605684,0.08749904309605684,-10.579966964676826,0.006632903187725595,0.08086613990833127,0.09002885389037642,0.09002885389037642,-10.456182785931663,0.00682467660019096,0.08320417729018549,0.08992707409666685,0.08992707409666685,-10.461095367360345,0.0068169611384641254,0.08311011295820274
125.0,85.0,-0.016187299078067367,0.2187795425519422,-0.026307254779759096,-0.04218336817530024,0.2249400477801585,0.08432805513298254,0.08432805513298254,-10.740279157378051,0.004119083299229198,0.08020897183375333,0.08676618492950153,0.08676618492950153,-10.61649497863289,0.0042381760461253195,0.0825280088833762,0.08666809366185256,0.08666809366185256,-10.62140756006157,0.004233384685744294,0.08243470897610825
125.0,90.0,-0.017465989010256013,0.2178451465891996,-0.01302765535489532,-0.03470434861979942,0.22166569486897775,0.08189087119483948,0.08189087119483948,-10.86764508626348,0.0022901320751805066,0.07960073911965898,0.08425853605807129,0.08425853605807129,-10.743860907518318,0.0023563453803688724,0.08190219067770242,0.08416327974803646,0.08416327974803646,-10.748773488947002,0.0023536814750056596,0.0818095982730308
125.0,95.0,-0.018655525034543506,0.2169933186940338,0.000360067331583941,-0.026987400295123164,0.21945974208345706,0.08026907292558873,0.08026907292558873,-10.954517529149202,0.0012140537699471669,0.07905501915564153,0.08258984764439625,0.08258984764439625,-10.830733350404039,0.0012491550261829068,0.08134069261821333,0.08249647782691544,0.08249647782691544,-10.83564593183272,0.001247742826256081,0.08124873500065934
125.0,100.0,-0.01965524414392063,0.21612654913215118,0.013834016311558903,-0.01923467805003011,0.21830796299980923,0.07942873991272088,0.07942873991272088,-11.000223272062792,0.0009355660372396945,0.07849317387548116,0.08172521855409083,0.08172521855409083,-10.876439093317632,0.0009626155337377247,0.08076260302035308,0.08163282622067922,0.08163282622067922,-10.881351674746313,0.0009615272736276407,0.08067129894705154
125.0,105.0,-0.020339001178835543,0.21504093607727726,0.027351851216031512,-0.011635139644270936,0.2180361882748594,0.07923109904946701,0.07923109904946701,-11.011043197416155,0.0014724657091845167,0.07775863334028246,0.08152186341132525,0.08152186341132525,-10.887259018670994,0.001515038284992815,0.0800068251263324,0.08142970097581398,0.08142970097581398,-10.892171600099676,0.0015133254976202636,0.07991637547819369
125.0,110.0,-0.020574948413292077,0.21345165878080508,0.04084129729742969,-0.004358424160358532,0.21833906330426883,0.07945137247195068,0.07945137247195068,-10.998985962307179,0.00281161280444716,0.07663975966750351,0.08174850547582124,0.08174850547582124,-10.875201783562016,0.002892903389697664,0.07885560208612358,0.08165608681598217,0.08165608681598217,-10.880114364990698,0.002889632892545899,0.07876645392343629
125.0,115.0,-0.020249915608651036,0.21102317373212623,0.054195753537723594,0.0024489038153760858,0.21882416631979948,0.07980481281349934,0.07980481281349934,-10.97970916728,0.004905179157453843,0.0748996336560455,0.08211216463987997,0.08211216463987997,-10.855924988534834,0.005046999853332486,0.07706516478654749,0.0820193348545728,0.0820193348545728,-10.860837569963518,0.005041294098102614,0.07697804075647019
125.0,120.0,-0.01929341859982485,0.20739932310302012,0.06727599201014636,0.008665128513091739,0.21906131282806798,0.07997788042351889,0.07997788042351889,-10.970301097369738,0.007668391928129277,0.07230948849538962,0.08229023605671251,0.08229023605671251,-10.846516918624577,0.007890103846207714,0.07440013221050482,0.08219720495736782,0.08219720495736782,-10.851429500053257,0.007881183893246945,0.0743160210641209
125.0,125.0,-0.017695692435947805,0.2022293324699585,0.07991774482354123,0.014193858599607319,0.218627884776071,0.07966170991171359,0.07966170991171359,-10.98750375842184,0.010980260581051825,0.06868144933066174,0.0819649242840967,0.0819649242840967,-10.863719579676678,0.011297726701360042,0.07066719758273664,0.0818722609575679,0.0818722609575679,-10.86863216110536,0.01128495434846025,0.07058730660910764
125.0,130.0,-0.015514952257689195,0.1951877110813921,0.09194371990193892,0.018964082939661633,0.21714566625171206,0.07858521589000575,0.07858521589000575,-11.046591493970608,0.014688460738419243,0.06389675515158653,0.0808573061940588,0.0808573061940588,-10.922807315225446,0.015113139971621817,0.06574416622243702,0.08076589505653212,0.08076589505653212,-10.927719896654128,0.015096054201869727,0.06566984085466242
125.0,135.0,-0.012871409315318286,0.18598863952003694,0.10317756926064908,0.022930635715903085,0.21431022388385534,0.07654631674003644,0.07654631674003644,-11.160757018692117,0.01861860278403793,0.0579277139559985,0.07875945749566461,0.07875945749566461,-11.036972839946952,0.019156912011562846,0.05960254548410176,0.07867041802675893,0.07867041802675893,-11.041885421375635,0.01913525465985399,0.05953516336690493
125.0,140.0,-0.009928927053804312,0.174397488837122,0.11345688094633312,0.026075518776971833,0.20991775584426506,0.07344071016788764,0.07344071016788764,-11.340631321812202,0.02258679539816004,0.05085391476972759,0.07556406026122814,0.07556406026122814,-11.216847143067039,0.02323983475476905,0.052324225506459085,0.07547863326607156,0.07547863326607156,-11.22175972449572,0.023213561560287813,0.05226507170578375
125.0,145.0,-0.006868593221719198,0.1602427491893236,0.12264261649900642,0.028409878354481527,0.20389519074867046,0.06928711567571808,0.06928711567571808,-11.593475173531582,0.026413265343794914,0.04287385033192317,0.07129037521938274,0.07129037521938274,-11.469690994786419,0.02717693728140232,0.04411343793798042,0.07120977972838445,0.07120977972838445,-11.4746035762151,0.0271462130974254,0.044063566630959054
125.0,150.0,-0.0038607191139439154,0.14343055341724054,0.13062356493733532,0.02997574808341278,0.1963371844449012,0.06424563642392613,0.06424563642392613,-11.921563643603378,0.02993439675622819,0.034311239667697925,0.06610313450347374,0.06610313450347374,-11.797779464858216,0.03079987319295009,0.035303261310523644,0.06602840331338759,0.06602840331338759,-11.802692046286896,0.030765053192423626,0.035263350120963946
125.0,155.0,-0.0010419791238040974,0.1239616710219554,0.13731599472010758,0.03084626601495334,0.18754934320356287,0.058623212450369215,0.058623212450369215,-12.319303866611085,0.03301117984157169,0.025612032608797533,0.06031815253664906,0.06031815253664906,-12.195519687865922,0.033965613583261334,0.026352538953387728,0.0602499614083959,0.0602499614083959,-12.200432269294604,0.033927214636764326,0.026322746771631586
125.0,160.0,0.0014975538918827122,0.10194840430285373,0.14266015973738044,0.031123169385906646,0.1780906866079076,0.05285924244492774,0.05285924244492774,-12.768790652744023,0.03553345094561757,0.017325791499310163,0.05438753209684921,0.05438753209684921,-12.645006473998862,0.03656080969813517,0.017826722398714027,0.05432604567824023,0.05432604567824023,-12.649919055427542,0.03651947681975084,0.017806568858489375
125.0,165.0,0.0037160896972663615,0.0776273384727224,0.14661604474471257,0.030930944032280895,0.16879810685048688,0.04748688271257679,0.04748688271257679,-13.234263388442056,0.03742076485953304,0.010066117853043748,0.04885984433848831,0.04885984433848831,-13.110479209696893,0.03850269046150122,0.010357153876987085,0.048804607104395464,0.048804607104395464,-13.115391791125575,0.038459162240013396,0.010345444864382063
125.0,170.0,0.005612575801815024,0.05136393751377431,0.14916040999458555,0.030407789650515694,0.1607582553563981,0.0430710130613395,0.0430710130613395,-13.658149131973403,0.038621526080471834,0.004449486980867681,0.044316301122892796,0.044316301122892796,-13.534364953228241,0.03973816861865607,0.0045781325042367335,0.044266200474141315,0.044266200474141315,-13.539277534656923,0.03969324365927218,0.004572956814869148
125.0,175.0,0.00721418561308035,0.023646335607330003,0.15028599752354682,0.029694212139378326,0.15517351883598043,0.04013042281016101,0.04013042281016101,-13.96526264558399,0.03911179070535317,0.001018632104807845,0.041290691233831674,0.041290691233831674,-13.84147846683883,0.04024260798986848,0.001048083243963211,0.04124401111013464,0.04124401111013464,-13.84639104826751,0.04019711274959216,0.001046898360542492
125.0,180.0,0.008563347301146908,-0.004932382445431314,0.15000230912774903,0.028920360585998645,0.15308409229462422,0.03905697870907933,0.03905697870907933,-14.083013550247214,0.03889421702095047,0.00016276168812884252,0.04018621124506567,0.04018621124506567,-13.959229371502051,0.04001874371946751,0.00016746752559815056,0.040140779762671455,0.040140779762671455,-13.964141952930733,0.039973501563155676,0.00016727819951576825
130.0,-180.0,0.008217242941185882,-0.004778706215139703,0.16447005691182365,-0.0003320534550061427,0.16474486029834307,0.045233715992497155,0.045233715992497155,-13.44537733086594,0.0450831210159699,0.00015059497652725404,0.04654153307181516,0.04654153307181516,-13.321593152120776,0.04638658402713232,0.0001549490446828419,0.04648891674460139,0.04648891674460139,-13.326505733549459,0.04633414287355591,0.00015477387104548206
130.0,-175.0,0.012977991034748006,-0.03071783830532457,0.16257573050535679,-0.0009062938509872553,0.16596295779283038,0.045905090783222344,0.045905090783222344,-13.381391493981344,0.04405177804317477,0.0018533127400475803,0.04723231894559352,0.04723231894559352,-13.257607315236179,0.04532542241297949,0.0019068965326140348,0.04717892166826551,0.04717892166826551,-13.262519896664863,0.04527418092823716,0.0019047407400283455
130.0,-170.0,0.017491430656369933,-0.056211394059828515,0.15922013262340626,-0.0010563359881489015,0.16975817343176988,0.04802859756790301,0.04802859756790301,-13.185000945480724,0.042252615363884596,0.005775982204018413,0.04941722149182324,0.04941722149182324,-13.061216766735559,0.04347424155148122,0.005942979940342024,0.04936135412939672,0.04936135412939672,-13.066129348164242,0.04342509287141273,0.0059362612579839805
130.0,-165.0,0.02174862863760664,-0.08063324768620801,0.15446707003585627,-0.0007730023386704615,0.17560010460737094,0.05139111716870199,0.05139111716870199,-12.891119412770953,0.03976685189245802,0.011624265276243953,0.0528769597373207,0.0528769597373207,-12.767335234025792,0.04091660859394797,0.011960351143372726,0.05281718105724768,0.05281718105724768,-12.772247815454474,0.0408703513797102,0.011946829677537463
130.0,-160.0,0.025735435907516143,-0.1033982358530141,0.14839315492400912,-0.00010662588184325722,0.18268565251886928,0.05562210232073383,0.05562210232073383,-12.547526003506963,0.036700035042721256,0.018922067278012558,0.057230272991803506,0.057230272991803506,-12.423741824761802,0.03776112258742799,0.019469150404375513,0.0571655727859546,0.0571655727859546,-12.428654406190486,0.03771843272633223,0.01944714005962236
130.0,-155.0,0.029429428396439167,-0.12400034286208536,0.14108482220744273,0.0008345139092370835,0.19012574722121753,0.06024491361178981,0.06024491361178981,-12.200796140407416,0.03317525753893738,0.027069656072852423,0.06198674103486965,0.06198674103486965,-12.07701196166225,0.03413443516713384,0.027852305867735797,0.06191666352701933,0.06191666352701933,-12.081924543090935,0.03409584536375886,0.02782081816326045
130.0,-150.0,0.03279774829945032,-0.1420455990315203,0.13263658727896313,0.001891701347358693,0.19710070349122333,0.06474628683069607,0.06474628683069607,-11.887851331182066,0.029326047136559317,0.03542023969413676,0.0666182599348658,0.0666182599348658,-11.764067152436903,0.030173934701676425,0.036444325233189384,0.06654294638303809,0.06654294638303809,-11.768979733865585,0.03013982233973208,0.03640312404330602
130.0,-145.0,0.035797226265082305,-0.15727663000229442,0.1231512156396377,0.002868896320925237,0.20295771045410635,0.06865143635564057,0.06865143635564057,-11.633503718314069,0.02529015831948223,0.04336127803615836,0.07063631685938941,0.07063631685938941,-11.509719539568907,0.026021358493139447,0.044614958366249985,0.07055646079716399,0.07055646079716399,-11.51463212099759,0.025991940718892322,0.044564520078271684
130.0,-140.0,0.038378244720087225,-0.16958663951648073,0.11274142914890345,0.003550360530212727,0.20725769678523254,0.07159123483656246,0.07159123483656246,-11.451401466186224,0.02120489194267537,0.050386342893887104,0.07366111208618424,0.07366111208618424,-11.327617287441061,0.021817977099161813,0.051843134987022435,0.07357783641989975,0.07357783641989975,-11.332529868869743,0.021793311349101098,0.05178452507079867
130.0,-135.0,0.04049292217292122,-0.1790217421308443,0.10153174526971807,0.0037210414412732554,0.2097879938142013,0.0733499425227826,0.0733499425227826,-11.346002221349199,0.017203830438211224,0.05614611208457136,0.07547066830207079,0.07547066830207079,-11.222218042604036,0.017701235145808444,0.05776943315626233,0.07538534688877964,0.07538534688877964,-11.227130624032718,0.017681223471953982,0.05770412341682565
130.0,-130.0,0.04210663188261698,-0.18577174985885808,0.08965854078187845,0.003187533580689853,0.21055385486754724,0.07388646896770024,0.07388646896770024,-11.31435087866539,0.013414374478596001,0.06047209448910424,0.07602270703539482,0.07602270703539482,-11.19056669992023,0.013802216769828174,0.062220490265566655,0.07593676152898277,0.07593676152898277,-11.195479281348913,0.013786613030417266,0.0621501484985655
130.0,-125.0,0.04321025718839615,-0.19015050594510002,0.07726673586280139,0.001797362861991331,0.20975633535513166,0.07332780616600694,0.07332780616600694,-11.347313081074827,0.009955397100112463,0.06337240906589445,0.07544789192921796,0.07544789192921796,-11.223528902329665,0.01024323191697959,0.06520466001223835,0.07536259626516642,0.07536259626516642,-11.228441483758347,0.01023165169590181,0.06513094456926459
130.0,-120.0,0.04382964411934512,-0.1925675164782231,0.06450254750487759,-0.0005453852636595966,0.20775986663916587,0.07193857550220538,0.07193857550220538,-11.430381661513245,0.006934630092571948,0.0650039454096334,0.0740184952178263,0.0740184952178263,-11.306597482768083,0.007135127165934712,0.06688336805189156,0.07393481552127995,0.07393481552127995,-11.311510064196764,0.00712706073234527,0.06680775478893464
130.0,-115.0,0.04402890558929903,-0.19349299760858865,0.05150318554409197,-0.003869537727549793,0.20505032576019672,0.07007440926767108,0.07007440926767108,-11.544405546860794,0.004445814332998712,0.0656285949346724,0.07210043138972227,0.07210043138972227,-11.420621368115633,0.004574353671158259,0.06752607771856403,0.07201892011065887,0.07201892011065887,-11.425533949544313,0.0045691822538527355,0.06744973785680615
130.0,-110.0,0.04390558144672882,-0.193418689438819,0.038385631025568315,-0.008132188039502376,0.2021832798674177,0.06812852605022311,0.06812852605022311,-11.666710068506976,0.002565921468449564,0.06556260458177357,0.07009828794137576,0.07009828794137576,-11.542925889761815,0.0026401085177997366,0.06745817942357606,0.0700190401338367,0.0700190401338367,-11.547838471190497,0.002637123811356181,0.06738191632248054
130.0,-105.0,0.04357774894310827,-0.19281703458449997,0.02523728217935236,-0.01322006166903741,0.19972260630995742,0.06648029956977199,0.06648029956977199,-11.773070322262651,0.001352785533487366,0.06512751403628463,0.06840240721244159,0.06840240721244159,-11.649286143517488,0.0013918978634503202,0.06701050934899128,0.06832507663902566,0.06832507663902566,-11.65419872494617,0.0013903242892984234,0.06693475234972726
130.0,-100.0,0.043165345450148926,-0.1921016158393601,0.012111052702267231,-0.01895647865859795,0.1981724086158685,0.06545229723086331,0.06545229723086331,-11.84075106069997,0.0008433562657753519,0.06460894096508797,0.06734468281805053,0.06734468281805053,-11.716966881954807,0.0008677397528298712,0.06647694306522067,0.06726854802760873,0.06726854802760873,-11.72187946338349,0.0008667587520815537,0.0664017892755272
130.0,-95.0,0.042769561875501065,-0.1915919955567697,-0.0009734668128994501,-0.025113115321861203,0.19790994008197893,0.06527903605713584,0.06527903605713584,-11.852262672161691,0.0010526688647500458,0.06422636719238578,0.06716641224111106,0.06716641224111106,-11.728478493416528,0.001083104089669766,0.06608330815144128,0.06709047898986212,0.06709047898986212,-11.73339107484521,0.0010818796143371486,0.06600859937552495
130.0,-90.0,0.04245477110047151,-0.1914861222245466,-0.01402260700081871,-0.03142553135305214,0.19913196659930948,0.06608767657039127,0.06608767657039127,-11.79879516254785,0.001973616049928932,0.06411406052046235,0.06799843252432479,0.06799843252432479,-11.67501098380269,0.0020306781046701638,0.06596775441965465,0.06792155865405064,0.06792155865405064,-11.679923565231372,0.0020283823740276795,0.06589317628002297
130.0,-85.0,0.04223696498588947,-0.1918430983186848,-0.027056269161685898,-0.0376112907458049,0.20182761574236288,0.06788904472268681,0.06788904472268681,-11.682003023078547,0.0035776672009269488,0.06431137752175985,0.06985188262443338,0.06985188262443338,-11.558218844333384,0.003681106287608755,0.06617077633682461,0.06977291338405632,0.06977291338405632,-11.563131425762066,0.003676944708044141,0.06609596867601217
130.0,-80.0,0.042081260947737224,-0.19257825437555728,-0.040093028385288845,-0.04338940703072978,0.20578461591885416,0.07057718418026217,0.07057718418026217,-11.513356726885572,0.005816682243539015,0.06476050193672316,0.07261774275158162,0.07261774275158162,-11.38957254814041,0.005984856717295004,0.0666328860342866,0.07253564663952947,0.07253564663952947,-11.394485129569091,0.005978090692229203,0.06655755594730026
130.0,-75.0,0.04190906527231349,-0.1934711952127521,-0.0531355854858754,-0.04849975677247538,0.2106254732480521,0.0739367414189631,0.0739367414189631,-11.31139693808193,0.00862582486990715,0.06531091654905595,0.07607443298586594,0.07607443298586594,-11.18761275933677,0.008875218510039253,0.06719921447582669,0.07598842900201758,0.07598842900201758,-11.19252534076545,0.008865184861158427,0.06712324414085914
130.0,-70.0,0.041613393404848306,-0.19418596351675085,-0.06615926237249473,-0.0527210470555262,0.2158620386679862,0.07765886999054136,0.07765886999054136,-11.098089331363896,0.011927313670467841,0.0657315563200735,0.07990417737477248,0.07990417737477248,-10.974305152618733,0.01227216140597576,0.0676320159687967,0.07981384377239606,0.07981384377239606,-10.979217734047415,0.01225828743110775,0.06755555634128829
130.0,-65.0,0.04107910484892927,-0.19430099976592097,-0.07910544766375677,-0.05588594548074599,0.22095538490289396,0.08136688659917399,0.08136688659917399,-10.895523014145766,0.01563448291967986,0.06573240367949414,0.08371940178945775,0.08371940178945775,-10.771738835400605,0.01608651396201241,0.06763288782744535,0.08362475498373483,0.08362475498373483,-10.776651416829285,0.01606832776945515,0.06755642721427968
130.0,-60.0,0.04020380612342203,-0.19334549295724004,-0.09188076736364648,-0.057892142433935964,0.22537169573975238,0.08465200774307176,0.08465200774307176,-10.723627370069448,0.019655496212521707,0.06499651153055003,0.08709950379984747,0.08709950379984747,-10.599843191324286,0.0202237845586189,0.06687571924122855,0.0870010357071652,0.0870010357071652,-10.604755772752966,0.020200921081728374,0.06680011462543682
130.0,-55.0,0.038915155891989295,-0.190838262210092,-0.10436158578333339,-0.05870844209660066,0.22862994869895684,0.08711736999716399,0.08711736999716399,-10.598952440530148,0.023896139962960507,0.06322123003420348,0.08963614569108344,0.08963614569108344,-10.475168261784983,0.024587035665151257,0.06504911002593217,0.0895348098634779,0.0895348098634779,-10.480080843213667,0.02455923942750309,0.06497557043597478
130.0,-50.0,0.037181286272875806,-0.18632555036412593,-0.1164025166922025,-0.05837544605704552,0.2303408286909585,0.08842607903174785,0.08842607903174785,-10.534196319409778,0.028261398511449615,0.06016468052029821,0.09098269269652004,0.09098269269652004,-10.410412140664619,0.029078504487549763,0.06190418820897027,0.0908798345650029,0.0908798345650029,-10.415324722093299,0.02904563053591944,0.06183420402908347
130.0,-45.0,0.035012775522772516,-0.17941488905150563,-0.1278471229186193,-0.0570009296116112,0.2302381151728109,0.08834723474973276,0.08834723474973276,-10.538070392724002,0.03265588534885228,0.055691349400880476,0.09090156883396724,0.09090156883396724,-10.414286213978839,0.03360004665999823,0.057301522173969006,0.09079880241493603,0.09079880241493603,-10.419198795407521,0.033562060995737185,0.057236741419198836
130.0,-40.0,0.032456591097366885,-0.16980319252133563,-0.13853893808200693,-0.05475052633322539,0.22820432071885668,0.08679330855287,0.08679330855287,-10.615137560514444,0.03698355786530659,0.049809750687563416,0.08930271483987036,0.08930271483987036,-10.491353381769281,0.03805284274648276,0.0512498720933876,0.08920175596389517,0.08920175596389517,-10.496265963197963,0.03800982308870153,0.051191932875193635
130.0,-35.0,0.029584119475969117,-0.15729812749457422,-0.14833125758847557,-0.051834758598153334,0.22429205339283706,0.0838429000958545,0.0838429000958545,-10.765337080101148,0.04114737089973054,0.04269552919612396,0.08626700287668948,0.08626700287668948,-10.641552901355986,0.04233704177356779,0.04392996110312168,0.0861694759464075,0.0861694759464075,-10.646465482784668,0.042289178725314014,0.043880297221093476
130.0,-30.0,0.026476385011403637,-0.1418324065235453,-0.15709464670500461,-0.04849373908432621,0.21874140270484052,0.0797444567216441,0.0797444567216441,-10.982994963444243,0.04504955659617294,0.03469490012547116,0.0820500635061674,0.0820500635061674,-10.85921078469908,0.04635204917807691,0.035698014328090506,0.08195730392769177,0.08195730392769177,-10.864123366127762,0.04629964706698144,0.03565765686071034
130.0,-25.0,0.02320967845877074,-0.12347098437102387,-0.16472163931859712,-0.0449809950288907,0.211991229840539,0.07489870466987758,0.07489870466987758,-11.255256931094644,0.0485930358147563,0.026305668855121297,0.07706420894112315,0.07706420894112315,-11.131472752349481,0.04999797902536917,0.02706622991575398,0.07697708599165218,0.07697708599165218,-11.136385333778163,0.04994145510252445,0.02703563088912774
130.0,-20.0,0.01984420214370579,-0.10241134747329332,-0.17112855584083303,-0.041547799868848635,0.2046779879423454,0.06982015301399157,0.06982015301399157,-11.56019203744994,0.05168411953248406,0.018136033481507514,0.07183882396747769,0.07183882396747769,-11.43640785870478,0.053178433514234034,0.01866039045324366,0.0717576084419235,0.0717576084419235,-11.44132044013346,0.05311831401077498,0.018639294431148524
130.0,-15.0,0.016417315215603683,-0.07897729296783333,-0.17625473049127255,-0.03842910147172458,0.19760937959492383,0.0650809115924991,0.0650809115924991,-11.865463725019367,0.05423626534351449,0.010844646248984584,0.06696255951486686,0.06696255951486686,-11.741679546274204,0.055804368086752223,0.011158191428114604,0.0668868567240484,0.0668868567240484,-11.746592127702886,0.05574127990083708,0.011145576823211288
130.0,-10.0,0.012941875768850995,-0.0536067792316048,-0.18005972249312105,-0.03583162766145251,0.19169399608013582,0.06124287072873225,0.06124287072873225,-12.129444601614512,0.056174358591615854,0.005068512137116383,0.06301355152663057,0.06301355152663057,-12.005660422869349,0.05779849633873429,0.0052150551878962685,0.06294231318471968,0.06294231318471968,-12.010573004298031,0.05773315374266788,0.005209159442051781
130.0,-5.0,0.009409269964440865,-0.026834477501053406,-0.18251929950959267,-0.03392415080256882,0.18781045297098373,0.058786558783874704,0.058786558783874704,-12.307219615648822,0.05743888462715983,0.0013476741567148758,0.060486221611147965,0.060486221611147965,-12.183435436903663,0.05909958290684209,0.0013866387043058707,0.060417840476746865,0.060417840476746865,-12.188348018332345,0.059032769400986465,0.0013850710757604065
130.0,0.0,0.005796091821656152,0.0007305046895810191,-0.18362110270671392,-0.03282943463945284,0.18662424669769534,0.05804631490721011,0.05804631490721011,-12.362253464036911,0.05798943571805466,5.687918915544703e-05,0.05972457547814601,0.05972457547814601,-12.23846928529175,0.059666051772872375,5.852370527363621e-05,0.059657055403093635,0.059657055403093635,-12.24338186672043,0.059598597860282286,5.845754281135358e-05
130.0,5.0,0.0020730854756224465,0.028431506728511424,-0.18336089602603067,-0.032617314376433504,0.18840848082515435,0.05916153228596613,0.05916153228596613,-12.279605862856599,0.05780715043023797,0.0013543818557281585,0.060872036511951985,0.060872036511951985,-12.155821684111437,0.05947849617269057,0.001393540339261404,0.06080321920448729,0.06080321920448729,-12.160734265540118,0.059411254296236345,0.0013919649082509335
130.0,10.0,-0.0017851659757467664,0.055595626816684264,-0.1817401524065021,-0.033298785412392465,0.19295686731852835,0.062052459175910235,0.062052459175910235,-12.072410024752482,0.056895813097318663,0.005156646078591562,0.06384654715084909,0.06384654715084909,-11.94862584600732,0.05854080985422232,0.005305737296626775,0.06377436708726643,0.06377436708726643,-11.953538427436001,0.058474628054798215,0.005299739032468203
130.0,15.0,-0.005791279550644613,0.08156881955856402,-0.17876545905361851,-0.03482175869565055,0.19964131704714924,0.06642619417957617,0.06642619417957617,-11.77660629300997,0.05528143800158326,0.011144756177992899,0.06834673750342234,0.06834673750342234,-11.652822114264808,0.056879759236118176,0.011466978267304147,0.068269469865957,0.068269469865957,-11.657734695693488,0.056815455294535716,0.011454014571421275
130.0,20.0,-0.009938151016593521,0.10575309112335254,-0.17444987955548422,-0.03706990952742226,0.207579916651556,0.07181401112206758,0.07181401112206758,-11.437908153765768,0.053010315573812104,0.018803695548255485,0.0738903293775775,0.0738903293775775,-11.314123975020607,0.05454297311844027,0.01934735625913724,0.07380679457560901,0.07380679457560901,-11.319036556449289,0.05448131097000216,0.019325483605606868
130.0,25.0,-0.014195134225721533,0.12764277360946366,-0.16881603710345186,-0.039866358021314136,0.21582947059102164,0.07763543827207393,0.07763543827207393,-11.099399909481406,0.05014578675268845,0.027489651519385486,0.07988006818816126,0.07988006818816126,-10.975615730736244,0.05159562378093265,0.02828444440722861,0.0797897618418026,0.0797897618418026,-10.980528312164925,0.05153729368210529,0.028252468159697314
130.0,30.0,-0.01850805071051255,0.14685582447339549,-0.16190030917819218,-0.042983486790711185,0.22353628647614487,0.08327882364560107,0.08327882364560107,-10.794654180776408,0.046764382021326996,0.036514441624274065,0.08568661760016572,0.08568661760016572,-10.670870002031247,0.04811645438967692,0.037570163210488804,0.08558974680945639,0.08558974680945639,-10.675782583459927,0.04806205757587563,0.03752768923358074
130.0,35.0,-0.022803316899902806,0.16315593953677024,-0.15375718100945363,-0.04615906287789405,0.23002561089040258,0.08818422523537983,0.08818422523537983,-10.546090963415317,0.042952204414540875,0.04523202082083894,0.09073384631688429,0.09073384631688429,-10.422306784670155,0.04419405742827542,0.04653978888860885,0.0906312695122095,0.0906312695122095,-10.427219366098836,0.04414409497897315,0.04648717453323632
130.0,40.0,-0.026995882018017753,0.17646225372774538,-0.14446255855463727,-0.04911735364014689,0.23483962589258478,0.09191391774031371,0.09191391774031371,-10.366187221267298,0.03880232794024445,0.053111589800069255,0.09457137333091234,0.09457137333091234,-10.242403042522135,0.039924197901270136,0.0546471754296422,0.09446445810926384,0.09446445810926384,-10.247315623950817,0.03987906263128926,0.054585395477974565
130.0,45.0,-0.03099993164807166,0.186845306416778,-0.134114800337789,-0.051592640999171935,0.23774091900024114,0.09419902170151791,0.09419902170151791,-10.259536075238811,0.03441348970754925,0.05978553199396867,0.09692254522226353,0.09692254522226353,-10.135751896493648,0.03540846764847129,0.06151407757379222,0.09681297194400608,0.09681297194400608,-10.14066447792233,0.035368437520605596,0.06144453442340047
130.0,50.0,-0.034740550322692916,0.19451014587308255,-0.12283250174134493,-0.05335189598087883,0.23869510043795084,0.09495668119508699,0.09495668119508699,-10.224744726955024,0.029889709640172058,0.0650669715549149,0.09770211050014095,0.09770211050014095,-10.100960548209862,0.030753894063352258,0.06694821643678868,0.09759165590450872,0.09759165590450872,-10.105873129638542,0.0307191260433423,0.0668725298611664
130.0,55.0,-0.038163986860669276,0.19976923174630412,-0.11074869060622532,-0.05421355776323944,0.2378415820708217,0.094278809146585,0.094278809146585,-10.25585911768558,0.02534004020551145,0.06893876894107355,0.09700463951701306,0.09700463951701306,-10.132074938940416,0.026072682586183196,0.07093195693082988,0.09689497342917265,0.09689497342917265,-10.136987520369098,0.0260432067888093,0.07085176664036337
130.0,60.0,-0.04124409425439195,0.20300871283269312,-0.09800196790307038,-0.054060237272150896,0.23545808069303487,0.0923986694438003,0.0923986694438003,-10.343342826475986,0.020877666419085564,0.07152100302471472,0.09507014038872344,0.09507014038872344,-10.219558647730821,0.021481290687401546,0.07358884970132185,0.0949626612988698,0.0949626612988698,-10.224471229159505,0.021457005569461007,0.07350565572940874
130.0,65.0,-0.04398307997600562,0.2046516883648205,-0.0847260188691865,-0.05284439096458586,0.2319220834775918,0.08964430940225987,0.08964430940225987,-10.47477274128986,0.0166179883783147,0.07302632102394517,0.09223614507897918,0.09223614507897918,-10.350988562544698,0.017098454962768492,0.0751376901162107,0.09213186988927016,0.09213186988927016,-10.35590114397338,0.01707912474646937,0.07505274514280079
130.0,70.0,-0.046405847413224,0.20512154197335433,-0.07103954562931408,-0.05058720028454543,0.22767088424195595,0.08638801732909623,0.08638801732909623,-10.635464932705613,0.012675837828490959,0.07371217950060525,0.08888570565808852,0.08888570565808852,-10.511680753960453,0.01304232722347048,0.07584337843461803,0.088785218221065,0.088785218221065,-10.516593335389132,0.013027582557544664,0.0757576356635203
130.0,75.0,-0.04854866359460616,0.20480781720472105,-0.05703881507949762,-0.047371767410546106,0.22316076155600623,0.08299925377653318,0.08299925377653318,-10.80925812228634,0.009162302099916217,0.07383695167661695,0.08539896468415802,0.08539896468415802,-10.68547394354118,0.009427206605531657,0.07597175807862636,0.08530241909201765,0.08530241909201765,-10.69038652496986,0.0094165489207772,0.07588587017124045
130.0,80.0,-0.05044426982025107,0.20403668538103606,-0.04279460980960067,-0.04333219441775456,0.21882561788052202,0.07980587158061736,0.07980587158061736,-10.979651549994697,0.0061816172030555215,0.07362425437756184,0.08211325401853828,0.08211325401853828,-10.855867371249534,0.006360342836768723,0.07575291118176958,0.08202042300166223,0.08202042300166223,-10.860779952678216,0.006353152315576075,0.07566727068608617
130.0,85.0,-0.0521065117205392,0.20304787047509373,-0.028354513762801906,-0.03864020462761877,0.21503620656192368,0.07706580128710798,0.07706580128710798,-11.131383016797852,0.0038283162489859616,0.07323748503812201,0.07929396160830124,0.07929396160830124,-11.00759883805269,0.003939002211118388,0.07535495939718284,0.07920431786958682,0.07920431786958682,-11.01251141948137,0.003934549073983516,0.07526976879560329
130.0,90.0,-0.05351789190282194,0.2019797383901723,-0.01375037002841991,-0.03349083035087939,0.21206293374230778,0.07494938070614639,0.07494938070614639,-11.252319513015518,0.00218446252522495,0.07276491818092146,0.07711635014522727,0.07711635014522727,-11.128535334270355,0.0022476206659378024,0.07486872947928949,0.07702916824886576,0.07702916824886576,-11.133447915699037,0.002245079676490185,0.07478408857237559
130.0,95.0,-0.054623086568262,0.20086384739973334,0.0009903361708492788,-0.028088468311908626,0.21004739845165327,0.07353145032615689,0.07353145032615689,-11.335268679676705,0.0013165403465694328,0.07221490997958746,0.07565742393883824,0.07565742393883824,-11.21148450093154,0.0013546047397565931,0.07430281919908165,0.0755718913937892,0.0755718913937892,-11.216397082360224,0.00135307332638174,0.07421881806740746
130.0,100.0,-0.05533047868811383,0.19962940643119087,0.015831268535289156,-0.022634368699970486,0.2089887688221739,0.07279212757309861,0.07279212757309861,-11.37915586846779,0.001271542893405753,0.07152058467969287,0.0748967255613732,0.0748967255613732,-11.25537168972263,0.0013083063004483517,0.07358841926092485,0.07481205300421234,0.07481205300421234,-11.26028427115131,0.0013068272285773413,0.07350522577563501
130.0,105.0,-0.05552227972606248,0.19811682917534493,0.030714760463887235,-0.017316374671615977,0.2087492632097026,0.07262538049615144,0.07262538049615144,-11.389115792564002,0.0020720400881488912,0.07055334040800253,0.07472515741964342,0.07472515741964342,-11.265331613818839,0.002131947821945561,0.07259320959769783,0.07464067882441051,0.07464067882441051,-11.270244195247521,0.00212953760344182,0.07251114122096868
130.0,110.0,-0.05507204358751369,0.19609817925270803,0.045552586267918034,-0.012301418066734189,0.20907842761337406,0.07285459843379648,0.07285459843379648,-11.375430312461358,0.0037105175871482428,0.06914408084664825,0.07496100260705471,0.07496100260705471,-11.251646133716198,0.0038177977025910513,0.07114320490446369,0.07487625738314128,0.07487625738314128,-11.256558715144877,0.003813481590080414,0.07106277579306089
130.0,115.0,-0.05386661910100979,0.19330121680628745,0.060221955486753784,-0.007730865769658111,0.20965071733805646,0.07325397966987093,0.07325397966987093,-11.351687764111789,0.006143938934693019,0.06711004073517793,0.07537193092897514,0.07537193092897514,-11.227903585366626,0.006321575197749788,0.06905035573122535,0.07528672114066899,0.07528672114066899,-11.232816166795308,0.006314428504309371,0.06897229263635964
130.0,120.0,-0.05182824148748114,0.1894334249819183,0.0745677062962853,-0.003718324172923093,0.21010796718118221,0.07357386312145178,0.07357386312145178,-11.33276439984651,0.009290062396119392,0.06428380072533238,0.0757010629915133,0.0757010629915133,-11.20898022110135,0.009558660763575874,0.06614240222793742,0.07561548111146123,0.07561548111146123,-11.213892802530033,0.009547854466720854,0.06606762664474036
130.0,125.0,-0.04893196714834723,0.1842030587829365,0.08841039532752887,-0.00034905615567879314,0.210099081664263,0.07356764033998471,0.07356764033998471,-11.333131735994542,0.013027226160636264,0.06054041417934845,0.07569466029425323,0.07569466029425323,-11.20934755724938,0.013403875049528,0.06229078524472522,0.07560908565260505,0.07560908565260505,-11.214260138678062,0.013388721645052686,0.06222036400755236
130.0,130.0,-0.04521433467303973,0.17733579560895177,0.10155869086497185,0.002320085467171499,0.2093128542420829,0.07301806467882406,0.07301806467882406,-11.365696820744029,0.017198845622081158,0.05581921905674294,0.07512919506001035,0.07512919506001035,-11.241912641998868,0.01769610620648334,0.05743308885352705,0.07504425969046666,0.07504425969046666,-11.24682522342755,0.01767610033101866,0.05736815935944803
130.0,135.0,-0.040771012624926606,0.1685874601759956,0.11382351075555158,0.004261197018011229,0.207504112247927,0.07176157036207996,0.07176157036207996,-11.441080661718274,0.0216227395890863,0.050138830772993685,0.07383637242728672,0.07383637242728672,-11.317296482973111,0.0222479057403913,0.05158846668689545,0.07375289862495371,0.07375289862495371,-11.322209064401793,0.022222753945617988,0.051530144679335754
130.0,140.0,-0.03574387402079484,0.15775480337553355,0.12503101697722577,0.005476813292832922,0.2045163886055872,0.06970994637726789,0.06970994637726789,-11.567052513341515,0.02610396949779997,0.04360597687946793,0.07172543098803157,0.07172543098803157,-11.443268334596354,0.026858698937956546,0.044866732050075034,0.07164434365597931,0.07164434365597931,-11.448180916025038,0.026828334530113015,0.04481600912586632
130.0,145.0,-0.030300646736230827,0.14468678397996143,0.1350320456009992,0.006002037388885696,0.2003049486236069,0.06686854537615844,0.06686854537615844,-11.7477812411547,0.030448745641816793,0.03641979973434164,0.06880187815223628,0.06880187815223628,-11.62399706240954,0.0313290931596016,0.03747278499263467,0.06872409596727486,0.06872409596727486,-11.628909643838218,0.03129367486312106,0.03743042110415379
130.0,150.0,-0.024612130134351005,0.12929799980238116,0.14370671505473506,0.00590622497466093,0.19496213259995107,0.06334889613726448,0.06334889613726448,-11.982609483523095,0.0344766935024579,0.0288722026348066,0.06518046726748068,0.06518046726748068,-11.858825304777934,0.03547349881927966,0.029706968448201046,0.06510677917498918,0.06510677917498918,-11.863737886206616,0.035433395172104726,0.02967338400288448
130.0,155.0,-0.018832282400841404,0.11158416921347641,0.15096444387096966,0.00529270500984811,0.18874309979196377,0.05937186411779979,0.05937186411779979,-12.2641931517425,0.03802956412390852,0.02134229999389128,0.06108844955015926,0.06108844955015926,-12.140408972997339,0.03912909159780689,0.021959357952352383,0.06101938758252804,0.06101938758252804,-12.14532155442602,0.03908485521470556,0.02193453236782249
130.0,160.0,-0.013085162984145193,0.09163762704662964,0.15674088971949743,0.004295145193035005,0.1820846807486773,0.055256749806612555,0.055256749806612555,-12.576146638018052,0.04097595928066864,0.014280790525943908,0.056854357245202755,0.056854357245202755,-12.452362459272893,0.04216067422643136,0.014693683018771385,0.056790082021184525,0.056790082021184525,-12.457275040701575,0.042113010565949266,0.01467707145523526
130.0,165.0,-0.007460288238287854,0.06965948517459017,0.16099392186054817,0.003069830636439723,0.1756034353637878,0.051393066745179045,0.051393066745179045,-12.890954661683015,0.043213093165633994,0.008179973579545042,0.052878965680809804,0.052878965680809804,-12.767170482937853,0.044462489109614145,0.00841647657119564,0.05281918473296921,0.05281918473296921,-12.772083064366536,0.044412223191812934,0.008406961541156261
130.0,170.0,-0.0020153781424415915,0.04596491041724785,0.16370046486966686,0.0017840644766157002,0.17005252077909463,0.04819529760132382,0.04819529760132382,-13.169953336578965,0.044667322819342506,0.0035279747819813,0.049588741229883555,0.049588741229883555,-13.046169157833805,0.04595876409027936,0.0036299771396041776,0.049532679960250584,0.049532679960250584,-13.051081739262486,0.045906806597474314,0.0036258733627762586
130.0,175.0,0.003216303768380226,0.020978873944218344,0.16485508883940767,0.0006017730171002933,0.16621678678434076,0.04604561555519635,0.04604561555519635,-13.368117168425346,0.04529487030557783,0.0007507452496185375,0.0473769066315427,0.0473769066315427,-13.244332989680185,0.04660445550527609,0.0007724511262666299,0.04732334589434363,0.04732334589434363,-13.249245571108867,0.04655176804273158,0.0007715778516120633
130.0,180.0,0.008217242941185856,-0.004778706215139702,0.16447005691182365,-0.0003320534550061427,0.16474486029834307,0.045233715992497155,0.045233715992497155,-13.44537733086594,0.0450831210159699,0.0001505949765272533,0.04654153307181516,0.04654153307181516,-13.321593152120776,0.04638658402713232,0.00015494904468284115,0.04648891674460139,0.04648891674460139,-13.326505733549459,0.04633414287355591,0.00015477387104548127
135.0,-180.0,0.007908025942984627,-0.004625722538379928,0.18244634957771,-0.027344721439609494,0.1847115005844487,0.0568625577832498,0.0568625577832498,-12.451736088353886,0.05672267077333269,0.00013988700991709666,0.05850659304789566,0.05850659304789566,-12.327951909608723,0.0583626615632603,0.00014393148463534997,0.05844044993139753,0.05844044993139753,-12.332864491037405,0.058296681164781795,0.0001437687666157211
135.0,-175.0,0.016356053156102182,-0.02801833018714369,0.18030835890948213,-0.027747342857081424,0.1852931909962697,0.057221262968182744,0.057221262968182744,-12.42442560825419,0.05546705879344221,0.0017542041747405646,0.058875669274804754,0.058875669274804754,-12.30064142950903,0.057070746777901235,0.0018049224969035546,0.05880910890871813,0.05880910890871813,-12.305554010937712,0.05700622692029003,0.001802881988428124
135.0,-170.0,0.024476337712970156,-0.05102874794611664,0.17656292417436165,-0.027489527689579622,0.18743842869162455,0.05855389477392656,0.05855389477392656,-12.32444212076365,0.053215646830232596,0.005338247943693943,0.060246830717076406,0.060246830717076406,-12.200657942018488,0.054754241002400034,0.0054925897146763485,0.06017872021986285,0.06017872021986285,-12.205570523447168,0.05469234001051654,0.005486380209346293
135.0,-165.0,0.03221519077594796,-0.07311469939449848,0.17128263031519889,-0.026576210121767124,0.19086019012986444,0.06071125665847293,0.06071125665847293,-12.167307775999209,0.05007221099761954,0.0106390456608534,0.06246656719670021,0.06246656719670021,-12.043523597254048,0.051519920771292874,0.010946646425407346,0.06239594723378513,0.06239594723378513,-12.048436178682728,0.05146167625654628,0.010934270977238847
135.0,-160.0,0.03952046360520928,-0.09376956158567645,0.16455508308422817,-0.02507453233172476,0.19509409336023628,0.06343468097647087,0.06343468097647087,-11.976732399308887,0.04617742466922795,0.017257256307242903,0.06526873235566506,0.06526873235566506,-11.852948220563723,0.04751252666861606,0.01775620568704898,0.06519494447735957,0.06519494447735957,-11.857860801992409,0.047458812609689566,0.017736131867669994
135.0,-155.0,0.046339881760648405,-0.11255518559037898,0.15648028947098833,-0.02311001271304488,0.19959010026901866,0.06639211607088646,0.06639211607088646,-11.778834891590165,0.04169927373708947,0.02469284233379701,0.06831167411347512,0.06831167411347512,-11.655050712845,0.042904901468350104,0.025406772645125027,0.06823444611601898,0.06823444611601898,-11.659963294273684,0.04285639644099637,0.02537804967502262
135.0,-150.0,0.05262027722407207,-0.1291297527884094,0.14716858582292439,-0.020857000253745133,0.20380626522027753,0.06922669198691443,0.06922669198691443,-11.597264207524805,0.036821811032663486,0.03240488095425096,0.07122820453432908,0.07122820453432908,-11.47348002877964,0.037886419418318225,0.03334178511601087,0.07114767932879182,0.07114767932879182,-11.47839261020832,0.03784358790612896,0.033304091422662864
135.0,-145.0,0.05830848680477299,-0.14326817391557792,0.13673953822061274,-0.01852427287340666,0.20728362040653744,0.07160914510148304,0.07160914510148304,-11.45031511023265,0.03173400237277743,0.03987514272870562,0.0736795401805567,0.0736795401805567,-11.326530931487486,0.03265150979810416,0.041028030382452535,0.07359624368086642,0.07359624368086642,-11.331443512916168,0.032614596477674646,0.04098164720319179
135.0,-140.0,0.06335466725030907,-0.15487337490886507,0.12532161102861628,-0.016337151896676533,0.2096949804858527,0.07328491487539968,0.07328491487539968,-11.349854122702256,0.026620054060480222,0.04666486081491947,0.07540376054676373,0.07540376054676373,-11.226069943957096,0.0273897047643587,0.04801405578240505,0.07531851477430593,0.07531851477430593,-11.230982525385775,0.027358740041603515,0.04795977473270243
135.0,-135.0,0.06771819047560869,-0.16397776707648198,0.11305175660348424,-0.014517853742855446,0.21086946001048182,0.07410813602130535,0.07410813602130535,-11.301341100342983,0.021651936147386693,0.052456199873918655,0.07625078302428784,0.07625078302428784,-11.17755692159782,0.022277946442418657,0.053972836581869174,0.07616457967246182,0.07616457967246182,-11.182469503026502,0.022252760685906155,0.05391181898655565
135.0,-130.0,0.07137528721425498,-0.1707351039691158,0.10007375489317638,-0.013265934342485273,0.21079764890686245,0.07405766990948899,0.07405766990948899,-11.304299563612537,0.01698416892236435,0.057073500987124624,0.07619885781406419,0.07619885781406419,-11.180515384867375,0.017475222679662877,0.0587236351344013,0.07611271316494243,0.07611271316494243,-11.185427966296055,0.01745546651836007,0.058657246646582346
135.0,-125.0,0.07432660282155022,-0.1754036519204889,0.08653433258398453,-0.012740598792528937,0.20962203740872368,0.07323393895371656,0.07323393895371656,-11.352876063129933,0.012750555564041675,0.060483383389674884,0.07535131078682639,0.07535131078682639,-11.229091884384772,0.013119205231033724,0.06223210555579265,0.07526612431008896,0.07526612431008896,-11.234004465813454,0.013104373652663592,0.06216175065742536
135.0,-120.0,0.07660227185799956,-0.17832210214332822,0.072576799265594,-0.013046389357421348,0.2076157032440615,0.07183877459942795,0.07183877459942795,-11.436410843202264,0.009062453274983676,0.06277632132444429,0.07391580882748013,0.07391580882748013,-11.312626664457104,0.009324470907483976,0.06459133791999619,0.07383224522037815,0.07383224522037815,-11.317539245885786,0.009313929367917449,0.06451831585246072
135.0,-115.0,0.0782623164983397,-0.1798799809995832,0.05833291231256469,-0.014223392016411318,0.20515075258797996,0.07014306630525978,0.07014306630525978,-11.540152528493476,0.006008247683324056,0.06413481862193574,0.07217107346976002,0.07217107346976002,-11.416368349748314,0.006181960781277967,0.06598911268848208,0.07208948232811899,0.07208948232811899,-11.421280931176994,0.006174971925307355,0.06591451040281164
135.0,-110.0,0.07939114931295178,-0.18048456909513072,0.04391456010178676,-0.016242675526688018,0.20265721642193035,0.06844829969987659,0.06844829969987659,-11.64637335552382,0.003653769082508306,0.06479453061736828,0.07042730702734498,0.07042730702734498,-11.522589176778657,0.0037594084602410806,0.06666789856710391,0.07034768725578272,0.07034768725578272,-11.52750175820734,0.003755158358179143,0.06659252889760359
135.0,-105.0,0.08008644034318342,-0.18052659029202606,0.029407298866752793,-0.019007241579660675,0.20057355804894478,0.06704800739037532,0.06704800739037532,-11.736141244823841,0.0020433926246977573,0.06500461476567758,0.06898652885109098,0.06898652885109098,-11.61235706607868,0.0021024720904390956,0.06688405676065189,0.0689085379140548,0.0689085379140548,-11.61726964750736,0.0021000951949617236,0.06680844271909309
135.0,-100.0,0.08044413842502474,-0.18034717315156407,0.014867612762238084,-0.02235834731291676,0.19929200654947918,0.06619394698810509,0.06619394698810509,-11.79181722189517,0.001201541032469908,0.06499240595563517,0.06810777547906685,0.06810777547906685,-11.668033043150011,0.001236280514939714,0.06687149496412713,0.0680307779939415,0.0680307779939415,-11.67294562457869,0.0012348828699587954,0.0667958951239827
135.0,-95.0,0.08054255860166128,-0.18020873594718292,0.00032502492928073183,-0.026086677144224715,0.19910528024996024,0.06606996449051633,0.06606996449051633,-11.7999592660438,0.0011343405520170045,0.06493562393849933,0.06798020834501116,0.06798020834501116,-11.676175087298637,0.0011671371046578912,0.06681307124035325,0.06790335507761186,0.06790335507761186,-11.681087668727319,0.0011658176279722553,0.0667375374496396
135.0,-90.0,0.08042884943828005,-0.180272380526037,-0.01421090924806713,-0.0299474974202663,0.20016426640607823,0.06677464942622473,0.06677464942622473,-11.753883833912884,0.0018312944286850352,0.06494335499753968,0.06870526744132599,0.06870526744132599,-11.630099655167722,0.0018842416181551963,0.06682102582317079,0.06862759447710659,0.06862759447710659,-11.635012236596404,0.001882111437497467,0.06674548303960913
135.0,-85.0,0.08011074705207928,-0.18058399680119305,-0.028739829583712538,-0.033678631335696596,0.20245626615909454,0.06831262346161418,0.06831262346161418,-11.654990358037619,0.0032669697217306555,0.06504565373988355,0.07028770805804525,0.07028770805804525,-11.531206179292454,0.0033614257863264284,0.06692628227171886,0.0702082461064894,0.0702082461064894,-11.536118760721138,0.003357625613289471,0.06685062049319995
135.0,-80.0,0.07955543175911214,-0.18107054148072602,-0.04325798690431581,-0.03701985614248826,0.20580896699203013,0.07059388836248714,0.07059388836248714,-11.512328961909617,0.0054027446826038945,0.06519114367988325,0.07263492989246542,0.07263492989246542,-11.388544783164456,0.005558951211651296,0.06707597868081414,0.0725528143499354,0.0725528143499354,-11.393457364593136,0.005552666683046139,0.06700014766688926
135.0,-75.0,0.0786958048225686,-0.1815469169705615,-0.05774619923452769,-0.03973217585446937,0.20991803658178593,0.07344090660269235,0.07344090660269235,-11.340619705579535,0.008188589291194948,0.06525231731149739,0.0755642623754423,0.0755642623754423,-11.216835526834373,0.008425341384087816,0.06713892099135445,0.0754788351517907,0.0754788351517907,-11.221748108263053,0.008415816332163359,0.06706301881962733
135.0,-70.0,0.07744294571437987,-0.18173268785751343,-0.07216053339264515,-0.041615397735855826,0.21439021336120107,0.07660346793346129,0.07660346793346129,-11.15751568875572,0.011564700726501844,0.06503876720695947,0.07881826106951464,0.07881826106951464,-11.033731510010556,0.011899064437186793,0.06691919663232788,0.0787291551217485,0.0787291551217485,-11.038644091439238,0.011885612257453076,0.06684354286429543
135.0,-65.0,0.07570224271498419,-0.18127674946266295,-0.08642725212115435,-0.04252257510915966,0.21879197597479474,0.0797813350089483,0.0797813350089483,-10.980987007641009,0.01546270121798018,0.06431863379096811,0.08208800803472405,0.08208800803472405,-10.857202828895844,0.015909765632246296,0.06617824240247773,0.08199520555904244,0.08199520555904244,-10.862115410324527,0.015891779257944685,0.06610342630109774
135.0,-60.0,0.07338999370450065,-0.17978723674244623,-0.10044263172524638,-0.04237018458209361,0.22269597320303122,0.08265388021753556,0.08265388021753556,-10.827367534959398,0.01980612473466769,0.06284775548286789,0.08504360553301323,0.08504360553301323,-10.703583356214235,0.02037876811880614,0.0646648374142071,0.08494746168297591,0.08494746168297591,-10.708495937642917,0.020355729429257643,0.06459173225371828
135.0,-55.0,0.07044730529136323,-0.17686360561499317,-0.11407727736501959,-0.04114335397431856,0.225720975102497,0.08491459715772061,0.08491459715772061,-10.71017646385863,0.024510090543257226,0.06040450661446336,0.08736968531507419,0.08736968531507419,-10.586392285113469,0.025218737054488353,0.06215094826058582,0.08727091177566353,0.08727091177566353,-10.59130486654215,0.025190226663162618,0.06208068511250088
135.0,-50.0,0.06684885911572627,-0.17212798117514055,-0.12718378101449318,-0.03889597671038714,0.2275641075079752,0.08630700506165052,0.08630700506165052,-10.639539535761555,0.0294803240659345,0.056826680995716,0.08880235112835735,0.08880235112835735,-10.515755357016394,0.030332672153446344,0.058469678974911,0.08870195792564287,0.08870195792564287,-10.520667938445074,0.030298380334978933,0.058403577590663926
135.0,-45.0,0.06260536216481305,-0.16525344526974795,-0.1396061426550396,-0.03574604518297942,0.22802584800533438,0.08665760402294087,0.08665760402294087,-10.621933228483844,0.03461194259605968,0.052045661426881176,0.08916308676092281,0.08916308676092281,-10.49814904973868,0.035612658294124584,0.05355042846679821,0.08906228573786318,0.08906228573786318,-10.503061631167363,0.035572397323802345,0.05348988841406082
135.0,-40.0,0.05775991420500884,-0.15598771231410458,-0.15118935076276763,-0.031866926693846484,0.22702884152225242,0.08590146771080097,0.08590146771080097,-10.659994157583224,0.03978859728499037,0.04611287042581059,0.08838508870336553,0.08838508870336553,-10.53620997883806,0.04093898269882742,0.047446106004538115,0.08828516722590027,0.08828516722590027,-10.541122560266743,0.040892700190123706,0.047392467035776556
135.0,-35.0,0.05237973728291321,-0.14417137740919633,-0.16178781545425316,-0.027475548205723538,0.22463131108675932,0.08409672862485293,0.08409672862485293,-10.752208979929051,0.044882614237376335,0.0392141143874766,0.08652817020768899,0.08652817020768899,-10.628424801183892,0.046180280108423025,0.040347890099265975,0.08643034802143157,0.08643034802143157,-10.633337382612574,0.046128072186409394,0.0403022758350222
135.0,-30.0,0.04654543695653139,-0.12975045265488638,-0.17127181317778173,-0.022818552835084147,0.22103478913581648,0.08142537837237554,0.08142537837237554,-10.892402146525214,0.049756695015162056,0.03166868335721345,0.08377958470251624,0.08377958470251624,-10.768617967780049,0.05119528245206508,0.03258430225045113,0.08368486985855655,0.08368486985855655,-10.773530549208733,0.05113740494877909,0.03254746490977744
135.0,-25.0,0.04034009844690805,-0.11278320188631487,-0.17953157691945398,-0.018157469134400292,0.21658405981740209,0.07817924977934634,0.07817924977934634,-11.06908501443467,0.054267522833911834,0.023911726945434527,0.08043960261276506,0.08043960261276506,-10.945300835689507,0.05583652930745121,0.024603073305313847,0.08034866369922543,0.08034866369922543,-10.950213417118189,0.05577340476249932,0.024575258936726126
135.0,-20.0,0.033840149404502966,-0.09344140810289349,-0.186479047721734,-0.013753818318312294,0.2117547053019329,0.07473166475219375,0.07473166475219375,-11.26495343120004,0.058271298443561194,0.016460366308632565,0.07689233949191661,0.07689233949191661,-11.14116925245488,0.0599560638373919,0.01693627565452471,0.076805410845009,0.076805410845009,-11.14608183388356,0.05988828205915847,0.016917128785850527
135.0,-15.0,0.02710925389850958,-0.07200625288322415,-0.1920475665786171,-0.00985488833328095,0.2071212175370898,0.07149698018599512,0.07149698018599512,-11.457123010836039,0.06163085912084167,0.00986612106515347,0.07356413230372993,0.07356413230372993,-11.333338832090876,0.0634127576096735,0.010151374694056456,0.07348096627543178,0.07348096627543178,-11.338251413519558,0.06334106795564406,0.010139898319787738
135.0,-10.0,0.020195768342073366,-0.04885900301042121,-0.1961899596964343,-0.006680650699596981,0.2032983094212974,0.06888204822394171,0.06888204822394171,-11.618939475136028,0.06422370591343472,0.004658342310507006,0.07087359627939266,0.07087359627939266,-11.495155296390864,0.06608056992842341,0.004793026350969241,0.07079347196705213,0.07079347196705213,-11.500067877819546,0.06600586424813434,0.004787607718917786
135.0,-5.0,0.01313365311470866,-0.024466691323160598,-0.198875592828943,-0.004412049502323281,0.2008533779459902,0.06723521505310134,0.06723521505310134,-11.724032016867314,0.06595005894948101,0.0012851561036203172,0.06917914914404912,0.06917914914404912,-11.60024783812215,0.06785683604226876,0.0013223131017803449,0.06910094044511957,0.06910094044511957,-11.605160419550833,0.06778012225023741,0.0013208181948821346
135.0,0.0,0.005946263052074123,0.0006370398057435449,-0.20008705366053742,-0.0031807558452806445,0.20020167360514401,0.06679960978554321,0.06679960978554321,-11.752260744777525,0.06674000474978627,5.960503575696127e-05,0.06873094946552444,0.06873094946552444,-11.628476566032365,0.06866962110277422,6.13283627502431e-05,0.06865324746715643,0.06865324746715643,-11.633389147461045,0.0685919884376015,6.125902955494477e-05
135.0,5.0,-0.0013478669022960934,0.025875715872248434,-0.19981714564597036,-0.003060553595043987,0.20151334471815682,0.06767778573851012,0.06767778573851012,-11.6955385885316,0.06655886307083511,0.0011189226676749998,0.069634515627647,0.069634515627647,-11.57175440978644,0.06848324217598016,0.001151273451666838,0.06955579212590968,0.06955579212590968,-11.576666991215118,0.06840582021668562,0.0011499719092240492
135.0,10.0,-0.008728299541912374,0.050657963968701536,-0.1980668128665282,-0.004060820001165241,0.2046689159216264,0.0698139638204815,0.0698139638204815,-11.560577033989691,0.06541004669553334,0.004403917124948171,0.0718324558292844,0.0718324558292844,-11.436792855244528,0.06730121071667182,0.004531245112612584,0.07175124750306423,0.07175124750306423,-11.44170543667321,0.06722512507249058,0.004526122430573659
135.0,15.0,-0.016166166324934846,0.07440858497838555,-0.19484444874815446,-0.006122971584082482,0.2092840950505383,0.07299800096843241,0.07299800096843241,-11.36689032759902,0.06333492453487406,0.009663076433558376,0.07510855125880483,0.07510855125880483,-11.243106148853858,0.06516609171198072,0.009942459546824135,0.07502363922757699,0.07502363922757699,-11.24801873028254,0.06509241987140191,0.009931219356175103
135.0,20.0,-0.023618938895619255,0.09660092133059137,-0.1901667821204196,-0.009121033609383253,0.21479336710572033,0.07689183941894272,0.07689183941894272,-11.14119749709417,0.06040957393206239,0.01648226548688031,0.0791149700781384,0.0791149700781384,-11.01741331834901,0.06215616208669862,0.016958807991439766,0.07902552869367185,0.07902552869367185,-11.02232589977769,0.06208589304425734,0.0169396356494145
135.0,25.0,-0.031027486959298113,0.11678780625287022,-0.1840612108112238,-0.012867420670593065,0.22055882769994753,0.08107508407175906,0.08107508407175906,-10.911125923080009,0.05673882968458668,0.024336254387172386,0.083419162539108,0.083419162539108,-10.787341744334846,0.058379287668059145,0.02503987487104886,0.083324855161109,0.083324855161109,-10.792254325763528,0.0583132884733676,0.0250115666877414
135.0,30.0,-0.03831616497068214,0.13462781968353554,-0.17656910452397345,-0.01712446515594457,0.2259705164619449,0.08510245224678496,0.08510245224678496,-10.700579254394691,0.05244859099083575,0.03265386125594921,0.08756297175304555,0.08756297175304555,-10.576795075649528,0.05396500770741408,0.03359796404563146,0.08746397969864847,0.08746397969864847,-10.58170765707821,0.05390399896283222,0.03355998073581625
135.0,35.0,-0.0453962768192209,0.1499036516535322,-0.1677492758948844,-0.021621282798670965,0.23051947024325084,0.08856329046448996,0.08856329046448996,-10.52746256130874,0.04767770914489519,0.040885581319594785,0.09112387124651711,0.09112387124651711,-10.403678382563577,0.04905618802849592,0.04206768321802118,0.09102085350923943,0.09102085350923943,-10.408590963992259,0.049000728823119406,0.04202012468612002
135.0,40.0,-0.05217271341527515,0.16253020562446122,-0.15768059331715326,-0.026074492963901998,0.23383992058161523,0.09113303375097798,0.09113303375097798,-10.403241721452583,0.04257074489210629,0.04856228885887169,0.09376791208043829,0.09376791208043829,-10.27945754270742,0.04380156898045714,0.04996634309998116,0.09366190519113872,0.09366190519113872,-10.284370124136101,0.04375205024882455,0.049909854942314175
135.0,45.0,-0.05855288661856152,0.17255149013039156,-0.1464626725083405,-0.03021046505798014,0.2357253569620578,0.09260855808441713,0.09260855808441713,-10.33348877712248,0.037272432957420255,0.055336125126996906,0.09528609742197464,0.09528609742197464,-10.209704598377316,0.03835006992223506,0.0569360274997396,0.09517837418747907,0.09517837418747907,-10.214617179805998,0.03830671424195299,0.056871659945526114
135.0,50.0,-0.06445642124058787,0.1801269472671237,-0.1342138173406443,-0.033786414574656184,0.2361254284186175,0.09292317405732665,0.09292317405732665,-10.318759640457253,0.03192403219031964,0.06099914186700699,0.09560980971018279,0.09560980971018279,-10.194975461712092,0.03284703384125902,0.06276277586892375,0.09550172051112707,0.09550172051112707,-10.199888043140774,0.0328098994761764,0.06269182103495066
135.0,55.0,-0.06982361252187672,0.18550920441549298,-0.12106590557060865,-0.036607908931613434,0.23512995189139807,0.09214131969473299,0.09214131969473299,-10.355455718528644,0.02666119269974773,0.06548012699498527,0.09480535003059265,0.09480535003059265,-10.231671539783482,0.02743203282204726,0.0673733172085454,0.09469817029263411,0.09469817029263411,-10.236584121212164,0.027401020246400544,0.06729715004623359
135.0,60.0,-0.07462061193757716,0.18901601449675104,-0.107156650988978,-0.03854104719318964,0.23294473514569025,0.09043661878201652,0.09043661878201652,-10.43655683298846,0.021612757772875243,0.0688238610091413,0.09305136205578406,0.09305136205578406,-10.312772654243297,0.022237635325522424,0.07081372673026165,0.09294616524359353,0.09294616524359353,-10.317685235671979,0.022212495141701174,0.07073367010189238
135.0,65.0,-0.0788397819791222,0.1909993281453605,-0.09262043725562244,-0.0395185033230385,0.2298623763838056,0.08805911220177527,0.08805911220177527,-10.552256973436023,0.016900031021105454,0.07115908118066983,0.09060511596025854,0.09060511596025854,-10.428472794690862,0.017388652146419853,0.07321646381383869,0.09050268468836102,0.09050268468836102,-10.433385376119542,0.017368993855195736,0.07313369083316529
135.0,70.0,-0.08249461236312927,0.1918141964095119,-0.07757947961429762,-0.039539511219890924,0.22622996180414048,0.08529798315329519,0.08529798315329519,-10.690612374813623,0.012636283308501266,0.07266169984479393,0.08776415593507068,0.08776415593507068,-10.56682819606846,0.0130016290858126,0.07476252684925808,0.0876649364370968,0.0876649364370968,-10.571740777497142,0.012986930430114355,0.07467800600698245
135.0,75.0,-0.08560980406741196,0.19178979591269552,-0.06213723629295166,-0.038664545159752685,0.22241480965805924,0.08244530358872118,0.08244530358872118,-10.83834078449961,0.008926428345662617,0.07351887524305858,0.08482899844502642,0.08482899844502642,-10.71455660575445,0.009184513165616439,0.07564448527941,0.08473309721348528,0.08473309721348528,-10.71946918718313,0.009174129851657366,0.07555896736182792
135.0,80.0,-0.08820829870010741,0.19120449370309406,-0.04637568137989553,-0.037005854285805974,0.21876928359963105,0.07976478655838254,0.07976478655838254,-10.9818879259109,0.0058667569093085415,0.07389802964907399,0.08207098112808164,0.08207098112808164,-10.858103747165737,0.00603637916381165,0.07603460196426998,0.08197819790172922,0.08197819790172922,-10.86301632859442,0.0060295548913756845,0.07594864301035353
135.0,85.0,-0.0902978654384175,0.19026657017518442,-0.030357323763545777,-0.03471518434893929,0.2155963435669272,0.07746781386086625,0.07746781386086625,-11.10878699636203,0.0035444350470972474,0.07392337881376901,0.0797075973462972,0.0797075973462972,-10.985002817616866,0.00364691331114029,0.07606068403515692,0.0796174859823908,0.0796174859823908,-10.989915399045548,0.0036427903875614056,0.0759746955948294
135.0,90.0,-0.09186015885949539,0.1891019029967702,-0.0141318823806104,-0.03197004524614053,0.21311877532341278,0.07569757062606448,0.07569757062606448,-11.209180581567919,0.0020362751816342304,0.07366129544443024,0.07788617206097796,0.07788617206097796,-11.085396402822756,0.0020951488647332345,0.07579102319624473,0.07779811986234787,0.07779811986234787,-11.090308984251438,0.002092780248339394,0.07570533961400847
135.0,95.0,-0.09284486020203726,0.18774943949781936,0.002253470526613039,-0.028959825422624055,0.2114563068711935,0.07452119387419015,0.07452119387419015,-11.277201960621671,0.0014062162340247454,0.07311497764016539,0.07667578338737539,0.07667578338737539,-11.153417781876506,0.0014468733758871751,0.07522891001148821,0.07658909956237424,0.07658909956237424,-11.15833036330519,0.001445237650590694,0.07514386191178353
135.0,100.0,-0.09317065949890067,0.1861645604525279,0.018742192565040436,-0.02587293365016806,0.21061503706467416,0.07392941468622123,0.07392941468622123,-11.311827321840674,0.0017010907201954507,0.07222832396602576,0.07606689441940656,0.07606689441940656,-11.188043143095513,0.0017502734028145392,0.07431662101659199,0.07598089895808964,0.07598089895808964,-11.192955724524193,0.001748294676459867,0.07423260428162975
135.0,105.0,-0.09273356160819665,0.18422950626003834,0.03525711882099636,-0.02288594080043098,0.21049193604325417,0.07384301889076679,0.07384301889076679,-11.31690556554181,0.0029446484832138424,0.07089837040755292,0.07597800071073854,0.07597800071073854,-11.193121386796648,0.0030297854544848674,0.07294821525625365,0.07589210574590625,0.07589210574590625,-11.19803396822533,0.0030263602088528695,0.07286574553705337
135.0,110.0,-0.09142151121727143,0.1817690864775064,0.05169219063963263,-0.02015536257002343,0.21089384705479225,0.07412527821821391,0.07412527821821391,-11.30033663564837,0.005130414487837808,0.06899486373037611,0.07626842084392829,0.07626842084392829,-11.176552456903208,0.005278747286591016,0.07098967355733728,0.07618219755212118,0.07618219755212118,-11.18146503833189,0.0052727795352906556,0.07090941801683052
135.0,115.0,-0.08913290272068995,0.17856921096794487,0.06790897348975204,-0.017812264453330576,0.21156687571195454,0.07459914734253249,0.07459914734253249,-11.272661364220946,0.00821464887929297,0.0663844984632395,0.07675599068065901,0.07675599068065901,-11.148877185475783,0.008452154418451454,0.06830383626220754,0.07666921617937562,0.07666921617937562,-11.153789766904465,0.008442599053744058,0.06822661712563155
135.0,120.0,-0.08579549287902699,0.17439563923169477,0.08373884656589954,-0.01595934498872252,0.21223006549036103,0.07506756597288942,0.07506756597288942,-11.245476656799106,0.01211120653203982,0.06295635944084961,0.07723795243635088,0.07723795243635088,-11.121692478053944,0.012461371058791871,0.06477658137755901,0.07715063306566229,0.07715063306566229,-11.126605059482626,0.01244728317784154,0.06470334988782075
135.0,125.0,-0.08138188231184218,0.16901087520517807,0.09899057749310154,-0.014669695256043114,0.21260766942319304,0.07533492700663702,0.07533492700663702,-11.230036281890634,0.016690164113725033,0.05864476289291197,0.0775130435298251,0.0775130435298251,-11.10625210314547,0.017172717474765956,0.06034032605505913,0.07742541316201132,0.07742541316201132,-11.111164684574153,0.017153303302903426,0.06027210985910788
135.0,130.0,-0.07591827997991933,0.16218822901430074,0.11346184431892797,-0.013986207663716395,0.2124566096570543,0.07522791267681135,0.07522791267681135,-11.236209882342354,0.021781493716182515,0.053446418960628836,0.07740293515465722,0.07740293515465722,-11.112425703597191,0.02241124983659071,0.05499168531806651,0.07731542926702091,0.07731542926702091,-11.117338285025873,0.022385913377371544,0.05492951588964937
135.0,135.0,-0.0694846900382564,0.15372336777974177,0.12695243553177046,-0.013920742792062006,0.2115885250163378,0.07461441534961838,0.07461441534961838,-11.271772596319348,0.027183872851467287,0.04743054249815109,0.07677170012307684,0.07677170012307684,-11.147988417574183,0.02796982493205812,0.048801875191018716,0.07668490786188939,0.07668490786188939,-11.152900999002867,0.02793820436944222,0.048746703492447155
135.0,140.0,-0.06220665048505549,0.14344469118288364,0.13927659946307647,-0.014452671745709248,0.2098878216374408,0.07341976641633292,0.07341976641633292,-11.341870015299216,0.03267731494970871,0.040742451466624204,0.07554251097472262,0.07554251097472262,-11.218085836554053,0.03362209584289404,0.04192041513182858,0.07545710834155489,0.07545710834155489,-11.222998417982735,0.03358408525149919,0.0418730230900557
135.0,145.0,-0.05424065551872401,0.13122416660508168,0.1502724286860129,-0.015527149779051317,0.2073275809335387,0.07163952193068504,0.07163952193068504,-11.448473209742932,0.038037262548976436,0.033602259381708605,0.07371079527799675,0.07371079527799675,-11.32468903099777,0.03913701260312422,0.03457378267487252,0.07362746344366396,0.07362746344366396,-11.329601612426451,0.03909276726513508,0.03453469617852888
135.0,150.0,-0.04575678947330723,0.11698968459126834,0.15980713737156169,-0.017054176785338705,0.20398391158223186,0.06934742654476711,0.06934742654476711,-11.589696507860005,0.04304759600550059,0.026299830539266496,0.07135242982278743,0.07135242982278743,-11.465912329114845,0.04429220702284246,0.02706022279994495,0.07127176417756126,0.07127176417756126,-11.470824910543524,0.044242133613053014,0.027029630564508213
135.0,155.0,-0.03692244318905849,0.10073875296322829,0.16777830152958942,-0.018909871581834818,0.20004675670210428,0.06669627014134875,0.06669627014134875,-11.758984524751053,0.04751078353463995,0.019185486606708792,0.06862462202011395,0.06862462202011395,-11.635200346005892,0.0488844361916246,0.01974018582848934,0.068547040227491,0.068547040227491,-11.640112927434574,0.04882917115584784,0.019717869071643156
135.0,160.0,-0.02789019511040518,0.08255192899802564,0.17411216949870062,-0.020941248562448205,0.19582202997489845,0.06390894006908535,0.06390894006908535,-11.944383851734695,0.05125476491566901,0.012654175153416337,0.06575670343562645,0.06575670343562645,-11.820599672989534,0.052736665208014205,0.013020038227612243,0.06568236389422953,0.06568236389422953,-11.825512254418216,0.05267704513429497,0.01300531875993457
135.0,165.0,-0.018791356166832168,0.06260335588975569,0.17876066662114667,-0.022975153247221047,0.19171731490091912,0.06125777154376097,0.06125777154376097,-12.128388061558118,0.05413744723340433,0.007120324310356637,0.06302888316057306,0.06302888316057306,-12.004603882812955,0.05570269290400692,0.007326190256566146,0.06295762748587971,0.06295762748587971,-12.009516464241637,0.055639719664341544,0.007317907821538168
135.0,170.0,-0.009734915100506543,0.04116551047137999,0.18169858116336837,-0.024831094488804297,0.18820288381073347,0.05903248503925884,0.05903248503925884,-12.289089342763281,0.056050275590106224,0.0029822094491526443,0.06073925819452499,0.06073925819452499,-12.165305164018122,0.05767082579494416,0.0030684323995808665,0.060670590996155016,0.060670590996155016,-12.170217745446802,0.05760562753351102,0.003064963462644033
135.0,175.0,-0.0008103100706986976,0.018605853954584004,0.18292176478101274,-0.026336804563422817,0.18574400046570028,0.05750003486627267,0.05750003486627267,-12.403318919673218,0.05692199114480913,0.0005780437214635611,0.059162501148546834,0.059162501148546834,-12.279534740928057,0.05856774477292841,0.0005947563756184392,0.05909561651209935,0.05909561651209935,-12.28444732235674,0.05850153252292818,0.000594083989171183
135.0,180.0,0.007908025942984594,-0.004625722538379923,0.18244634957771,-0.027344721439609494,0.1847115005844487,0.0568625577832498,0.0568625577832498,-12.451736088353886,0.05672267077333269,0.00013988700991709565,0.05850659304789566,0.05850659304789566,-12.327951909608723,0.0583626615632603,0.00014393148463534897,0.05844044993139753,0.05844044993139753,-12.332864491037405,0.058296681164781795,0.00014376876661572008
140.0,-180.0,0.0075690547442753804,-0.004487194201007119,0.2031990642071373,-0.05252591372872226,0.21006250690975975,0.07354202876511391,0.07354202876511391,-11.334643936493569,0.07341298930263443,0.0001290394624794799,0.07566830822627217,0.07566830822627217,-11.210859757748405,0.07553553791813399,0.00013277030813816225,0.07558276337627329,0.07558276337627329,-11.215772339177088,0.07545014316817515,0.0001326202080981294
140.0,-175.0,0.019693247655198132,-0.025631352339043678,0.20084041021725568,-0.05273422917249316,0.2101488984710359,0.07360253187201035,0.07360253187201035,-11.331072460004028,0.07186125585166726,0.0017412760203430356,0.07573056062558942,0.07573056062558942,-11.207288281258867,0.07393894006756586,0.001791620558023496,0.07564494539774959,0.07564494539774959,-11.212200862687547,0.07385535031003829,0.001789595087711239
140.0,-170.0,0.031422971063623864,-0.04644712441566965,0.19671276151136888,-0.05210798730506093,0.2110826647533215,0.07425806947942709,0.07425806947942709,-11.292563455129066,0.06901696216025077,0.005241107319176338,0.07640505142445427,0.07640505142445427,-11.168779276383901,0.07101241090672988,0.0053926405177243935,0.07631867366847593,0.07631867366847593,-11.173691857812585,0.07093212966110049,0.005386544007375476
140.0,-165.0,0.04266321189826339,-0.06647552461621077,0.1908979642190102,-0.050662603059206134,0.2127154839549151,0.0754113519004891,0.0754113519004891,-11.225632735379998,0.06501302183826432,0.010398330062224778,0.0775916780538009,0.0775916780538009,-11.101848556634835,0.06689270690221662,0.010698971151584297,0.07750395878775858,0.07750395878775858,-11.106761138063517,0.06681708308146385,0.010686875706294735
140.0,-160.0,0.05332670983084485,-0.08528762023995605,0.18349457614367837,-0.04847355170141774,0.2147967896321458,0.07689428983398573,0.07689428983398573,-11.141059096870848,0.06003182685237397,0.01686246298161174,0.07911749134065824,0.07911749134065824,-11.017274918125683,0.06176749341740301,0.017349997923255214,0.0790280471058435,0.0790280471058435,-11.022187499554366,0.06169766377427952,0.01733038333156397
140.0,-155.0,0.06333343277188043,-0.10251160515715309,0.174615234924711,-0.04567150919096242,0.21701640472129877,0.0784916840039633,0.0784916840039633,-11.051763532229387,0.054292665946628973,0.0241990180573343,0.08076107007301501,0.08076107007301501,-10.927979353484222,0.055862399368894915,0.02489867070412008,0.08066976773274748,0.08066976773274748,-10.932891934912906,0.05579924557721374,0.024870522155533713
140.0,-150.0,0.07261068386417402,-0.11785561195174468,0.16438417672891506,-0.042432316582735864,0.21905459531624516,0.07997297545775423,0.07997297545775423,-10.970567454127186,0.04803663338280288,0.031936342074951364,0.08228518927642169,0.08228518927642169,-10.846783275382023,0.049425489641735654,0.032859699634686046,0.08219216388258399,0.08219216388258399,-10.851695856810705,0.04936961293196596,0.03282255095061805
140.0,-145.0,0.08109420771751084,-0.1311242624512668,0.15293512717443197,-0.03896279424852479,0.2206288629990012,0.0811265807116397,0.0811265807116397,-10.908368280941376,0.04151110946838777,0.03961547124325194,0.08347214807247628,0.08347214807247628,-10.784584102196213,0.042711296911603844,0.040760851160872455,0.0833777807930521,0.0833777807930521,-10.789496683624895,0.042663010758877455,0.040714770034174654
140.0,-140.0,0.08873059214610936,-0.14222768207512412,0.1404094577427004,-0.03548380729259684,0.22153046728303333,0.08179098630285762,0.08179098630285762,-10.87294554698174,0.03495570381458088,0.04683528248827678,0.0841557632501879,0.0841557632501879,-10.74916136823658,0.03596635848809639,0.048189404762091555,0.08406062312729459,0.08406062312729459,-10.754073949665258,0.035925697651162256,0.048134925476132344
140.0,-135.0,0.09548090097594318,-0.15118247707175256,0.1269541608530967,-0.03221216831413965,0.22164775336136674,0.08187761532112672,0.08187761532112672,-10.868348146167289,0.028590964331802273,0.053286650989324454,0.0842448969247111,0.0842448969247111,-10.744563967422128,0.029417598859761578,0.05482729806494954,0.08414965603404596,0.08414965603404596,-10.749476548850808,0.02938434155375362,0.05476531448029234
140.0,-130.0,0.1013249113702896,-0.15810487741642829,0.11271903665330199,-0.02934296565309805,0.22097619958816422,0.08138221734939903,0.08138221734939903,-10.894704814833533,0.022610452080511226,0.05877176526888779,0.08373517578907196,0.08373517578907196,-10.77092063608837,0.0232641754095187,0.06047100037955323,0.08364051115046148,0.08364051115046148,-10.775833217517052,0.02323787469733939,0.06040263645312208
140.0,-125.0,0.1062647856547635,-0.16319680854464982,0.09785262798404679,-0.02703376247850993,0.21961640218012105,0.08038371307677593,0.08038371307677593,-10.948319367915296,0.017176197206235398,0.06320751587054049,0.08270780232202482,0.08270780232202482,-10.824535189170133,0.017672802969683505,0.06503499935234129,0.08261429915393209,0.08261429915393209,-10.829447770598815,0.017652823439090852,0.0649614757148412
140.0,-120.0,0.11032673907170883,-0.16672606093988288,0.08249687993359023,-0.025391876349090046,0.21776145511552575,0.07903155697816608,0.07903155697816608,-11.021994620647579,0.012417178434699567,0.06661437854346652,0.08131655209194988,0.08131655209194988,-10.898210441902418,0.012776189355591695,0.06854036273635819,0.08122462176584387,0.08122462176584387,-10.903123023331098,0.012761745564953308,0.06846287620089056
140.0,-115.0,0.11355944706177641,-0.16900201822375,0.06678109490380298,-0.024465665516192503,0.21567501850325196,0.0775243629402038,0.0775243629402038,-11.105617939096092,0.008430273766555502,0.06909408917364829,0.07976578139747278,0.07976578139747278,-10.981833760350932,0.008674013547232741,0.07109176785024002,0.07967560425509126,0.07967560425509126,-10.986746341779611,0.00866420736542189,0.07101139688966936
140.0,-110.0,0.11602858132275201,-0.1703486384143507,0.050816281597825516,-0.024240442893167277,0.2136613765763014,0.07608351394213755,0.07608351394213755,-11.187094375738216,0.005283031448375776,0.07080048249376177,0.07828327393984726,0.07828327393984726,-11.063310196993053,0.005435776775775055,0.0728474971640722,0.07819477280795226,0.07819477280795226,-11.068222778421735,0.005429631498844579,0.07276514130910766
140.0,-105.0,0.11780781092432227,-0.1710765914040009,0.03469124522288022,-0.024639317370590195,0.21202938215444345,0.07492566631383699,0.07492566631383699,-11.253693861849749,0.003017559668365689,0.0719081066454713,0.07709195011198372,0.07709195011198372,-11.129909683104586,0.0031048046798700366,0.0739871454321137,0.0770047958004491,0.0770047958004491,-11.134822264533268,0.003101294623191869,0.07390350117725723
140.0,-100.0,0.11896757662324235,-0.17145662188077673,0.018471618159959013,-0.025528922315637057,0.21105350986519944,0.07423755774109296,0.07423755774109296,-11.293763239256872,0.001654838600243669,0.0725827191408493,0.07638394664172543,0.07638394664172543,-11.169979060511713,0.001702684021240528,0.07468126262048491,0.07629759274521371,0.07629759274521371,-11.174891641940395,0.001700759095831109,0.07459683364938262
140.0,-95.0,0.11956365340770965,-0.17169626999883966,0.002202502777368753,-0.0267296344244109,0.2109369591196866,0.07415558749930509,0.07415558749930509,-11.298561200409578,0.0011988457145259781,0.07295674178477911,0.07629960644027686,0.07629960644027686,-11.174777021664415,0.0012335072687786584,0.07506609917149822,0.07621334789239988,0.07621334789239988,-11.179689603093097,0.0012321127590195046,0.07498123513338037
140.0,-90.0,0.1196277515549945,-0.1719219644257147,-0.01408536730301579,-0.02802952751887293,0.21178293788474162,0.07475159355199575,0.07475159355199575,-11.263795446294651,0.0016400480036083296,0.0731115455483874,0.0769128444819382,0.0769128444819382,-11.14001126754949,0.00168746579237404,0.07522537868956415,0.07682589265364413,0.07682589265364413,-11.14492384897817,0.0016855580715399068,0.07514033458210422
140.0,-85.0,0.11916210303348011,-0.17216814535573663,-0.030366832005449026,-0.02920097536036317,0.21357977086475088,0.07602540644802983,0.07602540644802983,-11.190412493467415,0.002957999392286875,0.07306740705574295,0.07822348641632866,0.07822348641632866,-11.066628314722252,0.00304352237090943,0.07517996404541923,0.078135052875673,0.078135052875673,-11.071540896150934,0.003040081595361639,0.07509497128031135
140.0,-80.0,0.11813921563080249,-0.17237446863658745,-0.04661236376880279,-0.030018556538488887,0.2162028165875199,0.07790426114681069,0.07790426114681069,-11.08438786975261,0.005122922963192055,0.07278133818361864,0.08015666338801389,0.08015666338801389,-10.960603691007446,0.005271039163691794,0.07488562422432209,0.08006604434410143,0.08006604434410143,-10.96551627243613,0.005265080126610539,0.07480096421749088
140.0,-75.0,0.11650693945071683,-0.1723913394960888,-0.06277873297833364,-0.030276768486281903,0.21943220569862928,0.08024893090416328,0.08024893090416328,-10.955607446615986,0.008096229300733627,0.0721527016034297,0.08256912326799391,0.08256912326799391,-10.83182326787082,0.008330311040985314,0.07423881222700864,0.08247577687992114,0.08247577687992114,-10.836735849299505,0.008320893423158917,0.07415488345676227
140.0,-70.0,0.11419792267787335,-0.1719931387903367,-0.07880190133118185,-0.029806065333343637,0.22298194213648428,0.08286629194349644,0.08286629194349644,-10.816220942986668,0.011829956603714243,0.0710363353397822,0.08526215860016095,0.08526215860016095,-10.692436764241506,0.012171989508914747,0.07309016909124622,0.08516576767060272,0.08516576767060272,-10.697349345670187,0.012158228780795725,0.07300753888980697
140.0,-65.0,0.11114167726815577,-0.17089768847261294,-0.09459328658681375,-0.028485914012496505,0.2265343892562089,0.08552770090432094,0.08552770090432094,-10.678932022136806,0.016265178747827756,0.0692625221564932,0.08800051538668684,0.08800051538668684,-10.555147843391644,0.016735444745166948,0.0712650706415199,0.08790102867864433,0.08790102867864433,-10.560060424820325,0.016716524920686284,0.07118450375795805
140.0,-60.0,0.10727701845963569,-0.16878991009112548,-0.11003984920648603,-0.02625390054388827,0.22977473347893104,0.08799197389766537,0.08799197389766537,-10.5555693979213,0.021329557006884152,0.06666241689078123,0.09053603652398946,0.09053603652398946,-10.43178521917614,0.021946246534503704,0.06858978998948577,0.09043368334806307,0.09043368334806307,-10.436697800604819,0.021921435772748354,0.06851224757531472
140.0,-55.0,0.10256267771740799,-0.1653473706536852,-0.12500772152693046,-0.02311036221711084,0.2324217613000399,0.0900310041607911,0.0900310041607911,-10.456079059250342,0.026934397588594432,0.06309660657219666,0.0926340201263413,0.0926340201263413,-10.332294880505179,0.027713136730727884,0.0649208833956134,0.09252929512928171,0.09252929512928171,-10.337207461933861,0.027681806360323153,0.06484748876895854
140.0,-50.0,0.09698439089801766,-0.16026551148574447,-0.13934850731979226,-0.019118491560922064,0.2342531311668342,0.09145539449620071,0.09145539449620071,-10.387906725731712,0.03297176190152492,0.05848363259467578,0.09409959306122101,0.09409959306122101,-10.264122546986552,0.03392505597440572,0.060174537086815284,0.09399321119856187,0.09399321119856187,-10.269035128415233,0.033886702879265075,0.06010650831929679
140.0,-45.0,0.09055759054072063,-0.1532807488807605,-0.1529070453023092,-0.014400268805893044,0.2351246423213696,0.09213715837660458,0.09213715837660458,-10.355651860532838,0.03931229424590221,0.052824864130702365,0.09480106839860537,0.09480106839860537,-10.231867681787675,0.04044890857691348,0.0543521598216919,0.09469389350113522,0.09469389350113522,-10.236780263216357,0.04040318010884091,0.054290713392294306
140.0,-40.0,0.08332576395534909,-0.14419017867083633,-0.16552939143054626,-0.00912886747933353,0.23498362966958464,0.09202667562271236,0.09202667562271236,-10.360862661706456,0.04580444697009514,0.04622222865261721,0.09468739131876978,0.09468739131876978,-10.237078482961293,0.04712876527430306,0.04755862604446672,0.09458034493598391,0.09458034493598391,-10.241991064389975,0.04707548506690148,0.047504859869082434
140.0,-35.0,0.07535534556113185,-0.13286714967024707,-0.1770699817923597,-0.0035183211654710445,0.23387660122787707,0.09116162665116734,0.09116162665116734,-10.40187934047573,0.05227569682489061,0.03888592982627672,0.09379733167112596,0.09379733167112596,-10.278095161730569,0.05378711474934727,0.0400102169217787,0.09369129152226859,0.09369129152226859,-10.28300774315925,0.05372630711705098,0.0399649844052176
140.0,-30.0,0.06672852011813842,-0.11927237351881927,-0.18739728302863315,0.0021887409680590303,0.23195069897611528,0.08966643213260404,0.08966643213260404,-10.473701106687315,0.0585361747299842,0.031130257402619817,0.09225890743142715,0.09225890743142715,-10.34991692794215,0.06022859834343471,0.032030309087992405,0.09215460650832892,0.09215460650832892,-10.354829509370834,0.060160508458359914,0.03199409804996898
140.0,-25.0,0.057535457344187635,-0.10346046763617203,-0.19639760321327854,0.007734541663123803,0.22944768226756887,0.08774166438247318,0.08774166438247318,-10.567941316672478,0.0643848859548464,0.023356778427626776,0.09027848995007015,0.09027848995007015,-10.444157137927315,0.0662464100780393,0.024032079872030845,0.09017642793676585,0.09017642793676585,-10.449069719355997,0.0661715169114557,0.02400491102531015
140.0,-20.0,0.047867323091148065,-0.08558191273967074,-0.20397704047160475,0.012860131303968056,0.226688245007991,0.08564391634825601,0.08564391634825601,-10.673034813875507,0.06961838654839855,0.01602552979985745,0.08812009090261962,0.08812009090261962,-10.549250635130342,0.07163122394114471,0.016488866961474898,0.08802046901156835,0.08802046901156835,-10.554163216559026,0.07155024311243427,0.01647022589913407
140.0,-15.0,0.03781103530665586,-0.06588041239445142,-0.21006176132168738,0.017319333381468287,0.22404420547421477,0.0836577057778597,0.0836577057778597,-10.774940496487403,0.07404142711496643,0.00961627866289326,0.08607645413917038,0.08607645413917038,-10.651156317742243,0.07618214540072686,0.009894308738443524,0.08597914262883834,0.08597914262883834,-10.656068899170926,0.07609601964539202,0.00988312298344631
140.0,-10.0,0.027446286069934184,-0.04468563359622555,-0.2145969415272534,0.02089217935080645,0.22189735225956722,0.08206212492368964,0.08206212492368964,-10.858572415650032,0.07747872545621426,0.0045833994674754006,0.08443474115000477,0.08443474115000477,-10.73478823690487,0.07971882442248611,0.004715916727518674,0.08433928563585778,0.08433928563585778,-10.739700818333553,0.07962870036609893,0.00471058526975889
140.0,-5.0,0.016844931999170046,-0.02240133100516837,-0.217544798755127,0.023397390321342457,0.22058728137432979,0.08109600395847646,0.08109600395847646,-10.910005453146168,0.07978674919523297,0.001309254763243498,0.08344068727078555,0.08344068727078555,-10.786221274401004,0.0820935787583424,0.0013471085124431507,0.08334635555855752,0.08334635555855752,-10.791133855829687,0.0820007699848232,0.0013455855737343246
140.0,0.0,0.006072510665548239,0.0005110492451772799,-0.21888221398808616,0.024703434320291713,0.22035612046107889,0.08092612649486856,0.08092612649486856,-10.919112464870175,0.08086423369114998,6.189280371860353e-05,0.08326589823527994,0.08326589823527994,-10.795328286125013,0.08320221595961516,6.368227566478397e-05,0.08317176412627807,0.08317176412627807,-10.800240867553693,0.08310815384496399,6.36102813140838e-05
140.0,5.0,-0.004808623406982872,0.023552985239076688,-0.2185984686197973,0.02473757968567465,0.22130319542285862,0.08162325087076722,0.08162325087076722,-10.881861122444423,0.08066016360566013,0.0009630872651070979,0.08398317817755656,0.08398317817755656,-10.758076943699262,0.08299224571011433,0.0009909324674422244,0.08388823316625613,0.08388823316625613,-10.762989525127944,0.08289842097190146,0.0009898121943546741
140.0,10.0,-0.01573524196983455,0.04621305732798488,-0.21669359274547323,0.023492205062525834,0.22336347360992045,0.08315010996388633,0.08315010996388633,-10.801371721007762,0.07917812936106958,0.0039719806028167435,0.08555418249190898,0.08555418249190898,-10.6775875422626,0.08146736224001397,0.004086820251894993,0.0854574614222881,0.0854574614222881,-10.682500123691284,0.08137526141939319,0.004082200002894906
140.0,15.0,-0.02663908837651479,0.06799352051418343,-0.21317770695193825,0.02102749741476461,0.22631758714306502,0.08536407265021312,0.08536407265021312,-10.687248732541432,0.07647634893452485,0.008887723715688276,0.08783215624057322,0.08783215624057322,-10.563464553796269,0.07868746675020563,0.009144689490367605,0.08773285986661164,0.08773285986661164,-10.568377135224951,0.07859850866857641,0.009134351198035226
140.0,20.0,-0.03744349284369485,0.08843750951816196,-0.20807154173905426,0.017469690497542205,0.22983073078650237,0.08803486733470806,0.08803486733470806,-10.55345285895988,0.07266321573337621,0.015371651601331847,0.09058017011493782,0.09058017011493782,-10.429668680214716,0.07476408656587737,0.015816083549060445,0.09047776704492093,0.09047776704492093,-10.434581261643398,0.07467956396030442,0.01579820308461649
140.0,25.0,-0.04806156880288745,0.1071545957458061,-0.20140805388050673,0.01300426929729398,0.23350875138446409,0.09087508735382031,0.09087508735382031,-10.41555158666453,0.06788892591155715,0.022986161442263165,0.0935025078236653,0.0935025078236653,-10.291767407919368,0.06985176037818412,0.02365074744548119,0.09339680098028807,0.09339680098028807,-10.29667998934805,0.06977279127600941,0.02362400970427869
140.0,30.0,-0.05839661726859507,0.12384217126543545,-0.19323476529737632,0.007864113721515811,0.23695688868718134,0.09357874053016377,0.09357874053016377,-10.28822804244083,0.062334396131692456,0.031244344398471346,0.09628433020903772,0.09628433020903772,-10.164443863695666,0.06413663559182267,0.03214769461721509,0.09617547844826697,0.09617547844826697,-10.169356445124349,0.06406412757625124,0.032111350872015776
140.0,35.0,-0.06834503811130044,0.13830032593680283,-0.18361618185027398,0.002313286955506179,0.23982968524032303,0.09586153812645906,0.09586153812645906,-10.183556069061495,0.05619909855650247,0.039662439569956576,0.09863312905284398,0.09863312905284398,-10.059771890316334,0.057823951596360196,0.04080917745648376,0.09852162191825185,0.09852162191825185,-10.064684471745016,0.05775858022251024,0.040763041695741596
140.0,40.0,-0.07780158649230418,0.15043854605469767,-0.17263547479537023,-0.003372093275118209,0.24186612241206887,0.09749640502410512,0.09749640502410512,-10.110113977063637,0.04968945964614398,0.047806945377961166,0.10031526394084281,0.10031526394084281,-9.986329798318474,0.051126103144504546,0.04918916079633827,0.1002018551121327,0.1002018551121327,-9.991242379747156,0.05106830385009657,0.04913355126203614
140.0,45.0,-0.08666627658914589,0.1602735738911185,-0.16039459769527115,-0.008923937186362248,0.24290888335009936,0.09833889257543214,0.09833889257543214,-10.072746867422879,0.043009092785960316,0.05532979978947183,0.10118210986257037,0.10118210986257037,-9.948962688677717,0.0442525905812947,0.056929519281275674,0.10106772104360959,0.10106772104360959,-9.9538752701064,0.04420256195884925,0.05686515908476035
140.0,50.0,-0.09485173323182214,0.16791888623238124,-0.14701221822807833,-0.014101087493057381,0.24290952354206108,0.09833941092495187,0.09833941092495187,-10.072723975590673,0.03635153188555215,0.061987879039399736,0.10118264319883925,0.10118264319883925,-9.948939796845512,0.03740254335379376,0.06378009984504551,0.10106825377692895,0.10106825377692895,-9.953852378274192,0.03736025887518207,0.0637079949017469
140.0,55.0,-0.10228947067598336,0.17356721307154319,-0.1326192698018359,-0.01870513582795694,0.2419224381774245,0.09754181215945398,0.09754181215945398,-10.108091802234306,0.029895550403106368,0.06764626175634762,0.10036198390724764,0.10036198390724764,-9.98430762348914,0.030759903696991837,0.06960208021025582,0.10024852226048712,0.10024852226048712,-9.989220204917824,0.030725128882945905,0.06952339337754124
140.0,60.0,-0.10893357202571993,0.17746814236873493,-0.11735250239229598,-0.022591766040533055,0.24009052955220098,0.09607017397482726,0.09607017397482726,-10.17411422827649,0.023802768745938552,0.07226740522888873,0.09884779707256637,0.09884779707256637,-10.050330049531325,0.024490964858461313,0.07435683221410509,0.09873604725059328,0.09873604725059328,-10.05524263096001,0.02446327723118042,0.07427277001941289
140.0,65.0,-0.11476062094926265,0.1799030977300961,-0.10134699782551947,-0.02567691068857819,0.23762500374392406,0.0941071869270965,0.0941071869270965,-10.2637720841554,0.01821710033954443,0.07589008658755209,0.09682805528047794,0.09682805528047794,-10.139987905410237,0.01874380115191319,0.07808425412856475,0.09671858882538183,0.09671858882538183,-10.14490048683892,0.018722610832008664,0.07799597799337316
140.0,70.0,-0.11976545872629214,0.18115991082551466,-0.08472904275810741,-0.027937663423830868,0.2347811792254994,0.09186817253327416,0.09186817253327416,-10.368349226430206,0.01326556034922985,0.07860261218404431,0.09452430551833953,0.09452430551833953,-10.244565047685043,0.01364910006094233,0.08087520545739717,0.0944174435079899,0.0944174435079899,-10.249477629113725,0.01363366942366891,0.08078377408432097
140.0,75.0,-0.12395325381166321,0.18150897304404703,-0.0676108794155687,-0.029408421878378062,0.23183184146860933,0.08957456090237026,0.08957456090237026,-10.478153120833703,0.009059930377453312,0.08051463052491696,0.09216437997980269,0.09216437997980269,-10.354368942088541,0.00932187506683127,0.08284250491297146,0.09206018592227158,0.09206018592227158,-10.359281523517224,0.009311336461925295,0.0827488494603463
140.0,80.0,-0.1273292600119882,0.18118265246716383,-0.05008861369756544,-0.030173104243775648,0.22903968968737115,0.08742990598409868,0.08742990598409868,-10.583399886207477,0.005698674814133434,0.08173123116996521,0.089957717855848,0.089957717855848,-10.459615707462316,0.00586343740522012,0.08409428045062785,0.08985601848314353,0.08985601848314353,-10.464528288890998,0.005856808647619151,0.08399920983552436
140.0,85.0,-0.12988828402747968,0.18035934391553793,-0.03224398753606374,-0.030354503965661937,0.22663082294443915,0.08560053317644217,0.08560053317644217,-10.675235302426415,0.0032683740721131268,0.08233215910432909,0.08807545341747315,0.08807545341747315,-10.551451123681252,0.0033628707399044415,0.08471258267756876,0.08797588199017693,0.08797588199017693,-10.556363705109934,0.003359068933312566,0.08461681305686442
140.0,90.0,-0.1316061240422724,0.1791531545472527,-0.01414994127076796,-0.03010195690128523,0.22477182500686071,0.08420197180601623,0.08420197180601623,-10.74677738257531,0.0018438709721586633,0.08235810083385756,0.08663645622596586,0.08663645622596586,-10.622993203830148,0.0018971817801817711,0.08473927444578408,0.08653851161974944,0.08653851161974944,-10.62790578525883,0.0018950369703583385,0.08464347464939109
140.0,95.0,-0.1324350117148765,0.1776097618724613,0.004120922841759522,-0.029578517674030885,0.22355341767276246,0.08329158864758164,0.08329158864758164,-10.793988543961781,0.0014864161694827821,0.08180517247809885,0.08569975166949442,0.08569975166949442,-10.67020436521662,0.001529392087131168,0.08417035958236325,0.0856028660304025,0.0856028660304025,-10.675116946645302,0.001527663072438625,0.08407520295796388
140.0,100.0,-0.13230442038695067,0.17570839119680506,0.02248653233257944,-0.028948773707481473,0.2229833492133607,0.0828673377646064,0.0828673377646064,-10.816166132826783,0.0022394066341269517,0.08062793113047945,0.08526323465851054,0.08526323465851054,-10.692381954081622,0.0023041533430671383,0.0829590813154434,0.08516684251244233,0.08516684251244233,-10.697294535510304,0.002301548442062643,0.08286529407037968
140.0,105.0,-0.13112760542624718,0.17336919236122073,0.04084611924812177,-0.028368244552579705,0.2229898843477665,0.08287219514187552,0.08287219514187552,-10.815911572902774,0.004121840820875589,0.07875035432099993,0.08526823247440635,0.08526823247440635,-10.69212739415761,0.004241013294449624,0.0810272191799567,0.08517183467818655,0.08517183467818655,-10.697039975586293,0.004236218726490841,0.0809356159516957
140.0,110.0,-0.1288130960595864,0.1704646762550681,0.05907348995684276,-0.02797500476028796,0.2234352203083049,0.08320353592377097,0.08320353592377097,-10.798582169838962,0.0071202957639811435,0.07608324015978984,0.08560915312662926,0.08560915312662926,-10.674797991093799,0.007326160884845295,0.07828299224178398,0.08551236991137819,0.08551236991137819,-10.679710572522481,0.007317878483022758,0.07819449142835544
140.0,115.0,-0.12527928543361716,0.16683346986964365,0.07701428208580247,-0.02788375004541091,0.22413613985542252,0.08372637613124398,0.08372637613124398,-10.771377056418531,0.011180908524235072,0.07254546760700889,0.08614710991999586,0.08614710991999586,-10.647592877673372,0.011504175866071685,0.07464293405392416,0.0860497185315971,0.0860497185315971,-10.65250545910205,0.011491170117405004,0.07455854841419207
140.0,120.0,-0.12046950782930399,0.16229461420088137,0.09448794352418209,-0.028182071006373953,0.22488807152200177,0.08428908874690362,0.08428908874690362,-10.742286413148804,0.016203285927991366,0.06808580281891226,0.08672609193014058,0.08672609193014058,-10.618502234403643,0.016671762452918373,0.0700543294772222,0.0866280459885957,0.0866280459885957,-10.623414815832323,0.01665291462280716,0.06997513136578855
140.0,125.0,-0.1143647587959981,0.15666101690234602,0.11129422509796351,-0.028928324356721047,0.22548885728919688,0.08474004487062389,0.08474004487062389,-10.719113103720932,0.022038234949555945,0.06270180992106797,0.08719008629552824,0.08719008629552824,-10.59532892497577,0.022675414085354402,0.06451467221017386,0.08709151579714687,0.08709151579714687,-10.600241506404451,0.022649778982071885,0.064441736815075
140.0,130.0,-0.10699161860498158,0.14975139046798225,0.12722306344609188,-0.030150327145792542,0.22575968528152798,0.08494372463349115,0.08494372463349115,-10.70868699875742,0.028490578953781206,0.05645314567970993,0.08739965493722723,0.08739965493722723,-10.584902820012257,0.029314311095566627,0.05808534384166059,0.08730084751643488,0.08730084751643488,-10.589815401440939,0.02928117055887071,0.05801967695756416
140.0,135.0,-0.09842393688073989,0.14140082453583372,0.1420660751138848,-0.0318442292911241,0.22556216253602276,0.0847951509162743,0.0847951509162743,-10.716289825371296,0.03532720878531421,0.049467942130960105,0.08724678559139244,0.08724678559139244,-10.592505646626133,0.03634860457383909,0.050898181017553355,0.08714815099308768,0.08714815099308768,-10.597418228054815,0.03630751159847297,0.050840639394614695
140.0,140.0,-0.08877820075459068,0.13147075481523518,0.15562766706191627,-0.03397333318508698,0.22481166878912154,0.08423182628072995,0.08423182628072995,-10.745237830073219,0.04228926724124066,0.0419425590394893,0.08666717386637508,0.08666717386637508,-10.621453651328057,0.04351195312402578,0.043155220742349315,0.0865691945331243,0.0865691945331243,-10.62636623275674,0.04346276181011372,0.043106432723010575
140.0,145.0,-0.078203877625638,0.11985924613902565,0.1677340541432676,-0.03646720098087748,0.22348748293230572,0.08324246392865726,0.08324246392865726,-10.796550734053557,0.0491064592075017,0.03413600472115558,0.08564920663510368,0.08564920663510368,-10.672766555308396,0.0505262467409216,0.03512295989418209,0.0855523781383939,0.0855523781383939,-10.677679136737076,0.050469125598665676,0.03508325253972824
140.0,150.0,-0.0668710071750446,0.10651211130359303,0.17823916759984756,-0.03922191189763459,0.22163961896408824,0.08187160567005027,0.08187160567005027,-10.868666921216848,0.05551129093692848,0.026360314733121767,0.08423871351996116,0.08423871351996116,-10.744882742471686,0.05711625778056228,0.027122455739398876,0.08414347961978444,0.08414347961978444,-10.749795323900369,0.05705168647166338,0.027091793148121032
140.0,155.0,-0.05495763945054602,0.0914345658623035,0.1870273129782417,-0.04210258797405694,0.21939112489428217,0.08021888625300964,0.08021888625300964,-10.957233719919923,0.061251629823714654,0.018967256429294976,0.08253820995267995,0.08253820995267995,-10.83344954117476,0.06302256386841718,0.019515646084262758,0.08244489851285677,0.08244489851285677,-10.838362122603442,0.06295131533783623,0.019493583175020528
140.0,160.0,-0.042639322278953756,0.07470217370812444,0.19401320691324422,-0.04494916427699401,0.21693335010341033,0.07843161620065675,0.07843161620065675,-11.055088356109103,0.06610102909623952,0.0123305871044172,0.0806992655629764,0.0806992655629764,-10.931304177363938,0.0680121711042695,0.012687094458706862,0.08060803309420014,0.08060803309420014,-10.936216758792623,0.06793528170219888,0.012672751392001231
140.0,165.0,-0.03008192268968789,0.05646912718070252,0.1991404555400316,-0.04758584770933339,0.21451111470542938,0.07668989047593208,0.07668989047593208,-11.152618824641966,0.0698672438825405,0.006822646593391587,0.07890718229852052,0.07890718229852052,-11.028834645896804,0.07188727634791696,0.007019905950603546,0.07881797582315733,0.07881797582315733,-11.033747227325485,0.07180600604577646,0.00701196977738087
140.0,170.0,-0.01743798026628341,0.03697169988973882,0.2023795378447021,-0.04983393619646875,0.212395593842182,0.07518470918898507,0.07518470918898507,-11.238704757658693,0.07239979188494014,0.002784917304044913,0.07735848254860075,0.07735848254860075,-11.11492057891353,0.074493046491347,0.0028654360572537433,0.07727102691570921,0.07727102691570921,-11.119833160342212,0.0744088303031245,0.0028621966125846996
140.0,175.0,-0.0048459103301798446,0.01652509775977385,0.20372600079177838,-0.05152688389084342,0.21084559484373955,0.07409136258296932,0.07409136258296932,-11.302324182176806,0.07359710472240638,0.0004942578605629429,0.07623352462492985,0.07623352462492985,-11.178540003431646,0.07572497656385059,0.0005085480610792703,0.07614734078414112,0.07614734078414112,-11.183452584860326,0.07563936764892742,0.000507973135213713
140.0,180.0,0.007569054744275344,-0.00448719420100711,0.2031990642071373,-0.05252591372872226,0.21006250690975975,0.07354202876511391,0.07354202876511391,-11.334643936493569,0.07341298930263443,0.00012903946247947885,0.07566830822627217,0.07566830822627217,-11.210859757748405,0.07553553791813399,0.00013277030813816116,0.07558276337627329,0.07558276337627329,-11.215772339177088,0.07545014316817515,0.0001326202080981283
145.0,-180.0,0.007125363183910429,-0.004361106413293097,0.2257425055219684,-0.07608466359287265,0.23836598935885803,0.09469501054305016,0.09469501054305016,-10.236729032639554,0.09457869653388501,0.00011631400916513633,0.09743287431119473,0.09743287431119473,-10.11294485389439,0.09731319738027061,0.00011967693092410363,0.0973227240935767,0.0973227240935767,-10.117857435323073,0.09720318246031348,0.0001195416332632439
145.0,-175.0,0.022815500440506283,-0.023571820884990186,0.22322509696219023,-0.07607988180326383,0.23810453613730803,0.09448739084460783,0.09448739084460783,-10.246261433635253,0.09269380343292773,0.0017935874116801049,0.09721925182077151,0.09721925182077151,-10.12247725489009,0.09537380742147106,0.0018454443993004474,0.09710934310853836,0.09710934310853836,-10.127389836318772,0.09526598502870269,0.0018433580798356678
145.0,-170.0,0.03806456025731967,-0.04249908889487862,0.21877148356839585,-0.07511832037542006,0.23824106989186197,0.0945957837143974,0.0945957837143974,-10.241282203675357,0.08917077268194613,0.00542501103245125,0.09733077859285666,0.09733077859285666,-10.117498024930196,0.09174891725686402,0.005581861335992642,0.09722074379691409,0.09722074379691409,-10.122410606358876,0.09164519288997547,0.005575550906938591
145.0,-165.0,0.05274107271450628,-0.060763886619267946,0.21247060099205198,-0.07322250523254685,0.23870308382300007,0.0949630331346523,0.0949630331346523,-10.224454223958707,0.08417350287928382,0.010789530255368494,0.09770864608977499,0.09770864608977499,-10.100670045213544,0.08660716419311022,0.011101481896664775,0.09759818410550083,0.09759818410550083,-10.105582626642226,0.08650925270224442,0.011088931403256416
145.0,-160.0,0.06672612764922912,-0.07801163241847497,0.2044294679094218,-0.0704689814180551,0.23936473339964678,0.09549020966297388,0.09549020966297388,-10.20041153100086,0.07792697193084976,0.017563237732124117,0.09825106457760456,0.09825106457760456,-10.076627352255695,0.08018003079622364,0.018071033781380922,0.09813998937612936,0.09813998937612936,-10.081539933684379,0.08008938533489184,0.01805060404123753
145.0,-155.0,0.079913742700013,-0.09393346010360433,0.19477030780465995,-0.06698338950096472,0.24006655008709404,0.09605098457701701,0.09605098457701701,-10.174981790149483,0.07070207977531777,0.025348904801699244,0.09882805286245192,0.09882805286245192,-10.051197611404321,0.0727462493829795,0.02608180347947242,0.0987163253617852,0.0987163253617852,-10.056110192833001,0.07266400799107683,0.026052317370708365
145.0,-150.0,0.09221145923151029,-0.10828412338359295,0.18362763170835195,-0.06293115532363866,0.2406404829361505,0.09651079633930928,0.09651079633930928,-10.154241008705354,0.06279758294114589,0.033713213398163404,0.09930115890452648,0.09930115890452648,-10.03045682996019,0.06461321426190543,0.03468794464262105,0.0991888965460527,0.0991888965460527,-10.035369411388873,0.06454016746263709,0.03464872908341562
145.0,-145.0,0.1035413144397463,-0.1208949796382087,0.17114538638894064,-0.05850474069867451,0.24093556786840803,0.09674763382018031,0.09674763382018031,-10.143596478222825,0.05452129547173573,0.04222633834844456,0.09954484393474669,0.09954484393474669,-10.019812299477662,0.056097639131325996,0.04344720480342067,0.09943230608446076,0.09943230608446076,-10.024724880906344,0.05603421939541185,0.04339808668904887
145.0,-140.0,0.11384125849594431,-0.13168105996227175,0.1574741300159466,-0.05390869472841363,0.2408401600238805,0.0966710269853948,0.0966710269853948,-10.147036676518535,0.04617266053328101,0.050498366452113794,0.09946602220948123,0.09946602220948123,-10.023252497773372,0.04750762478987654,0.05195839741960469,0.0993535734690594,0.0993535734690594,-10.028165079202054,0.047453916272642345,0.05189965719641705
145.0,-135.0,0.12306688554778168,-0.14064182524429542,0.14276805479115942,-0.04934386788573605,0.24029797355211757,0.09623625958299731,0.09623625958299731,-10.16661265074202,0.03802832869832077,0.05820793088467655,0.09901868462084298,0.09901868462084298,-10.042828471996856,0.03912782045305152,0.05989086416779149,0.09890674160636927,0.09890674160636927,-10.047741053425538,0.03908358550701004,0.059823156099359245
145.0,-130.0,0.1311930719082895,-0.14785575182170624,0.12718162593222765,-0.04499212414951881,0.23931653238701753,0.09545175569935178,0.09545175569935178,-10.202160789672464,0.030331714096045452,0.06512004160330633,0.09821149881608375,0.09821149881608375,-10.0783766109273,0.031208677946337537,0.0670028208697462,0.09810046834465755,0.09810046834465755,-10.083289192355982,0.03117339578216387,0.06692707256249365
145.0,-125.0,0.1382148705908725,-0.15346933697574172,0.11086570787283213,-0.04100275094551439,0.23796768396458673,0.09437880753991013,0.09437880753991013,-10.251255141948977,0.02328683599531345,0.07109197154459669,0.09710752910784044,0.09710752910784044,-10.127470963203818,0.023960115233371177,0.07314741387446927,0.0969977467008326,0.0969977467008326,-10.1323835446325,0.023933027744412583,0.07306471895642003
145.0,-120.0,0.14414692209154817,-0.1576814558608844,0.09396329472652054,-0.037481566731455855,0.2363805094997945,0.09312404820075844,0.09312404820075844,-10.309381530438753,0.017056212505264248,0.07606783569549419,0.095816491615144,0.095816491615144,-10.185597351693591,0.017549349218298434,0.07826714239684555,0.09570816875720292,0.09570816875720292,-10.190509933122271,0.017529509255153387,0.07817865950204952
145.0,-115.0,0.14902079091291262,-0.16072425776358845,0.07660527632217666,-0.034483494787137504,0.2347274226227051,0.09182610821190804,0.09182610821190804,-10.370338216277851,0.011762189182031153,0.08006391902987692,0.09448102501482461,0.09448102501482461,-10.24655403753269,0.012102262765748694,0.08237876224907595,0.09437421193412954,0.09437421193412954,-10.25146661896137,0.012088580865396869,0.0822856310687327
145.0,-110.0,0.15288002802361628,-0.16284198813953454,0.05890693469065431,-0.03200912363870533,0.2332046891048826,0.09063857633809472,0.09063857633809472,-10.426869245630757,0.007490841773832172,0.08314773456426257,0.09325915869749431,0.09325915869749431,-10.303085066885593,0.0077074202838071535,0.08555173841368717,0.09315372696618163,0.09315372696618163,-10.307997648314275,0.00769870685902587,0.08545502010715576
145.0,-105.0,0.15577330326423594,-0.16426927603917177,0.04096596452379964,-0.03000550872970181,0.2320091762490843,0.08971164958110558,0.08971164958110558,-10.471511576216443,0.0042974667613986505,0.08541418281970693,0.09230543222667517,0.09230543222667517,-10.34772739747128,0.004421717009361715,0.08788371521731342,0.09220107870617225,0.09220107870617225,-10.352639978899962,0.00441671815148885,0.08778436055468337
145.0,-100.0,0.15774649836099255,-0.16521052035102501,0.022862680464245333,-0.028371180885523543,0.23131385570834348,0.08917473219519562,0.08917473219519562,-10.49758186237698,0.002212657976531376,0.08696207421866424,0.09175299124930097,0.09175299124930097,-10.373797683631821,0.0022766313165257495,0.08947635993277522,0.09164926227666557,0.09164926227666557,-10.378710265060501,0.002274057529836974,0.0893752047468286
145.0,-95.0,0.15883503937314714,-0.1658220064533322,0.004662724925199491,-0.02696501647293723,0.2312452392461129,0.08912183482696243,0.08912183482696243,-10.500158808886788,0.001248059125380741,0.0878737757015817,0.09169856448910632,0.09169856448910632,-10.376374630141624,0.0012841435593998777,0.09041442092970646,0.09159489704723785,0.09159489704723785,-10.381287211570307,0.0012826918040912036,0.09031220524314666
145.0,-90.0,0.1590578576317182,-0.1661982450249567,-0.01357789487431204,-0.0256183084623682,0.23186615898284596,0.08960108188211331,0.08960108188211331,-10.476867464473028,0.0014010619217352386,0.08820001996037807,0.09219166774576944,0.09219166774576944,-10.353083285727866,0.0014415700398551692,0.09075009770591426,0.09208744283875983,0.09208744283875983,-10.357995867156546,0.0014399403101081588,0.09064750252865167
145.0,-85.0,0.1584141582284646,-0.16636371945175088,-0.03180610647427923,-0.024149088856972964,0.2331667634521032,0.09060909796295205,0.09060909796295205,-10.428281930877306,0.002657948883924133,0.08795114907902792,0.09322882803061225,0.09322882803061225,-10.304497752132143,0.002734796670361285,0.09049403136025097,0.09312343058885102,0.09312343058885102,-10.309410333560825,0.0027317049166743403,0.0903917256721767
145.0,-80.0,0.15688368819152224,-0.16627076194177462,-0.049964448245787524,-0.022377532727206096,0.2350652206446888,0.09209059369026681,0.09209059369026681,-10.35784727208531,0.004995215749680825,0.08709537794058597,0.09475315741358865,0.09475315741358865,-10.234063093340149,0.005139639623089644,0.08961351779049898,0.0946460366806442,0.0946460366806442,-10.238975674768831,0.005133829136362615,0.08951220754428156
145.0,-75.0,0.15443054522824773,-0.16580369511287552,-0.0679843198641633,-0.020141163362748106,0.2374177601224791,0.09394310815476892,0.09394310815476892,-10.271350750646873,0.008379026279394576,0.08556408187537434,0.09665923259056376,0.09665923259056376,-10.14756657190171,0.008621284370197116,0.08803794822036665,0.096549956993596,0.096549956993596,-10.152479153330392,0.008611537799994426,0.08793841919360157
145.0,-70.0,0.15100990207421336,-0.16478875468033158,-0.08578090999873528,-0.01730860548307143,0.24003599008802357,0.09602653193113005,0.09602653193113005,-10.17608755717803,0.012762953223017222,0.08326357870811282,0.09880289323091886,0.09880289323091886,-10.05230337843287,0.013131961336574979,0.08567093189434388,0.09869119417382327,0.09869119417382327,-10.057215959861551,0.013117115337119446,0.08557407883670383
145.0,-65.0,0.14657649030918174,-0.16300874879547705,-0.10325058427153957,-0.013790804911935814,0.24270844473927553,0.09817666895954988,0.09817666895954988,-10.079917071824518,0.018084356369835932,0.08009231258971393,0.1010151959662001,0.1010151959662001,-9.956132893079356,0.018607219230204686,0.0824079767359954,0.1009009958474305,0.1009009958474305,-9.961045474508039,0.018586183319461387,0.08231481252796909
145.0,-60.0,0.1410934048783143,-0.16022100493520539,-0.12027105491078743,-0.009548925806030742,0.24522322067048577,0.10022168546122673,0.10022168546122673,-9.990382978582081,0.024259942846728742,0.07596174261449797,0.10311933888386328,0.10311933888386328,-9.86659879983692,0.024961356977805067,0.0781579819060582,0.10300275998070577,0.10300275998070577,-9.871511381265602,0.024933137560872294,0.07806962241983346
145.0,-55.0,0.13453980922077996,-0.1561769694239301,-0.13670416282422648,-0.004598500772611477,0.247389127462052,0.1019998976188753,0.1019998976188753,-9.914002641555316,0.03118122263668973,0.07081867498218557,0.10494896349302943,0.10494896349302943,-9.790218462810154,0.032082747851311585,0.07286621564171783,0.10483031615506197,0.10483031615506197,-9.795131044238836,0.03204647752999972,0.07278383862506224
145.0,-50.0,0.12691642091942112,-0.1506418700202569,-0.15240069423404484,0.000990220421337177,0.24905361479347635,0.10337706959938756,0.10337706959938756,-9.855757828169388,0.03871067491073748,0.06466639468865007,0.10636595287518011,0.10636595287518011,-9.731973649424226,0.03982989495908785,0.06653605791609227,0.10624570359649285,0.10624570359649285,-9.736886230852908,0.03978486630086071,0.06646083729563214
145.0,-45.0,0.11824815320558368,-0.14341308488873308,-0.16720640705889653,0.007095464503554829,0.2501165065162648,0.1042613217508803,0.1042613217508803,-9.818767736975554,0.046679447237955474,0.05758187451292489,0.1072757709135511,0.1072757709135511,-9.69498355823039,0.04802906393451535,0.059246706979035786,0.10715449306359744,0.10715449306359744,-9.699896139659073,0.04797476591773429,0.059179727145863184
145.0,-40.0,0.10858385151581976,-0.13433619664938806,-0.1809683853633645,0.013550197496041833,0.25053908057115076,0.10461392021320802,0.10461392021320802,-9.80410523216815,0.05488731415994369,0.04972660605326435,0.10763856385760677,0.10763856385760677,-9.680321053422986,0.05647424031273145,0.05116432354487535,0.10751687586146763,0.10751687586146763,-9.685233634851668,0.056410394820086,0.05110648104138165
145.0,-35.0,0.09799356569471086,-0.12331805134746275,-0.19354094893612822,0.020150878231254388,0.25034823249683014,0.10445460166802417,0.10445460166802417,-9.810724227491674,0.0631054413072846,0.041349160360739566,0.10747463902461588,0.10747463902461588,-9.686940048746512,0.06492997356444552,0.042544665460170356,0.10735313634945957,0.10735313634945957,-9.691852630175195,0.06485656866113525,0.04249656768832432
145.0,-30.0,0.08656413953752576,-0.11033641355970744,-0.20479055810779867,0.02666810666902139,0.24963540416876967,0.10386061149559132,0.10386061149559132,-9.835491247567603,0.07108225970537976,0.03277835179021156,0.10686347514722842,0.10686347514722842,-9.711707068822443,0.07313742124228806,0.033726053904940385,0.10674266340759642,0.10674266340759642,-9.716619650251124,0.07305473762115083,0.03368792578644559
145.0,-25.0,0.07439403868980507,-0.0954459776273855,-0.2145994001938813,0.03285860194282211,0.2485497896258173,0.10295923757869932,0.10295923757869932,-9.873346820767635,0.07855246651706885,0.02440677106163045,0.1059360403114511,0.1059360403114511,-9.749562642022472,0.08082360995685652,0.02511243035459456,0.10581627705930044,0.10581627705930044,-9.754475223451154,0.08073223691373982,0.025084040145560586
145.0,-20.0,0.061588291585444266,-0.07878057317456452,-0.222867568284396,0.03847798392934573,0.24728526969957898,0.10191427334270252,0.10191427334270252,-9.917649877318185,0.08524883868170115,0.016665434661001375,0.10486086361014765,0.10486086361014765,-9.793865698573024,0.08771359057691239,0.017147273033235284,0.10474231587122561,0.10474231587122561,-9.798778280001706,0.08761442824429717,0.01712788762692844
145.0,-15.0,0.04825424084513398,-0.0605514325847537,-0.22951391950671968,0.04329385051634756,0.2460608552522628,0.10090753018912836,0.10090753018912836,-9.960764234800383,0.09091618599680251,0.009991344192325844,0.103825013056002,0.103825013056002,-9.83698005605522,0.09354479472867837,0.010280218327323638,0.10370763637114937,0.10370763637114937,-9.841892637483902,0.09343904007893372,0.010268596292215666
145.0,-10.0,0.03449855960890995,-0.041041419979514535,-0.2344758283244943,0.047098627634651564,0.24509537646098037,0.10011721393338782,0.10011721393338782,-9.994912444632483,0.09532641218529622,0.004790801748091597,0.10301184682929089,0.10301184682929089,-9.871128265887322,0.09808253131525488,0.004929315514036009,0.10289538944849724,0.10289538944849724,-9.876040847316002,0.09797164664470319,0.004923742803794037
145.0,-5.0,0.020425731084420362,-0.020595199861725057,-0.2377081421629322,0.0497216201477644,0.2445787666751732,0.09969560644241024,0.09969560644241024,-10.013239805034015,0.09829335156546902,0.0014022548769411962,0.10257804963721602,0.10257804963721602,-9.889455626288852,0.10113525215090959,0.0014427974863064062,0.1024620826746251,0.1024620826746251,-9.894368207717536,0.10102091630572356,0.0014411663689015376
145.0,0.0,0.00613795041485291,0.00039451977215637884,-0.23918170852505996,0.051039618307807094,0.24464415466370576,0.09974892069099212,0.09974892069099212,-10.010917947939191,0.09968587204111819,6.304864987395185e-05,0.10263290533078724,0.10263290533078724,-9.887133769194028,0.10256803379063503,6.48715401522295e-05,0.10251687635250989,0.10251687635250989,-9.89204635062271,0.1024520781512006,6.479820130930302e-05
145.0,5.0,-0.008263801506497654,0.021504284196979095,-0.2388818695699842,0.05098533763407981,0.24534623884843904,0.10032226469345369,0.10032226469345369,-9.986026725583278,0.09943774444167747,0.0008845202517762393,0.10322282610706214,0.10322282610706214,-9.862242546838116,0.10231273221697443,0.0009100938900877038,0.10310613020909938,0.10310613020909938,-9.867155128266797,0.10219706520213509,0.0009090650069642747
145.0,10.0,-0.022677935704195837,0.0423000015457796,-0.23680729765367364,0.049552926029703785,0.24665110500201995,0.1013922239555864,0.1013922239555864,-9.939953509462308,0.09755301623954785,0.0038392077160385694,0.10432372050168372,0.10432372050168372,-9.816169330717145,0.10037351192462995,0.003950208577053781,0.1042057800160189,0.1042057800160189,-9.821081912145827,0.10026003724516737,0.003945742770851561
145.0,15.0,-0.03700023349572383,0.062358739096825,-0.23296946027435292,0.04679981064673203,0.24844037779229294,0.10286861203798696,0.10286861203798696,-9.877171198748314,0.09410610244063494,0.008762509597352015,0.10584279456527108,0.10584279456527108,-9.753387020003151,0.09682693943886711,0.009015855126403967,0.10572313672968854,0.10572313672968854,-9.758299601431833,0.09671747424525688,0.009005662484431668
145.0,20.0,-0.05112223486088563,0.08129069256170499,-0.22739285295455447,0.04284432834345956,0.2505290514897364,0.10460554498870313,0.10460554498870313,-9.804452935359686,0.08923647441286069,0.015369070575842426,0.10762994648492964,0.10762994648492964,-9.680668756614523,0.09181651858510205,0.015813427899827582,0.10750826823093844,0.10750826823093844,-9.685581338043205,0.09171271779327922,0.015795550437659223
145.0,25.0,-0.0649306177691236,0.0987595374845864,-0.22011593841518062,0.03785891346614366,0.2526930055250481,0.1064204179001664,0.1064204179001664,-9.729750399858133,0.08313858078574152,0.023281837114424917,0.10949729179973906,0.10949729179973906,-9.605966221112972,0.08554231997709798,0.02395497182264113,0.10937350246676916,0.10937350246676916,-9.610878802541652,0.08544561231833661,0.023927890148432593
145.0,30.0,-0.07830801408295958,0.11449930768917099,-0.21119251196110966,0.032059084009118256,0.25470040931820975,0.10811795035047572,0.10811795035047572,-9.661021960468943,0.07604831166391647,0.032069638686559286,0.11124390405440449,0.11124390405440449,-9.537237781723782,0.07824705387788504,0.03299685017651948,0.11111814013409631,0.11111814013409631,-9.542150363152464,0.07815859369364488,0.03295954644045147
145.0,35.0,-0.09113546117256142,0.12832616197959792,-0.20069302220873494,0.02568899643141638,0.2563413541207867,0.10951556963318984,0.10951556963318984,-9.605241335626767,0.068227748784263,0.04128782084892686,0.11268193192014594,0.11268193192014594,-9.481457156881604,0.07020037944671571,0.04248155247343025,0.11255454227460414,0.11255454227460414,-9.486369738310286,0.07012101622226413,0.04243352605234004
145.0,40.0,-0.10329635155619486,0.14014389520562684,-0.1887052657761483,0.019004817504077134,0.25745156443151934,0.11046624422908793,0.11046624422908793,-9.567704114329063,0.05995002166514981,0.050516222563938125,0.11366009283783099,0.11366009283783099,-9.4439199355839,0.06168332304264823,0.05197676979518276,0.11353159735774711,0.11353159735774711,-9.448832517012582,0.061613588556166304,0.051918008801580796
145.0,45.0,-0.11468136804742915,0.14994274249555267,-0.17533389203315972,0.012257474807773241,0.2579280162922912,0.11087549052134882,0.11087549052134882,-9.551644458051435,0.051485819347669916,0.05938967117367889,0.1140811714387785,0.1140811714387785,-9.42786027930627,0.05297439998731343,0.06110677145146505,0.1139521999191663,0.1139521999191663,-9.432772860734953,0.052914511148684396,0.061037688770481886
145.0,50.0,-0.12519356042596327,0.15779177896052352,-0.16069832628280695,0.005676421987769201,0.2577360023674123,0.1107104699555144,0.1107104699555144,-9.558113056895648,0.04309260783832916,0.06761786211718523,0.11391137972580966,0.11391137972580966,-9.434328878150485,0.04433852025756679,0.06957285946824286,0.11378260015982981,0.11378260015982981,-9.439241459579167,0.04428839448954692,0.06949420567028287
145.0,55.0,-0.1347525262457508,0.16382588511433704,-0.14492903646822608,-0.0005441184534385295,0.25690832146819903,0.11000055121934459,0.11000055121934459,-9.586051385606853,0.035007044726572935,0.07499350649277166,0.11318093550709393,0.11318093550709393,-9.46226720686169,0.03601918379110293,0.077161751715991,0.1130529817259451,0.1130529817259451,-9.467179788290371,0.03597846323388791,0.0770745184920572
145.0,60.0,-0.14329668318468317,0.16822872348817441,-0.12816247348013918,-0.006255339046459519,0.25553784786861933,0.1088300888839071,0.1088300888839071,-9.632510161298779,0.02744060164950681,0.08138948723440032,0.11197663225013592,0.11197663225013592,-9.508725982553617,0.028233976385952066,0.08374265586418389,0.11185003996290555,0.11185003996290555,-9.513638563982298,0.028202057193737726,0.08364798276916784
145.0,65.0,-0.1507828977395167,0.17121341430829923,-0.11053541296868032,-0.011359831103466186,0.2537649281770175,0.10732520280326187,0.10732520280326187,-9.692982821985881,0.020578054004449776,0.08674714879881208,0.1104282362416523,0.1104282362416523,-9.569198643240718,0.021173015746938754,0.08925522049471353,0.11030339445350654,0.11030339445350654,-9.5741112246694,0.021149079141263898,0.08915431531224265
145.0,70.0,-0.15718323287352792,0.17300263082566195,-0.09217970633422419,-0.01581321844319148,0.251761067495691,0.10563690313454431,0.10563690313454431,-9.761843391130954,0.014578250111960653,0.09105865302258366,0.1086911237108183,0.1086911237108183,-9.638059212385793,0.014999742887087822,0.09369138082373049,0.10856824577034357,0.10856824577034357,-9.642971793814473,0.014982785315478576,0.09358546045486503
145.0,75.0,-0.16247919706418143,0.17380971568185652,-0.07321851780077666,-0.019621707996948044,0.2497103712657707,0.10392300086439442,0.10392300086439442,-9.832883211341152,0.009576379011952858,0.09434662185244155,0.10692766834488569,0.10692766834488569,-9.709099032595992,0.009853255491257186,0.09707441285362851,0.10680678403329333,0.10680678403329333,-9.714011614024672,0.009842116147947439,0.09696466788534588
145.0,80.0,-0.16665447822748258,0.17382220523295022,-0.05376494015382097,-0.022836148653073506,0.2477902996898175,0.10233097687550487,0.10233097687550487,-9.899928799761724,0.005686796815967525,0.09664418005953732,0.10528961505865303,0.10528961505865303,-9.776144621016561,0.005851215985150248,0.09943839907350274,0.10517058260586316,0.10517058260586316,-9.781057202445243,0.005844601044159842,0.0993259815617033
145.0,85.0,-0.16968758301803893,0.17318887095773813,-0.03392346616433572,-0.025543417808512055,0.24615346555363174,0.1009835019269496,0.1009835019269496,-9.957495728247327,0.0030053754459822037,0.09797812648096743,0.10390318132210065,0.10390318132210065,-9.833711549502166,0.0030922681818934083,0.10081091314020724,0.10378571626613525,0.10378571626613525,-9.838624130930848,0.003088772298028986,0.10069694396810629
145.0,90.0,-0.1715459636305405,0.1720110511997378,-0.01379422886878275,-0.02785609377838427,0.24491235592236674,0.09996774832281946,0.09996774832281946,-10.001400898461934,0.0016103665790130988,0.09835738174380636,0.10285805980329198,0.10285805980329198,-9.877616719716771,0.0016569262053844004,0.10120113359790757,0.10274177628244549,0.10274177628244549,-9.882529301145452,0.0016550530102909544,0.10108672327215452
145.0,95.0,-0.17218304891546585,0.17033864827088988,0.006520666400105645,-0.029901423873141306,0.24412880139082807,0.09932911267696062,0.09932911267696062,-10.029234441338355,0.0015609869577992964,0.09776812571916133,0.10220095964292686,0.10220095964292686,-9.905450262593194,0.0016061188988571833,0.10059484074406967,0.10208541898968203,0.10208541898968203,-9.910362844021874,0.0016043031426508695,0.10048111584703115
145.0,100.0,-0.1715391219684573,0.16817071620778948,0.026909881036296067,-0.03181055515789268,0.2438095840454002,0.09906952146580886,0.09906952146580886,-10.040599347692394,0.0028933536966096324,0.09617616776919924,0.10193386301657459,0.10193386301657459,-9.916815168947233,0.0029770076104636612,0.09895685540611095,0.1018186243225168,0.1018186243225168,-9.921727750375913,0.002973642031459026,0.09884498229105779
145.0,105.0,-0.16954628418043657,0.16546010702945035,0.047246086015419214,-0.03370884732797864,0.24390872991663887,0.0991501116624382,0.0991501116624382,-10.037067923577865,0.005613999459187539,0.09353611220325066,0.10201678327239243,0.10201678327239243,-9.913283744832702,0.005776313879192859,0.09624046939319957,0.10190145083498271,0.10190145083498271,-9.918196326261386,0.005769783616842281,0.09613166721814045
145.0,110.0,-0.1661369478903674,0.16212125560357216,0.06738112724402238,-0.03570783667026761,0.24433594267146017,0.09949774405853919,0.09949774405853919,-10.02186766028494,0.009691881515294352,0.08980586254324482,0.1023744665691318,0.1023744665691318,-9.898083481539778,0.009972097453744574,0.09240236911538721,0.10225872976211631,0.10225872976211631,-9.90299606296846,0.009960823756725952,0.09229790600539037
145.0,115.0,-0.1612545673141822,0.15803995627444323,0.08714422341403862,-0.0378990959336208,0.24496963159937543,0.1000145110919471,0.1000145110919471,-9.999369837004759,0.015050407337740433,0.08496410375420665,0.10290617459815528,0.10290617459815528,-9.875585658259595,0.015485551330116714,0.08742062326803854,0.10278983668237113,0.10278983668237113,-9.880498239688277,0.015468044540329325,0.08732179214204178
145.0,120.0,-0.15486481261036256,0.15308398804995765,0.10634375691852417,-0.04034989935294575,0.24567239689363007,0.10058917453594295,0.10058917453594295,-9.97448755783876,0.02156134038991837,0.07902783414602456,0.10349745296423803,0.10349745296423803,-9.850703379093598,0.022184731340588917,0.0813127216236491,0.10338044659398041,0.10338044659398041,-9.855615960522279,0.02215965096600038,0.08122079562798001
145.0,125.0,-0.14696524295008526,0.14711369113089823,0.12477254083451302,-0.0431003402834719,0.24630681483139316,0.10110936300898192,0.10110936300898192,-9.952086256666297,0.0290423595864038,0.07206700342257813,0.1040326813550591,0.1040326813550591,-9.828302077921133,0.029882045052375555,0.07415063630268352,0.10391506989617874,0.10391506989617874,-9.833214659349816,0.029848262678729493,0.07406680721744925
145.0,130.0,-0.13759179765010746,0.13999201815467557,0.14221579101806894,-0.04616144301390997,0.24674982870030254,0.10147340598452997,0.10147340598452997,-9.936477621595808,0.03725947226062366,0.06421393372390631,0.10440724970113176,0.10440724970113176,-9.812693442850648,0.03833673450007579,0.06607051520105599,0.10428921478368958,0.10428921478368958,-9.817606024279328,0.038293393895810546,0.06599582088787903
145.0,135.0,-0.1268210564777475,0.1315940398302653,0.15846055746242013,-0.049513905160131225,0.24690473215491213,0.10160085097680849,0.10160085097680849,-9.931026545227253,0.04593454294962703,0.05566630802718145,0.10453837943904568,0.10453837943904568,-9.80724236648209,0.04726262264597904,0.057275756793066616,0.10442019627626771,0.10442019627626771,-9.812154947910772,0.047209191109585845,0.05721100516668185
145.0,140.0,-0.11476807540913411,0.12181620826017767,0.17330518863517025,-0.05310738239849732,0.24671032041869637,0.10144091381246141,0.10144091381246141,-9.93786847179989,0.054757180758914115,0.046683733053547304,0.10437381810110238,0.10437381810110238,-9.814084293054728,0.05634034443761098,0.0480334736634914,0.10425582097889147,0.10425582097889147,-9.81899687448341,0.05627665031748624,0.04797917066140524
145.0,145.0,-0.10158046647282862,0.11058573701393742,0.18656755319494697,-0.056860592029470323,0.24614706017103763,0.10097824642873347,0.10097824642873347,-9.957721754600735,0.06339947108438176,0.03757877534435173,0.10389777387461002,0.10389777387461002,-9.833937575855572,0.06523250445969932,0.03866526941491072,0.10378031493189463,0.10378031493189463,-9.838850157284254,0.0651587575379052,0.038621557393989446
145.0,150.0,-0.08743003662505672,0.09787020145115728,0.1980911664194393,-0.06066282772317669,0.24524003856861276,0.10023543273923483,0.10023543273923483,-9.98978730335308,0.07153179624365924,0.028703636495575603,0.10313348362921579,0.10313348362921579,-9.866003124607916,0.07359995497855669,0.02953352865065912,0.10301688873508204,0.10301688873508204,-9.870915706036598,0.07351674845185945,0.029500140283222613
145.0,155.0,-0.07250357354542991,0.08368697052945841,0.20774892541162723,-0.06437760751362837,0.24405812744532937,0.09927161053765601,0.09927161053765601,-10.03174932266318,0.07883829657259533,0.020433313965060686,0.10214179497649555,0.10214179497649555,-9.907965143918018,0.08111770405658537,0.02102409091991016,0.10202632121033504,0.10202632121033504,-9.9128777253467,0.08102599853298595,0.021000322677349113
145.0,160.0,-0.056994228260968754,0.06811152418520233,0.21544467620367103,-0.06784903779254078,0.2427085128621843,0.09817672407161003,0.09817672407161003,-10.079914633887162,0.08503116413260195,0.013145559939008072,0.10101525267168435,0.10101525267168435,-9.956130455141999,0.08748962252557048,0.013525630146113871,0.10090105248880783,0.10090105248880783,-9.96104303657068,0.0873907133942466,0.013510339094561227
145.0,165.0,-0.04109448798987708,0.05128329555823444,0.22111317317001564,-0.07091107422753616,0.24132581532832295,0.09706129523028095,0.09706129523028095,-10.129539175580238,0.0898635758912557,0.00719771933902526,0.09986757406140648,0.09986757406140648,-10.005754996835075,0.09246175109708375,0.007405822964322729,0.09975467135691772,0.09975467135691772,-10.010667578263757,0.0923572208543224,0.007397450502595333
145.0,170.0,-0.024991140020407816,0.033407571331044286,0.22471907979653363,-0.07339929240016968,0.24005570989086034,0.09604231041551517,0.09604231041551517,-10.175374010031817,0.09314134059013879,0.002900969825376375,0.09881912790977998,0.09881912790977998,-10.051589831286654,0.095834283969687,0.0029848439400929883,0.09870741049898783,0.09870741049898783,-10.056502412715336,0.09572594099705939,0.0029814695019284424
145.0,175.0,-0.008862098006365898,0.014752254376647041,0.22625552818551944,-0.07516419807625657,0.23903427891669188,0.09522673403978563,0.09522673403978563,-10.21241110270549,0.09473313601806164,0.0004935980217239975,0.09797997123138762,0.09797997123138762,-10.088626923960328,0.09747210208669785,0.0005078691446897803,0.09786920250748782,0.09786920250748782,-10.093539505389009,0.09736190752113222,0.0005072949863555987
145.0,180.0,0.0071253631839103835,-0.004361106413293081,0.2257425055219684,-0.07608466359287265,0.23836598935885803,0.09469501054305016,0.09469501054305016,-10.236729032639554,0.09457869653388501,0.00011631400916513503,0.09743287431119473,0.09743287431119473,-10.11294485389439,0.09731319738027061,0.0001196769309241023,0.0973227240935767,0.0973227240935767,-10.117857435323073,0.09720318246031348,0.00011954163326324257
150.0,-180.0,0.0065077561874408996,-0.004230513019971856,0.24889512122294094,-0.09797441665347735,0.2675967410455123,0.11934388139656908,0.11934388139656908,-9.231998417919007,0.11924347021048677,0.00010041118608229867,0.12279440415327614,0.12279440415327614,-9.108214239173845,0.12269108983484596,0.00010331431843018692,0.1226555821136373,0.1226555821136373,-9.113126820602526,0.12255238459453933,0.00010319751909794312
150.0,-175.0,0.025543846484909167,-0.02183676634667216,0.24631261665404028,-0.09774924986438165,0.2671219823034661,0.11892078738353791,0.11892078738353791,-9.24742223960931,0.11703861096303637,0.0018821764205015762,0.12235907746016866,0.12235907746016866,-9.123638060864147,0.1204224827276843,0.0019365947324843874,0.12222074756787041,0.12222074756787041,-9.12855064229283,0.12028634220250398,0.001934405365366471
150.0,-170.0,0.044116720026596654,-0.03919672379257286,0.2416317988419357,-0.09648508059934119,0.26679198850757757,0.11862714713825964,0.11862714713825964,-9.25815913811361,0.11282283697925478,0.005804310159004855,0.12205694735904891,0.12205694735904891,-9.134374959368449,0.11608482043343428,0.005972126925614626,0.12191895903212707,0.12191895903212707,-9.13928754079713,0.11595358374024128,0.005965375291885771
150.0,-165.0,0.062064431564196575,-0.056004934234605196,0.23494427110346833,-0.09420849218018387,0.2665756869018874,0.11843487119374951,0.11843487119374951,-9.265204079399618,0.1067875683869699,0.011647302806779601,0.12185911224791593,0.12185911224791593,-9.141419900654457,0.10987505750279852,0.011984054745117401,0.12172134757836536,0.12172134757836536,-9.146332482083139,0.10975084109657748,0.011970506481787874
150.0,-160.0,0.07924036920558307,-0.07197506055333115,0.22636084797761055,-0.09099150513451118,0.2664172159551246,0.11829410136026994,0.11829410136026994,-9.270369105754014,0.09919547555077074,0.01909862580949918,0.12171427241513524,0.12171427241513524,-9.146584927008853,0.1020634587414042,0.01965081367373102,0.12157667149051381,0.12157667149051381,-9.151497508437533,0.10194807353624946,0.019628597954264315
150.0,-155.0,0.0955142851587415,-0.08685567012117257,0.21600842780413138,-0.08694720296250896,0.2662448930721483,0.11814112184719568,0.11814112184719568,-9.275989094750777,0.09036363275703546,0.027777489090160232,0.12155686989113662,0.12155686989113662,-9.152204916005616,0.09297626582676762,0.028580604064369002,0.12141944691387016,0.12141944691387016,-9.157117497434298,0.09287115391267776,0.028548293001192427
150.0,-150.0,0.1107731641118801,-0.10044355846670797,0.20402675284587926,-0.08222191331361778,0.2659830092893117,0.11790882422591446,0.11790882422591446,-9.284536913492353,0.08064369828383482,0.03726512594207969,0.12131785597892218,0.12131785597892218,-9.160752734747192,0.08297530433566705,0.03834255164325515,0.12118070321265619,0.12118070321265619,-9.165665316175872,0.08288149875008716,0.03829920446256905
150.0,-145.0,0.12492197955863708,-0.11259346865217122,0.19056512630139597,-0.07698468934120817,0.26556449294889806,0.11753806410169922,0.11753806410169922,-9.298214665642204,0.07040119100376697,0.04713687309793226,0.12093637627502749,0.12093637627502749,-9.174430486897043,0.07243666118300954,0.04849971509201796,0.12079965478078027,0.12079965478078027,-9.179343068325725,0.07235476978804416,0.04844488499273614
150.0,-140.0,0.1378843320146429,-0.12322345361133252,0.17577910749601833,-0.07141506569495337,0.26494247446443875,0.11698810182520299,0.11698810182520299,-9.318583055565618,0.0599959302840864,0.05699217154111656,0.12037051324745651,0.12037051324745651,-9.194798876820457,0.061730558991754704,0.05863995425570179,0.12023443147502876,0.12023443147502876,-9.199711458249139,0.06166077110389146,0.05857366037113727
150.0,-135.0,0.14960286900575753,-0.13231554975177984,0.15982716518536663,-0.06569016723547358,0.26409911761209,0.11624450125733334,0.11624450125733334,-9.34627581492447,0.049765362244174105,0.0664791390131592,0.11960541337311795,0.11960541337311795,-9.222491636179306,0.05120420027181203,0.0684012131013059,0.1194701965645769,0.1194701965645769,-9.227404217607988,0.05114631268671541,0.06832388387786145
150.0,-130.0,0.16003927698544362,-0.13991183230206874,0.14286726929895732,-0.059972238662468286,0.263050597876672,0.11532331149271309,0.11532331149271309,-9.380828953996499,0.04001193410029512,0.07531137739241796,0.11865758976511276,0.11865758976511276,-9.257044775251336,0.04116877672630427,0.07748881303880847,0.11852344449405251,0.11852344449405251,-9.261957356680018,0.04112223442990248,0.07740121006415
150.0,-125.0,0.1691735546299052,-0.1461062710241766,0.12505346414020357,-0.054397566511365854,0.26184766211393085,0.1142709714703185,0.1142709714703185,-9.420640804656742,0.03099504334456405,0.08327592812575448,0.11757482402543318,0.11757482402543318,-9.29685662591158,0.0318911856616566,0.08568363836377658,0.1174419028471927,0.1174419028471927,-9.30176920734026,0.03185513190602677,0.08558677094116594
150.0,-120.0,0.1770022747565066,-0.15103308581806668,0.1065325834162767,-0.0490676109677001,0.260571717682731,0.11316003414565808,0.11316003414565808,-9.46306930168134,0.02292749614133401,0.09023253800432403,0.1164317667925281,0.1164317667925281,-9.339285122936179,0.02359038598758515,0.09284138080494293,0.11630013786809668,0.11630013786809668,-9.344197704364861,0.023563716486468662,0.09273642138162798
150.0,-115.0,0.18353564980070985,-0.15485251806407407,0.08744140232133482,-0.04404297682548418,0.2593268588984274,0.11208139237414103,0.11208139237414103,-9.504664824987797,0.01597592803422795,0.09610546433991307,0.11532193885599447,0.11532193885599447,-9.380880646242636,0.01643783108779499,0.09888410776819948,0.11519156461884998,0.11519156461884998,-9.385793227671316,0.016419247722741986,0.09877231689610799
150.0,-110.0,0.18879342910683714,-0.1577350929299437,0.06790461963233664,-0.039340643247455766,0.25822866222414625,0.11113411843763574,0.11113411843763574,-9.541525911539338,0.010264297480009888,0.10086982095762584,0.11434727691906137,0.11434727691906137,-9.417741732794175,0.010561063360438203,0.10378621355862315,0.1142180045607767,0.1142180045607767,-9.422654314222857,0.010549123823237295,0.10366888073753938
150.0,-105.0,0.19279993129375123,-0.15984555259466338,0.04803407206205332,-0.03493464468913351,0.2573909782210461,0.11041425818941573,0.11041425818941573,-9.569748409804244,0.005879363951542452,0.10453489423787325,0.11360660375492924,0.11360660375492924,-9.445964231059083,0.006049350706392069,0.10755725304853714,0.11347816874554545,0.11347816874554545,-9.450876812487765,0.006042511769313928,0.10743565697623149
150.0,-100.0,0.19557877957825529,-0.16132768212951434,0.027929476508976814,-0.03076015193526314,0.25691228590269355,0.11000394615292947,0.11000394615292947,-9.585917351899354,0.002877003228986873,0.10712694292394259,0.11318442859649085,0.11318442859649085,-9.462133173154193,0.002960184410934121,0.11022424418555674,0.1130564708663201,0.1130564708663201,-9.467045754582873,0.0029568378509628695,0.11009963301535723
150.0,-95.0,0.197148084523908,-0.1622912118283842,0.007680781965977279,-0.02672064887095434,0.2568633725463114,0.10996206298652195,0.10996206298652195,-9.587571209997375,0.0012882821287296586,0.1086737808577923,0.11314133448556637,0.11314133448556637,-9.463787031252213,0.0013255295079016964,0.11181580497766468,0.11301342547432883,0.11301342547432883,-9.468699612680895,0.001324030964778683,0.11168939450955015
150.0,-90.0,0.1975168487622181,-0.1628018447820566,-0.01262806442827691,-0.0226976528082146,0.25727805515357255,0.11031739712807072,0.11031739712807072,-9.573559936256402,0.0011243926006738838,0.1091930045273969,0.11350694220400322,0.11350694220400322,-9.44977575751124,0.0011569015337729023,0.11235004067023036,0.11337861986440978,0.11337861986440978,-9.45468833893992,0.0011555936286473626,0.11222302623576247
150.0,-85.0,0.1966832306923919,-0.16287521891608406,-0.03291440715340654,-0.01856220861002207,0.2581482983854458,0.11106495667573907,0.11106495667573907,-9.544229484675736,0.002379800245299135,0.10868515643043995,0.11427611552190459,0.11427611552190459,-9.420445305930572,0.0024486060760357388,0.11182750944586885,0.11414692361329812,0.11414692361329812,-9.425357887359255,0.0024458378677277843,0.11170108574557035
150.0,-80.0,0.19463502139479996,-0.16247527914581195,-0.05309190064198092,-0.01418722897128433,0.2594244307433773,0.11216574958742898,0.11216574958742898,-9.50139736983565,0.005033260387047739,0.10713248920038128,0.11540873504211234,0.11540873504211234,-9.377613191090488,0.005178784223734683,0.11022995081837769,0.11527826267978313,0.11527826267978313,-9.38252577251917,0.005172929483091201,0.11010533319669195
150.0,-75.0,0.1913523203187557,-0.1615171395668556,-0.07306600849034045,-0.009459681817941965,0.2610203517774773,0.11355003160085318,0.11355003160085318,-9.448127405805362,0.009046665496768498,0.10450336610408471,0.11683304002557175,0.11683304002557175,-9.324343227060199,0.0093082266660855,0.10752481335948628,0.11670095745205877,0.11670095745205877,-9.329255808488881,0.009297703491026205,0.1074032539610326
150.0,-70.0,0.1868120208930931,-0.15987410721880418,-0.09273067159633153,-0.004291656894822865,0.2628228625572378,0.11512371626083945,0.11512371626083945,-9.388351995654926,0.014361987933924427,0.10076172832691503,0.11845222374816282,0.11845222374816282,-9.264567816909764,0.01477722804190187,0.10367499570626097,0.11831831064834476,0.11831831064834476,-9.269480398338445,0.014760522028699308,0.10355778861964544
150.0,-65.0,0.1809934175851542,-0.157388175491901,-0.1119666401855297,0.001370523701051991,0.2647037246497949,0.11677735190383799,0.11677735190383799,-9.326413772315904,0.02089685243850588,0.09588049946533213,0.1201536700317296,0.1201536700317296,-9.202629593570741,0.021501031421448585,0.09865263861028102,0.12001783340579443,0.12001783340579443,-9.207542174999423,0.021476723986131426,0.09854110941966301
150.0,-60.0,0.17388408247859283,-0.1538830287998725,-0.13064168793033354,0.007539772009102297,0.26653284878093425,0.11839680981055334,0.11839680981055334,-9.266599994740668,0.028539492280809643,0.08985731752974369,0.12181995041727889,0.12181995041727889,-9.142815815995505,0.029364638626206033,0.09245531179107284,0.12168223002112367,0.12168223002112367,-9.147728397424187,0.029331441193021213,0.09235078882810245
150.0,-55.0,0.16548516037581554,-0.14917846386832456,-0.14861262818136853,0.014184638583216655,0.26819110651442674,0.11987462521814816,0.11987462521814816,-9.212727376185239,0.037143986965833674,0.08273063825231448,0.1233404930735139,0.1233404930735139,-9.088943197440075,0.03821791024368111,0.08512258282983279,0.12320105366716151,0.12320105366716151,-9.093855778868758,0.03817470397310758,0.08502634969405394
150.0,-50.0,0.15581538650198798,-0.14310513199911898,-0.16572879501661095,0.021228752852430147,0.26958154039284027,0.12112082470405719,0.12112082470405719,-9.167811807501957,0.04652672628135751,0.0745940984226997,0.12462272322672827,0.12462272322672827,-9.044027628756794,0.04787192744249153,0.07675079578423676,0.12448183422821911,0.12448183422821911,-9.048940210185476,0.047817807072309884,0.07666402715590925
150.0,-45.0,0.14491339602092207,-0.1355186170401102,-0.18183648173000577,0.02855317135298921,0.27063809338864425,0.12207208674729182,0.12207208674729182,-9.133836313663664,0.05646498587318563,0.06560710087410619,0.12560148857628547,0.12560148857628547,-9.010052134918501,0.058097526364014426,0.06750396221227101,0.1254594930599094,0.1254594930599094,-9.014964716347183,0.058031845707282245,0.06742764735262713
150.0,-40.0,0.13283820528910908,-0.1263120407379537,-0.1967837667033853,0.03600134101780892,0.2713312879357464,0.12269822236248798,0.12269822236248798,-9.111617292351369,0.06669834096926533,0.05599988139322264,0.12624572729960692,0.12624572729960692,-8.987833113606207,0.06862675272071748,0.05761897457888943,0.12610300345579442,0.12610300345579442,-8.992745695034888,0.06854916851928604,0.05755383493650836
150.0,-35.0,0.11966803437977265,-0.11542657992025544,-0.21042519383466077,0.04338628652834867,0.27167050974200363,0.1230052118811083,0.1230052118811083,-9.100764865829472,0.07693340761706993,0.04607180426403838,0.12656159263412728,0.12656159263412728,-8.976980687084309,0.07915774011428124,0.047403852519846065,0.12641851169692528,0.12641851169692528,-8.98189326851299,0.07906825037725584,0.04735026131966946
150.0,-30.0,0.10549785714520082,-0.10285944786902879,-0.2226258838505078,0.05049958556497958,0.2717026981474515,0.1230343617229062,0.1230343617229062,-9.099735794341907,0.08685210768044861,0.03618225404245756,0.12659158526896408,0.12659158526896408,-8.975951615596745,0.08936321399367077,0.037228371275293305,0.12644847042436402,0.12644847042436402,-8.980864197025427,0.08926218672194103,0.03718628370242298
150.0,-25.0,0.0904361826428636,-0.08866901588666727,-0.2332647978999942,0.057121679142318076,0.271507365787167,0.1228575217158988,0.1228575217158988,-9.105982495240681,0.09612332236721059,0.026734199348688235,0.12640963238594383,0.12640963238594383,-8.982198316495518,0.09890248211463175,0.027507150271312106,0.12626672324347255,0.12626672324347255,-8.9871108979242,0.09879067046989783,0.02747605277357475
150.0,-20.0,0.07460159024761023,-0.07297683474786802,-0.24223702405644984,0.06303305084087035,0.27118804730172524,0.1225687073911631,0.1225687073911631,-9.116203939450907,0.1044174422230435,0.018151265168119594,0.12611246773450263,0.12611246773450263,-8.992419760705745,0.10743640520942845,0.01867606252507418,0.12596989454384697,0.12596989454384697,-8.997332342134428,0.10731494575852363,0.01865494878532332
150.0,-15.0,0.0581194793579994,-0.0559663817150033,-0.24945509051584183,0.06802578131774953,0.2708605893652148,0.12227288414707198,0.12227288414707198,-9.126698436258918,0.11142295682300657,0.010849927324065417,0.12580809151874883,0.12580809151874883,-9.002914257513755,0.11464446632678935,0.011163625191959478,0.1256658624327564,0.1256658624327564,-9.007826838942437,0.1145148579887015,0.011151004444054898
150.0,-10.0,0.04111938022728735,-0.03787843676109362,-0.2548494178904378,0.07191493797314522,0.27063917584953723,0.1220730632434135,0.1220730632434135,-9.133801573110574,0.11686388696398683,0.005209176279426641,0.1256024933052922,0.1256024933052922,-9.010017394365413,0.12024270703157407,0.00535978627371812,0.12546049665304573,0.12546049665304573,-9.014929975794093,0.12010676974716013,0.005353726905885549
150.0,-5.0,0.02373303025339831,-0.01900310827305666,-0.2583681052421108,0.07454920138925128,0.27062157357317207,0.12205718458200544,0.12205718458200544,-9.134366518675549,0.12051659612846345,0.0015405884535420807,0.12558615555304603,0.12558615555304603,-9.010582339930387,0.12400102492896743,0.001585130624078692,0.12544417737102306,0.12544417737102306,-9.015494921359068,0.12386083877539922,0.0015833385956239266
150.0,0.0,0.006093268998194699,0.00033130013486339994,-0.25997629891742013,0.07582007734868601,0.2708756131784924,0.12228644873342384,0.12228644873342384,-9.126216669733097,0.12222438738409344,6.206134933036788e-05,0.12582204829038363,0.12582204829038363,-9.002432490987935,0.12575819259604223,6.38556943413601e-05,0.12567980342592378,0.12567980342592378,-9.007345072416616,0.1256160199219871,6.378350393665763e-05
150.0,5.0,-0.011666340934950475,0.019772162989976517,-0.2596554151521711,0.07566901974979272,0.27142913828079246,0.12278673576883002,0.12278673576883002,-9.108485460086998,0.12190835322920573,0.0008783825396242783,0.12633679984445934,0.12633679984445934,-8.984701281341835,0.12543302112275517,0.0009037787217041654,0.12619397304093527,0.12619397304093527,-8.989613862770517,0.12529121606290414,0.0009027569780311186
150.0,10.0,-0.029411388758695946,0.03895846143208941,-0.25740246979825304,0.07409182232760911,0.27226535053131035,0.12354445790438918,0.12354445790438918,-9.081767318930382,0.11957323228641589,0.00397122561797331,0.1271164295754596,0.1271164295754596,-8.957983140185219,0.12303038613686171,0.004086043438597912,0.12697272138169494,0.12697272138169494,-8.9628957216139,0.12289129731389095,0.004081424067804019
150.0,15.0,-0.04700630452809343,0.057537810303941464,-0.25322970641465326,0.07113974992617943,0.2733246064853493,0.12450763423021709,0.12450763423021709,-9.04804018830019,0.1153075305097258,0.009200103720491291,0.12810745367858534,0.12810745367858534,-8.924256009555027,0.11864135251540879,0.009466101163176553,0.12796262510813677,0.12796262510813677,-8.929168590983709,0.11850722560095149,0.009455399507185294
150.0,20.0,-0.06431422899934836,0.07518340000850471,-0.24716460959856285,0.06691708682441111,0.2745124850269933,0.12559221522067848,0.12559221522067848,-9.010372793208084,0.10927782675852524,0.016314388462153176,0.12922339255137205,0.12922339255137205,-8.886588614462921,0.11243731531898883,0.01678607723238314,0.12907730238507553,0.12907730238507553,-8.891501195891603,0.11231020221842265,0.016767100166652803
150.0,25.0,-0.08119741474706726,0.09160954121431657,-0.2392502567194047,0.06157507477622973,0.27571271892515975,0.12669285419296958,0.12669285419296958,-8.972478797659658,0.10171789557519452,0.024974958617775093,0.13035585368141742,0.13035585368141742,-8.848694618914497,0.10465880808230738,0.025697045599110086,0.13020848324046205,0.13020848324046205,-8.853607200343179,0.1045404887720396,0.025667994468422498
150.0,30.0,-0.09751841879040217,0.10658451900610845,-0.22954582202174018,0.05530256678948045,0.27680274564441215,0.12769659157779442,0.12769659157779442,-8.938206945824025,0.09291390820106468,0.03478268337672972,0.13138861156270648,0.13138861156270648,-8.814422767078861,0.09560027595541175,0.0357883356072947,0.13124007356402304,0.13124007356402304,-8.819335348507543,0.09549219753449607,0.03574787602952694
150.0,35.0,-0.11314218586658852,0.11993965129710357,-0.21812693404018174,0.04831408145319264,0.27766937893180804,0.12849744604387348,0.12849744604387348,-8.91105504084246,0.08318738988118177,0.04531005616269172,0.13221262068512551,0.13221262068512551,-8.787270862097296,0.0855925402625597,0.04662008042256582,0.13206315112422762,0.13206315112422762,-8.792183443525978,0.08549577582855268,0.046567375295674944
150.0,40.0,-0.12793890949847267,0.13157379164964325,-0.20508553360918846,0.0408362427816369,0.27822239671350774,0.1290097973677279,0.1290097973677279,-8.893773069009747,0.072877741100252,0.056132056267475916,0.13273978533565997,0.13273978533565997,-8.769988890264584,0.0749848143844552,0.05775497095120477,0.1325897198023925,0.1325897198023925,-8.774901471693266,0.07490004224075231,0.057689677561640194
150.0,45.0,-0.14178733313860414,0.14145297002052165,-0.1905289115857588,0.03309377436135409,0.27840448024002457,0.1291787143627128,0.1291787143627128,-8.8880904204057,0.06232597174245855,0.06685274262025424,0.13291358613305154,0.13291358613305154,-8.764306241660538,0.06412796763294427,0.06878561850010725,0.13276332411378497,0.13276332411378497,-8.76921882308922,0.0640554694167097,0.06870785469707527
150.0,50.0,-0.15457796722725878,0.1496053527637402,-0.17457773248813865,0.025296249826140864,0.2781966830565046,0.1289859519805583,0.1289859519805583,-8.89457586673973,0.051860919763656824,0.07712503221690147,0.13271525052017522,0.13271525052017522,-8.770791687994567,0.05336034547140326,0.07935490504877195,0.13256521272410923,0.13256521272410923,-8.77570426942325,0.05330002031208307,0.07926519241202616
150.0,55.0,-0.1662156037205976,0.15611214797714767,-0.15736305866785552,0.017626683082327583,0.2776192750081113,0.12845107690237734,0.12845107690237734,-8.912622503637735,0.041788735811554636,0.08666234109082273,0.13216491089862878,0.13216491089862878,-8.788838324892573,0.04299695010963539,0.08916796078899344,0.13201549527479683,0.13201549527479683,-8.793750906321256,0.04294834101906951,0.08906715425572738
150.0,60.0,-0.17662054857181378,0.16109542338468386,-0.13902263994913322,0.010232801010974795,0.2767283112517682,0.12762792361550004,0.12762792361550004,-8.940542962622445,0.03238591140886062,0.09524201220663943,0.13131795824210313,0.13131795824210313,-8.816758783877283,0.033322267114786114,0.09799569112731704,0.13116950011870507,0.13116950011870507,-8.821671365305964,0.033284595487009884,0.09788490463169518
150.0,65.0,-0.18572817814462042,0.16470401038441718,-0.11969696713163369,0.0032215274702798898,0.2756086162901719,0.12659719977363282,0.12659719977363282,-8.975759004506468,0.023895674005823368,0.10270152576780948,0.13025743365946377,0.13025743365946377,-8.851974825761305,0.024586556236056555,0.10567087742340722,0.13011017448472026,0.13011017448472026,-8.856887407189989,0.02455876054041456,0.10555141394430573
150.0,70.0,-0.1934867342580722,0.1670987385659023,-0.09952574024566635,-0.003343127547200317,0.2743640906485656,0.12545646808828978,0.12545646808828978,-9.015069430967678,0.016527193089711026,0.10892927499857873,0.12908372063822385,0.12908372063822385,-8.891285252222517,0.017005034560871515,0.11207868607735233,0.1289377883743985,0.1289377883743985,-8.896197833651197,0.016985809958593036,0.11195197841580548
150.0,75.0,-0.1998536458010412,0.16843819883740502,-0.07864542259213625,-0.009438893322960665,0.27310639276555787,0.12430890767710819,0.12430890767710819,-9.054977497460811,0.010456745651642011,0.11385216202546618,0.1279029814560224,0.1279029814560224,-8.931193318715648,0.010759075678199413,0.11714390577782301,0.1277583840463599,0.1277583840463599,-8.93610590014433,0.010746912283290864,0.11701147176306903
150.0,80.0,-0.20479102098832547,0.16886609568311062,-0.057188416957609074,-0.015081163053394629,0.2719431504227651,0.12325222472567374,0.12325222472567374,-9.092052328834798,0.00582979017735881,0.11742243454831494,0.12681574722262964,0.12681574722262964,-8.968268150089635,0.005998343633459009,0.12081740358917063,0.12667237895752698,0.12667237895752698,-8.973180731518317,0.005991562361108747,0.12068081659641822
150.0,85.0,-0.20826120873985973,0.1685010417930033,-0.035284126119633115,-0.020316604660959837,0.27096690966258363,0.12236889398653256,0.12236889398653256,-9.123289652530733,0.0027628248786419544,0.11960606910789065,0.12590687723688915,0.12590687723688915,-8.99950547378557,0.002842704885936778,0.1230641723509524,0.1257645364712565,0.1257645364712565,-9.004418055214252,0.002839491139405914,0.1229250453318506
150.0,90.0,-0.2102234139251747,0.1674293873198093,-0.01306179675257087,-0.02521517731523946,0.27024599756904166,0.12171863108946351,0.12171863108946351,-9.146429405862603,0.001343994505781064,0.12037463658368247,0.12523781365311606,0.12523781365311606,-9.02264522711744,0.001382852665686865,0.12385496098742924,0.12509622928002415,0.12509622928002415,-9.027557808546122,0.0013812893173495004,0.12371493996267469
150.0,95.0,-0.21063223747340817,0.1657013763956053,0.009345330675083816,-0.029861330767913523,0.2698183090212925,0.12133367462706106,0.12133367462706106,-9.160186494625775,0.0016316853600667688,0.11970198926699428,0.12484172716026448,0.12484172716026448,-9.036402315880611,0.0016788613644065946,0.12316286579585788,0.12470059057251907,0.12470059057251907,-9.041314897309293,0.0016769633710860933,0.12302362720143298
150.0,100.0,-0.20943870922899735,0.16333060738111593,0.03179535125374684,-0.03434514226114594,0.26968869718488436,0.12121713321628871,0.12121713321628871,-9.164359912637167,0.0036508025875442115,0.11756633062874448,0.12472181625299797,0.12472181625299797,-9.040575733892004,0.003756356196670657,0.12096546005632727,0.12458081522742931,0.12458081522742931,-9.045488315320686,0.003752109545266404,0.12082870568216286
150.0,105.0,-0.20659394074545834,0.16029647475422584,0.05413345801674298,-0.03875404306349828,0.26983017492857997,0.12134434674043303,0.12134434674043303,-9.159804520195244,0.007387004519895502,0.11395734222053754,0.12485270783046921,0.12485270783046921,-9.036020341450083,0.007600580841542855,0.11725212698892637,0.12471155882881091,0.12471155882881091,-9.040932922878765,0.007591988201331449,0.11711957062747946
150.0,110.0,-0.20205503064393324,0.15654903345982818,0.07618907726586291,-0.043165614313733267,0.2701886027193464,0.12166693536961173,0.12166693536961173,-9.148274311173456,0.012779775176250362,0.10888716019336135,0.12518462328388902,0.12518462328388902,-9.024490132428294,0.013149269653514107,0.1120353536303749,0.12504309904379418,0.12504309904379418,-9.029402713856975,0.013134404086588242,0.1119086949572059
150.0,115.0,-0.19579240670965906,0.15201559395845815,0.09777511533929963,-0.047641716978816875,0.2706900694669208,0.12211897916749206,0.12211897916749206,-9.132168347678908,0.01971571280950554,0.10240326635798648,0.12564973677075014,0.12564973677075014,-9.008384168933745,0.020285742164323016,0.10536399460642709,0.12550768670862492,0.12550768670862492,-9.013296750362427,0.020262808642862833,0.10524487806576206
150.0,120.0,-0.18779748284585532,0.1466083543329461,0.11868970240835819,-0.05222400663720188,0.2712498782497075,0.12262460515952625,0.12262460515952625,-9.114223779998854,0.028023660332995096,0.0946009448265312,0.12616998164371462,0.12616998164371462,-8.990439601253692,0.028833892718381614,0.09733608892533305,0.12602734343219554,0.12602734343219554,-8.995352182682373,0.028801295306264223,0.09722604812593133
150.0,125.0,-0.1780894161319881,0.1402324991729541,0.13872038615964624,-0.05693072144028537,0.2717819834766788,0.12310617730085052,0.12310617730085052,-9.097201542143987,0.037473204798564065,0.08563297250228648,0.1266654772104646,0.1266654772104646,-8.973417363398823,0.03855664656709957,0.08810883064336504,0.12652227882924,0.12652227882924,-8.978329944827506,0.03851305734693121,0.08800922148230882
150.0,130.0,-0.1667198955599017,0.13279440012929908,0.15765030842246958,-0.061754564242929674,0.2722078658520705,0.12349229435298442,0.12349229435298442,-9.083601405774646,0.047777617653500824,0.07571467669948356,0.12706275784852805,0.12706275784852805,-8.959817227029484,0.0491589851358173,0.07790377271271073,0.126919110331947,0.126919110331947,-8.964729808458165,0.04910340971582819,0.07781570061611877
150.0,135.0,-0.15377525002808776,0.12420976629094185,0.17526558285681476,-0.06666154573253083,0.27246408896740976,0.12372488478186755,0.12372488478186755,-9.075429419510145,0.058601596422125736,0.06512328835974185,0.1273020730341265,0.1273020730341265,-8.951645240764984,0.06029591153629565,0.0670061614978309,0.12715815496594812,0.12715815496594812,-8.956557822193666,0.06022774555203056,0.06693040941391762
150.0,140.0,-0.13937564709500733,0.11441173161340414,0.19136294850928276,-0.07159079563205473,0.2725080465148262,0.12376480990541129,0.12376480990541129,-9.074028208763437,0.06957339438285161,0.05419141552255967,0.12734315249039127,0.12734315249039127,-8.950244030018276,0.07158493094233111,0.055758221548060156,0.12719918798089544,0.12719918798089544,-8.955156611446958,0.0715040024489739,0.05569518553192155
150.0,145.0,-0.12367165124849894,0.10335887006244153,0.20575682466230116,-0.07645552813016704,0.2723215966828388,0.12359550823494535,0.12359550823494535,-9.079973122910891,0.080300305992163,0.04329520224278237,0.12716895589561206,0.12716895589561206,-8.956188944165728,0.08262198373511986,0.0445469721604922,0.12702518831957382,0.12702518831957382,-8.96110152559441,0.08252857758701233,0.044496610732561524
150.0,150.0,-0.10683880530910672,0.09104298199486574,0.21828510774103183,-0.08114548815812783,0.27191236345618675,0.12322431928055198,0.12322431928055198,-9.093035723090999,0.09038616810032046,0.0328381511802315,0.12678703496301263,0.12678703496301263,-8.969251544345838,0.09299945272180313,0.033787582241209486,0.12664369915781293,0.12664369915781293,-8.97416412577452,0.0928943145943684,0.0337493845634445
150.0,155.0,-0.08907110819821293,0.07749623973061713,0.22881335972245392,-0.08553123346325259,0.2713125042700125,0.12268123469669304,0.12268123469669304,-9.11221861811966,0.09944956620035163,0.023231668496341416,0.1262282484789516,0.1262282484789516,-8.988434439374497,0.10232489577153167,0.023903352707419917,0.12608554439536798,0.12608554439536798,-8.99334702080318,0.10220921500550013,0.023876329389867845
150.0,160.0,-0.0705742606955446,0.06279700491221604,0.23723734949530878,-0.08947048127987373,0.2705747902423267,0.12201498729523416,0.12201498729523416,-9.13586820965799,0.1071416875322565,0.014873299762977629,0.12554273823977177,0.12554273823977177,-9.012084030912828,0.11023941509646722,0.015303323143304483,0.12540080914207005,0.12540080914207005,-9.01699661234151,0.11011478677518655,0.015286022366883482
150.0,165.0,-0.05155937334795229,0.04707344132742878,0.24348414488572917,-0.0928164743026868,0.2697660181919815,0.12128665021499159,0.12128665021499159,-9.161869984493784,0.11316304516903308,0.00812360504595851,0.12479334315772361,0.12479334315772361,-9.038085805748622,0.11643486487193443,0.008358478285789187,0.12465226126926164,0.12465226126926164,-9.042998387177303,0.1163032324450494,0.00834902882421224
150.0,170.0,-0.03223755706063022,0.03050403198651678,0.24751206996451883,-0.09542795461800338,0.26895812936843605,0.12056128527428563,0.12056128527428563,-9.18792130761817,0.1172784358607908,0.003282849413494878,0.12404700614701679,0.12404700614701679,-9.064137128873007,0.12066924154829796,0.0033777645987188784,0.12390676801057103,0.12390676801057103,-9.06904971030169,0.12053282205631119,0.0033739459542598952
150.0,175.0,-0.01281553968816071,0.013314307858980523,0.2493098416495588,-0.09717996483729127,0.2682179180449505,0.11989859456501073,0.11989859456501073,-9.211859076120593,0.11932942655532254,0.0005691680096882029,0.12336515543266872,0.12336515543266872,-9.088074897375428,0.12277953138730584,0.0005856240453629004,0.12322568814492367,0.12322568814492367,-9.092987478804112,0.1226407261616881,0.000584961983235563
150.0,180.0,0.006507756187440848,-0.004230513019971835,0.24889512122294094,-0.09797441665347735,0.2675967410455123,0.11934388139656908,0.11934388139656908,-9.231998417919007,0.11924347021048677,0.00010041118608229726,0.12279440415327614,0.12279440415327614,-9.108214239173845,0.12269108983484596,0.00010331431843018548,0.1226555821136373,0.1226555821136373,-9.113126820602526,0.12255238459453933,0.00010319751909794168
155.0,-180.0,0.005667288511093554,-0.004068591816628904,0.2713713597559797,-0.1178754453749058,0.29594882516506144,0.14597273954213014,0.14597273954213014,-8.357282412829125,0.14589162212245246,8.111741967759976e-05,0.15019316755029338,0.15019316755029338,-8.233498234083962,0.1501097048281227,8.346272217059343e-05,0.15002337054689632,0.15002337054689632,-8.238410815512644,0.14994000218134887,8.336836554737898e-05
155.0,-175.0,0.027717909007103685,-0.020404577400954728,0.2688350994114006,-0.11743963259244011,0.2953794292729652,0.14541158629746312,0.14541158629746312,-8.374009878058613,0.14343725071329144,0.001974335584171622,0.14961578999636085,0.14961578999636085,-8.250225699313452,0.14758437155395765,0.0020314184424031507,0.1494466457322334,0.1494466457322334,-8.255138280742134,0.14741752385744236,0.0020291218747909784
155.0,-170.0,0.04930888135969981,-0.03652494763299062,0.26405397673084513,-0.11591056072857459,0.29483079604465323,0.1448719174427412,0.1448719174427412,-8.390157917658817,0.138596335988859,0.006275581453882245,0.149060517998499,0.149060517998499,-8.266373738913655,0.14260349417518162,0.0064570238233174655,0.14889200148277615,0.14889200148277615,-8.271286320342336,0.14244227748084173,0.006449724001934476
155.0,-165.0,0.07025438455261417,-0.05218860381963888,0.25711662497816584,-0.11331614007962366,0.2942937908964739,0.14434465830431153,0.14434465830431153,-8.405992832199502,0.1315794108461275,0.012765247458183929,0.1485180145121016,0.1485180145121016,-8.28220865345434,0.13538369260842426,0.013134321903677259,0.14835011130967268,0.14835011130967268,-8.28712123488302,0.135230638074129,0.013119473235543605
155.0,-160.0,0.09038447016291905,-0.06716874127746737,0.24813171849059984,-0.10972007867671592,0.29374961725482124,0.1438113413306704,0.1438113413306704,-8.422068630275131,0.12267685215437088,0.02113448917629951,0.1479692780436983,0.1479692780436983,-8.298284451529968,0.12622373922663946,0.021745538817058867,0.14780199520110007,0.14780199520110007,-8.30319703295865,0.1260810402408745,0.021720954960225598
155.0,-155.0,0.10954654352177685,-0.08126380568740521,0.237224817543167,-0.1052183632957903,0.29317361638695033,0.14324790745141006,0.14324790745141006,-8.43911713436966,0.11224155241243047,0.031006355038979524,0.14738955391646266,0.14738955391646266,-8.315332955624498,0.11548672951170952,0.03190282440475309,0.1472229264659918,0.1472229264659918,-8.32024553705318,0.11535616897474868,0.03186675749124308
155.0,-150.0,0.12760642253247229,-0.09430677273154064,0.22453507483317287,-0.09993326709255723,0.2925402949282461,0.14262968003512544,0.14262968003512544,-8.45790092056051,0.10066872450626708,0.041960955528858375,0.14675345203737572,0.14675345203737572,-8.334116741815347,0.10357930291827047,0.04317414911910523,0.1465875437154424,0.1465875437154424,-8.339029323244029,0.10346220401466297,0.04312533970077941
155.0,-145.0,0.1444489892611279,-0.1061719828462956,0.21021188348125713,-0.09400540107644631,0.29182880568641045,0.14193674247952565,0.14193674247952565,-8.479051662721375,0.08837467028663074,0.05356207219289486,0.14604047996658673,0.14604047996658673,-8.355267483976212,0.09092979759916735,0.055110682367419346,0.1458753776767992,0.1458753776767992,-8.360180065404894,0.0908269992668353,0.055048378409963884
155.0,-140.0,0.15997842612168994,-0.1167790004581234,0.19441153447664272,-0.08758449607266824,0.2910280406803397,0.14115887519517542,0.14115887519517542,-8.502918109133349,0.07577636259398841,0.06538251260118702,0.1452401226413987,0.1452401226413987,-8.379133930388187,0.07796724209691162,0.06727288054448712,0.14507592517489765,0.14507592517489765,-8.38404651181687,0.07787909824664789,0.06719682692824977
155.0,-135.0,0.1741179982173852,-0.1260932396234635,0.17729394562477294,-0.08081969090635954,0.29014056589068854,0.14029927463513842,0.14029927463513842,-8.52944574322824,0.06327345199045778,0.07702582264468061,0.14435566893213128,0.14435566893213128,-8.405661564483077,0.06510284184633994,0.07925282708579134,0.14419247136190996,0.14419247136190996,-8.41057414591176,0.06502924151126185,0.07916322985064811
155.0,-130.0,0.18680931605237483,-0.13412337240296585,0.15901953335025254,-0.07385011375123172,0.28918480402106655,0.13937646787785243,0.13937646787785243,-8.558105457035886,0.05123387845624082,0.08814258942161163,0.1434061815802577,0.1434061815802577,-8.434321278290723,0.052715174870090364,0.09069100671016732,0.14324405742841975,0.14324405742841975,-8.439233859719407,0.05265557909171718,0.09058847833670258
155.0,-125.0,0.19801100391268583,-0.14091578759200996,0.13974632670325007,-0.06679648870403689,0.2881951137570278,0.1384241115090449,0.1384241115090449,-8.587882553757716,0.039983735903137745,0.09844037560590717,0.1424262902655056,0.1424262902655056,-8.464098375012556,0.04113976325047612,0.10128652701502949,0.14226527390446547,0.14226527390446547,-8.469010956441236,0.0410932537545095,0.10117202014995597
155.0,-120.0,0.2076967240374664,-0.1465465805342706,0.11962746350925986,-0.05975439425921421,0.28721968439006373,0.13748867272663792,0.13748867272663792,-8.617330805606759,0.029801494002040727,0.10768717872459722,0.14146380566584826,0.14146380566584826,-8.493546626861598,0.030663127895915968,0.11080067776993231,0.14130387741689407,0.14130387741689407,-8.498459208290278,0.03062846248925049,0.11067541492764359
155.0,-115.0,0.21585257291185905,-0.15111172266557624,0.09880924609884921,-0.05278965913110337,0.2863164354091963,0.13662528320781392,0.13662528320781392,-8.64468924800972,0.020916199276295264,0.11570908393151867,0.14057545344975197,0.14057545344975197,-8.520905069264558,0.02152093762351607,0.1190545158262359,0.14041652950443362,0.14041652950443362,-8.52581765069324,0.021496607683756698,0.11891992182067694
155.0,-110.0,0.22247396799717242,-0.1547161793545187,0.07742994782031325,-0.045936215117074734,0.2855473608163891,0.13589229061608304,0.13589229061608304,-8.668051807793889,0.013508902873717333,0.12238338774236569,0.13982126825402102,0.13982126825402102,-8.544267629048726,0.013899478211459341,0.12592179004256165,0.13966319693328164,0.13966319693328164,-8.549180210477408,0.0138837645156396,0.125779432417642
155.0,-105.0,0.22756226104387745,-0.15746281400598675,0.05561953358105021,-0.03919654463723689,0.2849719671710855,0.1353451815123998,0.1353451815123998,-8.685572011408041,0.007716320922590262,0.1276288605898096,0.1392583408914495,0.1392583408914495,-8.56178783266288,0.00793941858482381,0.13131892230662578,0.13910090597368938,0.13910090597368938,-8.566700414091562,0.007930442880359979,0.13117046309332947
155.0,-100.0,0.23112141795711091,-0.15944193102461018,0.03350038017038572,-0.03254466959167135,0.2846405982950316,0.135030602464256,0.135030602464256,-8.695677946515808,0.003635632665107069,0.13139496979914894,0.13893466659559212,0.13893466659559212,-8.571893767770645,0.0037407476747680513,0.13519391892082408,0.1387775975994409,0.1387775975994409,-8.576806349199327,0.003736518669174788,0.1350410789302661
155.0,-95.0,0.23315516370704725,-0.16072226478570978,0.01118896192087494,-0.02593143748159284,0.284588490771915,0.13498116843234836,0.13498116843234836,-8.697268168115725,0.001329355879460688,0.13365181255288766,0.13888380330522518,0.13888380330522518,-8.573483989370562,0.0013677908009678858,0.1375160125042573,0.13872679181125216,0.13872679181125216,-8.578396570799244,0.0013662444804323618,0.1373605473308198
155.0,-90.0,0.2336649808728849,-0.1613441128123096,-0.01120167455800055,-0.01929168313603645,0.284831340580073,0.1352116354974284,0.1352116354974284,-8.68985934023852,0.0008293913788314636,0.13438224411859692,0.13912093373539294,0.13912093373539294,-8.566075161493357,0.0008533711069363758,0.13826756262845655,0.1389636541597414,0.1389636541597414,-8.57098774292204,0.0008524063502892739,0.13811124780945214
155.0,-85.0,0.23264926459157945,-0.1613151412201493,-0.03355895617000048,-0.012552695872550583,0.2853629773021865,0.13571685065856134,0.13571685065856134,-8.673662268155855,0.0021395724484260083,0.13357727821013535,0.13964075589933259,0.13964075589933259,-8.549878089410694,0.0022014327075069538,0.13743932319182564,0.13948288865216993,0.13948288865216993,-8.554790670839374,0.002198943934661879,0.13728394471750804
155.0,-80.0,0.23010378603416,-0.16060917018524948,-0.05576775312489571,-0.005643319257699084,0.2861554599089323,0.13647169690994143,0.13647169690994143,-8.64957408332832,0.0052363588708681345,0.13123533803907328,0.1404174265973263,0.1404174265973263,-8.525789904583158,0.005387754780191516,0.13502967181713477,0.14025868130518132,0.14025868130518132,-8.53070248601184,0.005381663793286881,0.13487701751189443
155.0,-75.0,0.22602342835556655,-0.15916799710690652,-0.07770770739943476,0.0014970324913120068,0.28716157536164955,0.13743304614224403,0.13743304614224403,-8.619088274538532,0.010067644308014314,0.1273654018342297,0.14140657078119562,0.14140657078119562,-8.49530409579337,0.010358724465494715,0.1310478463157009,0.14124670723766086,0.14124670723766086,-8.500216677222053,0.010347013677301451,0.1308996935603594
155.0,-70.0,0.22040497014463958,-0.15690606279752134,-0.09925131375856207,0.008910134325637092,0.2883194013305046,0.13854353134587907,0.13854353134587907,-8.584137467953022,0.016549966391953868,0.12199356495392526,0.14254916282115349,0.14254916282115349,-8.46035328920786,0.01702846629483884,0.12552069652631467,0.14238800754972156,0.14238800754972156,-8.465265870636541,0.017009215202419187,0.1253787923473024
155.0,-65.0,0.21325053895453783,-0.15371754120527567,-0.12026304150913372,0.016612092935610327,0.2895583458015421,0.13973676730056236,0.13973676730056236,-8.546893080243324,0.02456468925272325,0.11517207804783919,0.14377689813824712,0.14377689813824712,-8.42310890149816,0.02527491434584139,0.11850198379240579,0.1436143548823868,0.1436143548823868,-8.428021482926843,0.025246340444730987,0.11836801443765588
155.0,-60.0,0.20457127029722308,-0.1494852616872858,-0.14059963565508293,0.0245883420396361,0.290805935639794,0.1409434998377213,0.1409434998377213,-8.509549485238766,0.033953940260260836,0.1069895595774605,0.14501852025694137,0.14501852025694137,-8.385765306493605,0.03493563150556728,0.11008288875137409,0.1448545733172881,0.1448545733172881,-8.390677887922285,0.03489613593038113,0.10995843738690697
155.0,-55.0,0.1943906994750057,-0.14409077079894167,-0.16011157241016416,0.03279079418590572,0.29199459939322986,0.14209806242306738,0.14209806242306738,-8.47411843850905,0.044517204219993896,0.0975808582030735,0.14620646406324456,0.14620646406324456,-8.350334259763889,0.04580430519600155,0.10040215886724302,0.1460411741244269,0.1460411741244269,-8.355246841192569,0.04575252232270699,0.10028865180171992
155.0,-50.0,0.18274748148559838,-0.1374248108703623,-0.17864549651755762,0.041137280706431426,0.29306775653764505,0.14314447751580175,0.14314447751580175,-8.442254023100576,0.056009495950223157,0.08713498156557863,0.14728313356909328,0.14728313356909328,-8.318469844355414,0.05762886711618804,0.08965426645290527,0.1471166264293954,0.1471166264293954,-8.323382425784096,0.05756371629005463,0.08955291013934082
155.0,-45.0,0.16969715943296304,-0.12939752516968897,-0.19604736059445696,0.04951325435910107,0.29398465162817405,0.14404156549943903,0.14404156549943903,-8.415121671947183,0.06814194455965439,0.07589962093978458,0.14820615855482971,0.14820615855482971,-8.291337493202022,0.07011209441264986,0.07809406414217983,0.1480386079130925,0.1480386079130925,-8.296250074630702,0.07003283099656156,0.0780057769165309
155.0,-40.0,0.1553128562891206,-0.11994777485730637,-0.21216593269518869,0.057775600822269055,0.29472352310037553,0.14476651454656078,0.14476651454656078,-8.393318817121925,0.08058543989136298,0.06418107465519779,0.14895206764745422,0.14895206764745422,-8.269534638376761,0.08291536155094452,0.06603670609650972,0.1487836737374725,0.1487836737374725,-8.274447219805444,0.08282162373213049,0.06596205000534203
155.0,-35.0,0.13968491826802168,-0.10905104901658291,-0.2268563380376667,0.0657583095383362,0.29528284925535514,0.14531651158190087,0.14531651158190087,-8.376850362078583,0.09297773183086841,0.05233877975103248,0.14951796643883206,0.14951796643883206,-8.25306618333342,0.09566594488205413,0.05385202155677794,0.14934893276659905,0.14934893276659905,-8.257978764762102,0.09555779222083086,0.05379114054576822
155.0,-30.0,0.1229196651722502,-0.09672554748753051,-0.23998334485585568,0.07327968651456981,0.2956805605492163,0.14570822372408096,0.14570822372408096,-8.365159361009809,0.10493405828844599,0.040774165435635,0.1499210039346445,0.1499210039346445,-8.241375182264646,0.10796795790559316,0.04195304602905135,0.14975151461878825,0.14975151461878825,-8.246287763693328,0.10784589752152723,0.041905617097261046
155.0,-25.0,0.1051374879582954,-0.08303610740408647,-0.25142417755695945,0.08015074133512498,0.29595125426963015,0.14597513579765514,0.14597513579765514,-8.357211120612968,0.11606102970188871,0.029914106095766453,0.15019563308741143,0.15019563308741143,-8.233426941867805,0.11941663720741713,0.030778995879994293,0.1500258332966651,0.1500258332966651,-8.238339523296487,0.11928163381489076,0.03074419948177436
155.0,-20.0,0.08647057107816708,-0.06809572871514916,-0.2610707269726547,0.08618433715358675,0.2961416086679903,0.14616297717344554,0.14616297717344554,-8.351626194812521,0.12597313960800885,0.020189837565436648,0.15038890541562458,0.15038890541562458,-8.227842016067356,0.12961533039202475,0.0207735750235998,0.1502188871258433,0.1502188871258433,-8.23275459749604,0.12946879713053325,0.020750089995310014
155.0,-15.0,0.0670605102028195,-0.05206453999289299,-0.2688311143418602,0.09120464920032353,0.29630437800912496,0.146323693458631,0.146323693458631,-8.346853450626813,0.13431092921291723,0.012012764245713714,0.1505542684006904,0.1505542684006904,-8.223069271881652,0.1381941858348773,0.012360082565813061,0.1503840631640606,0.1503840631640606,-8.227981853310334,0.13803795397011023,0.012346109193950372
155.0,-10.0,0.04705605328550702,-0.035146145355262066,-0.27463064336154713,0.09505643443132757,0.29649155078031525,0.14650861452996114,0.14650861452996114,-8.341368385669783,0.14075954383262243,0.005749070697338735,0.15074453599131715,0.15074453599131715,-8.217584206924622,0.14482924563496494,0.005915290356352233,0.15057411565258083,0.15057411565258083,-8.222496788353302,0.14466551267484318,0.005908602977737652
155.0,-5.0,0.026611125201153107,-0.017581416360542244,-0.2784122368131148,0.09761357948009056,0.29674743923395874,0.14676161358252562,0.14676161358252562,-8.333875220037525,0.14506622321486315,0.001695390367662481,0.15100484986369547,0.15100484986369547,-8.210091041292362,0.14926044162451194,0.0017444082391835385,0.1508341352338393,0.1508341352338393,-8.215003622721044,0.1490916990903013,0.001742436143538007
155.0,0.0,0.005883214223319563,0.0003600570295610988,-0.2801364960973687,0.09878637852358398,0.2971025864548774,0.14711311227864457,0.14711311227864457,-8.323486166234428,0.1470552105583199,5.790172032460034e-05,0.15136651124461833,0.15136651124461833,-8.199701987489266,0.15130693544430487,5.9575800313407076e-05,0.15119538774783614,0.15119538774783614,-8.204614568917947,0.1511358792994038,5.9508448432271676e-05
155.0,5.0,-0.014967886939757848,0.018390470227833865,-0.2797815393941114,0.09852701183415102,0.2975693681838704,0.1475757380515503,0.1475757380515503,-8.309850361202242,0.14663868173667788,0.0009370563148724856,0.15184251265721815,0.15184251265721815,-8.18606618245708,0.15087836375828573,0.0009641488989324886,0.15167085102934255,0.15167085102934255,-8.190978763885763,0.1507077921240266,0.0009630589053160181
155.0,10.0,-0.035781070940769065,0.03621569747989659,-0.27734276417947445,0.09683276302512295,0.29813999164723765,0.14814226760140586,0.14814226760140586,-8.293210119239237,0.143822599732828,0.0043196678685778695,0.15242542195843797,0.15242542195843797,-8.169425940494076,0.14798086195372775,0.004444560004710227,0.15225310133751888,0.15225310133751888,-8.174338521922756,0.14781356601523946,0.004439535322279414
155.0,15.0,-0.05639478103653421,0.053547847606746836,-0.27283264229471044,0.09374663626006755,0.298787258468404,0.14878620443692056,0.14878620443692056,-8.27437335017775,0.13870686971112556,0.01007933472579501,0.15308797657878442,0.15308797657878442,-8.150589171432587,0.1427172236970116,0.010370752881772825,0.15291490692386492,0.15291490692386492,-8.15550175286127,0.14255587842870046,0.01035902849516445
155.0,20.0,-0.07664792571369725,0.0701176366872703,-0.26628059501882484,0.08935521291539678,0.2994680230835269,0.1494649734898882,0.1494649734898882,-8.254605705658848,0.1314797513873935,0.017985222102494654,0.1537863705009653,0.1537863705009653,-8.130821526913687,0.13528115175161384,0.01850521874935143,0.1536125112948491,0.1536125112948491,-8.135734108342369,0.1351282131422338,0.018484298152615264
155.0,25.0,-0.0963810075732815,0.08568568555357635,-0.25773292158938066,0.08378380796338078,0.30012884012948476,0.15012533097898734,0.15012533097898734,-8.235460221056778,0.12240709177954676,0.027718239199440598,0.15446582053605037,0.15446582053605037,-8.111676042311615,0.12594617942128486,0.028519641114765508,0.15429119319525933,0.15429119319525933,-8.116588623740297,0.1258037942235835,0.028487398971675848
155.0,30.0,-0.1154375807969527,0.10005189341947827,-0.2472526823526488,0.07718922603899665,0.30071295612952026,0.15071025270990285,0.15071025270990285,-8.218572019396808,0.11181747492672084,0.038892777783182036,0.15506765378115323,0.15506765378115323,-8.094787840651646,0.11505039091132918,0.04001726286982409,0.15489234605334307,0.15489234605334307,-8.099700422080328,0.11492032366569457,0.03997202238764855
155.0,35.0,-0.13366606427508917,0.11306217804697392,-0.2349193849875716,0.06975064415067217,0.30116763213514575,0.15116634306772003,0.15116634306772003,-8.205448930085801,0.10008475843104819,0.05108158463667184,0.15553693082387082,0.15553693082387082,-8.081664751340638,0.10297845295920176,0.05255847786466904,0.15536109256702985,0.15536109256702985,-8.08657733276932,0.10286203333098477,0.05249905923604505
155.0,40.0,-0.1509218275453813,0.12461209614546477,-0.22082830574833046,0.06165932885809816,0.3014508019400738,0.15145074194157876,0.15145074194157876,-8.197285947619985,0.08760962508811597,0.06384111685346276,0.15582955236297846,0.15582955236297846,-8.073501768874822,0.09014263307759643,0.06568691928538199,0.1556533832904201,0.1556533832904201,-8.078414350303504,0.0900407246537677,0.06561265863665237
155.0,45.0,-0.16706935633199618,0.13464713804689868,-0.20508930842369136,0.05310800275239635,0.30153624325355094,0.15153660659393706,0.15153660659393706,-8.194824422682505,0.07480171171619754,0.07673489487773952,0.1559178995719077,0.1559178995719077,-8.071040243937341,0.07696441168453291,0.07895348788737476,0.15574163062069585,0.15574163062069585,-8.075952825366024,0.07687740155827086,0.07886422906242499
155.0,50.0,-0.18198422062075664,0.1431597907640033,-0.18782510279242726,0.044280692735797864,0.3014167069601243,0.1514164848225985,0.1514164848225985,-8.198268403064993,0.06206361948426323,0.08935286533833525,0.15579430478711648,0.15579430478711648,-8.074484224319832,0.06385803013094273,0.09193627465617374,0.15561817556279395,0.15561817556279395,-8.079396805748512,0.06378583708557371,0.09183233847722021
155.0,55.0,-0.19555453651562596,0.1501837440447143,-0.16916900041860877,0.03534382086651733,0.3011047493866632,0.151103223650281,0.151103223650281,-8.207262702831155,0.04977772124210858,0.10132550240817241,0.15547198647009053,0.15547198647009053,-8.083478524085994,0.051216916598527194,0.10425506987156333,0.15529622163441004,0.15529622163441004,-8.088391105514676,0.05115901463731612,0.10413720699709393
155.0,60.0,-0.20768165092555083,0.15578584200257073,-0.14926235545483346,0.026439151775021853,0.3006312961122311,0.15062841166794566,0.15062841166794566,-8.220931033887199,0.03829623027968758,0.11233218138825803,0.15498344651501766,0.15498344651501766,-8.097146855142036,0.03940346772269532,0.1155799787923223,0.15480823398555565,0.15480823398555565,-8.10205943657072,0.03935892115075804,0.11544931283479756
155.0,65.0,-0.21827988824130734,0.16005653713208876,-0.12825199072919588,0.017679012994634855,0.3000422058908039,0.15003867408446148,0.15003867408446148,-8.237967824335131,0.027934542931585468,0.12210413115287602,0.1543766581792998,0.1543766581792998,-8.114183645589968,0.028742198715490757,0.12563445946380905,0.15420213163870655,0.15420213163870655,-8.11909622701865,0.02870970496565824,0.1254924266730483
155.0,70.0,-0.22727536572921425,0.16309967597844655,-0.10628797320424982,0.009143983633331312,0.29939328959777356,0.14939038359152612,0.14939038359152612,-8.25677357591243,0.0189674626180204,0.13042292097350575,0.1537096240266757,0.1537096240266757,-8.132989397167268,0.019515858234407244,0.1341937657922685,0.15353585158430227,0.15353585158430227,-8.137901978595949,0.019493795085324152,0.13404205649897813
155.0,75.0,-0.2346040782702673,0.1650224392997566,-0.08352209415462813,0.0008830283484741455,0.2987443705988823,0.14874349401223533,0.14874349401223533,-8.275620210708624,0.01162759264951552,0.13711590136271978,0.15304403129152724,0.15304403129152724,-8.151836031963462,0.011963774719122874,0.14108025657240433,0.15287101131781633,0.15287101131781633,-8.156748613392145,0.01195024938285254,0.14092076193496378
155.0,80.0,-0.2402096319787882,0.16592618400932663,-0.060107319416987985,-0.0070841418162813155,0.2981530492013301,0.14815524417674927,0.14815524417674927,-8.29282971408258,0.00610498102679267,0.14205026314995658,0.15243877371823156,0.15243877371823156,-8.169045535337421,0.006281490921692221,0.14615728279653933,0.15226643800282555,0.15226643800282555,-8.173958116766102,0.006274389544494007,0.14599204845833152
155.0,85.0,-0.2440411279433619,0.16589880262692452,-0.036198313960432625,-0.014762857605788486,0.29766885080435007,0.14767442882287612,0.14767442882287612,-8.306947002369183,0.002547039824493891,0.1451273889983823,0.1519440568195042,0.1519440568195042,-8.18316282362402,0.002620680959454564,0.14932337586004968,0.15177228039350063,0.15177228039350063,-8.188075405052702,0.002617718216334934,0.14915456217716577
155.0,90.0,-0.2460517289262903,0.1650090431875357,-0.01195294081240027,-0.02217791397118647,0.29732838798786226,0.14733681271726964,0.14733681271726964,-8.316887293112833,0.0010578628480064647,0.14627894986926315,0.1515966794086528,0.1515966794086528,-8.193103114367672,0.0010884482436531173,0.15050823116499965,0.15142529570120208,0.15142529570120208,-8.198015695796354,0.001087217726625349,0.1503380779745767
155.0,95.0,-0.2461983680096886,0.16330303525187334,0.012465572648637365,-0.029367167025635386,0.29715204649081367,0.14716209755043058,0.14716209755043058,-8.322040306527793,0.0016963283703237105,0.1454657691801068,0.15141691280011377,0.15141691280011377,-8.198256127782631,0.0017453733617900098,0.1496715394383237,0.15124573232315577,0.15124573232315577,-8.203168709211312,0.001743400175050062,0.14950233214810565
155.0,100.0,-0.24444288559028154,0.1608030653647332,0.03688627403583713,-0.03637484447605959,0.2971425191205435,0.147152660998787,0.147152660998787,-8.322318800364025,0.004472772163713806,0.14267988883507313,0.15140720341474123,0.15140720341474123,-8.198534621618862,0.0046020909185243404,0.1468051124962168,0.1512360339144779,0.1512360339144779,-8.203447203047544,0.004596888143590757,0.14663914577088705
155.0,105.0,-0.24075463813993814,0.157508460243109,0.06112849143325843,-0.043245054110893154,0.2972852805034377,0.14729409322461368,0.14729409322461368,-8.318146688490986,0.009344491802171919,0.1379496014224417,0.15155272479124773,0.15155272479124773,-8.194362509745824,0.009614663856540712,0.14193806093470696,0.1513813907755536,0.1513813907755536,-8.199275091174506,0.009603794246836505,0.14177759652871705
155.0,110.0,-0.2351143536245576,0.15339829061797566,0.08500075199424298,-0.050015878312345566,0.297550854086747,0.14755737496150934,0.14755737496150934,-8.310390794541243,0.016210811292875306,0.13134656366863406,0.15182361864544638,0.15182361864544638,-8.186606615796082,0.016679505394459625,0.1351441132509868,0.15165197837770744,0.15165197837770744,-8.191519197224764,0.01666064881076599,0.1349913295669415
155.0,115.0,-0.2275187669127058,0.14843552088351128,0.1083010442425684,-0.05671432233269461,0.29789851241509246,0.147902388385593,0.147902388385593,-8.300248127893916,0.02490879740744446,0.12299359097814855,0.15217860724929827,0.15217860724929827,-8.176463949148754,0.02562897150678512,0.12654963574251316,0.15200656565836895,0.15200656565836895,-8.181376530577435,0.02559999733550304,0.12640656832286593
155.0,120.0,-0.217985403014216,0.14257220698480103,0.1308186554381985,-0.0633522646921944,0.2982809081789766,0.14828234024252157,0.14828234024252157,-8.289105684045918,0.035210887217208844,0.11307145302531275,0.15256954444132276,0.15256954444132276,-8.165321505300756,0.03622891986542735,0.1163406245758954,0.15239706088645588,0.15239706088645588,-8.170234086729437,0.03618796219651473,0.11620909868994116
155.0,125.0,-0.20655682121698377,0.13575537993776635,0.1523375716443827,-0.06992346468835003,0.29864907537416324,0.14864861500969914,0.14864861500969914,-8.278391328529032,0.04682560791198199,0.10182300709771717,0.15294640910556553,0.15294640910556553,-8.154607149783871,0.04817945047019445,0.10476695863537111,0.15277349949609365,0.15277349949609365,-8.159519731212551,0.04812498243780265,0.10464851705829104
155.0,130.0,-0.1933037007641598,0.12793332239601793,0.1726411882903431,-0.07640163332187086,0.29895726312795046,0.14895556603673096,0.14895556603673096,-8.26943263822727,0.05940224965106435,0.08955331638566665,0.15326223483561166,0.15326223483561166,-8.145648459482109,0.061119713603317576,0.0921425212322941,0.1530889681775241,0.1530889681775241,-8.150561040910791,0.061050616290919166,0.09203835188660496
155.0,135.0,-0.17832632362997183,0.11906201780706704,0.1915178903443468,-0.08273957518510716,0.2991671462701629,0.1491647881584447,0.1491647881584447,-8.263336843251084,0.07253985706628521,0.07662493109215951,0.15347750607927224,0.15347750607927224,-8.139552664505922,0.07463716129878095,0.07884034478049132,0.1533039960518445,0.1533039960518445,-8.144465245934605,0.07455278218528798,0.07875121386655654
155.0,140.0,-0.16175425354210027,0.10911159237134573,0.20876695840386453,-0.08886944810440321,0.2992510649210039,0.14924848360152565,0.14924848360152565,-8.260900727067028,0.08580034816749596,0.06344813543402966,0.153563621361792,0.153563621361792,-8.137116548321865,0.08828104554737726,0.06528257581441471,0.1533900139789575,0.1533900139789575,-8.142029129750547,0.0881812416932127,0.06520877228574476
155.0,145.0,-0.14374426977838936,0.09807255669861416,0.22420425368887503,-0.09470423723429562,0.299194053072317,0.14919162083697013,0.14919162083697013,-8.262555677913365,0.09872507399721936,0.05046654683975078,0.15350511455599355,0.15350511455599355,-8.138771499168202,0.10157945673137088,0.05192565782462267,0.15333157331651606,0.15333157331651606,-8.143684080596884,0.10146461870217818,0.0518669546143379
155.0,150.0,-0.12447683601739595,0.08596158458686506,0.23766722081858155,-0.10014056572569108,0.2989945107942223,0.1489926856757621,0.1489926856757621,-8.268350513771617,0.11085378964429086,0.03813889603147118,0.15330042769396243,0.15330042769396243,-8.144566335026456,0.11405884313642439,0.039241584557538,0.1531271178579261,0.1531271178579261,-8.149478916455138,0.1139298968594973,0.039197220998428754
155.0,155.0,-0.10415152859015955,0.0728264620277654,0.24901889228486804,-0.10506293361844538,0.2986634614653171,0.14866293632663904,0.14866293632663904,-8.277972934497758,0.12174484636053898,0.02691808996610011,0.15296114448671577,0.15296114448671577,-8.154188755752596,0.12526478687163184,0.027696357615083968,0.1527882182185396,0.1527882182185396,-8.159101337181278,0.12512317200466494,0.027665046213874726
155.0,160.0,-0.08298189781849412,0.0587497400746226,0.2581507426299141,-0.10934937410982822,0.29822243185746783,0.1482242060769548,0.1482242060769548,-8.29080867158212,0.13099539976469898,0.017228806312255804,0.15250972947520816,0.15250972947520816,-8.167024492836957,0.13478279634190657,0.01772693313330158,0.15233731354260513,0.15233731354260513,-8.171937074265639,0.13463042113535353,0.017706892407251595
155.0,165.0,-0.06119019891780843,0.04385057672522663,0.26498438564687155,-0.11287834825787617,0.2977001170050362,0.14770545296802506,0.14770545296802506,-8.306034711727598,0.13826048627832402,0.009444966689701132,0.1519759779483744,0.1519759779483744,-8.182250532982437,0.14225793423019242,0.00971804371818205,0.1518041654347637,0.1518041654347637,-8.187163114411117,0.14209710819971633,0.009707057235047414
155.0,170.0,-0.03900233289874275,0.028284293128387372,0.26947220928148696,-0.11553649459869575,0.29712814805823573,0.14713842749947248,0.14713842749947248,-8.322738896687486,0.1432698799567531,0.0038685475427193247,0.15139255839023816,0.15139255839023816,-8.198954717942325,0.14741216170053825,0.003980396689699892,0.15122140544652876,0.15122140544652876,-8.203867299371005,0.1472455086914215,0.003975896755107219
155.0,175.0,-0.016643219085031462,0.01223931476887007,0.2715970929615557,-0.11722665354793069,0.2965364510051645,0.146552991968839,0.146552991968839,-8.340053107479426,0.14584167944751122,0.0007113125213277869,0.15079019649021402,0.15079019649021402,-8.216268928734262,0.1500583181886112,0.0007318783016028262,0.1506197245311809,0.1506197245311809,-8.221181510162944,0.14988867363567443,0.0007310508955064613
155.0,180.0,0.005667288511093493,-0.004068591816628877,0.2713713597559797,-0.1178754453749058,0.29594882516506144,0.14597273954213014,0.14597273954213014,-8.357282412829125,0.14589162212245246,8.111741967759823e-05,0.15019316755029338,0.15019316755029338,-8.233498234083962,0.1501097048281227,8.346272217059188e-05,0.15002337054689632,0.15002337054689632,-8.238410815512644,0.14994000218134887,8.336836554737742e-05
160.0,-180.0,0.0045868962772190785,-0.0038466971199082353,0.2918918991981462,-0.1352292189382168,0.3217509272221779,0.17253536717027215,0.17253536717027215,-7.63121867590586,0.1724756407503886,5.9726419883449404e-05,0.17752378554406023,0.17752378554406023,-7.507434497160697,0.1774623322876722,6.145325638795082e-05,0.17732309061692922,0.17732309061692922,-7.51234707858938,0.17726170683493175,6.138378199737863e-05
160.0,-175.0,0.029216949680107258,-0.01923946896208665,0.28951285347947986,-0.13461149545448936,0.32118800468398223,0.17193217335521627,0.17193217335521627,-7.646428469708347,0.16989257588202997,0.0020395974731862777,0.17690315192428877,0.17690315192428877,-7.522644290963186,0.17480458471244983,0.002098567211838952,0.1767031586384545,0.1767031586384545,-7.527556872391866,0.17460696390753339,0.0020961947309211483
160.0,-170.0,0.053414413972881845,-0.034442183490142116,0.2847666642444643,-0.1328633613705113,0.3205995781083087,0.17130278006706484,0.17130278006706484,-7.662355888267349,0.164570665963516,0.006732114103548862,0.17625556134073964,0.17625556134073964,-7.538571709522186,0.16932880539511883,0.006926755945620807,0.17605630017170074,0.17605630017170074,-7.543484290950869,0.16913737509097224,0.006918925080728532
160.0,-165.0,0.07697622266885257,-0.049266667762684783,0.2777335145022072,-0.1300117276862922,0.31998671507193205,0.17064847604737526,0.17064847604737526,-7.67897585774858,0.15672789832223635,0.01392057772513901,0.17558233979563256,0.17558233979563256,-7.555191679003417,0.16125928420849506,0.014323055587137574,0.17538383971981017,0.17538383971981017,-7.560104260432099,0.16107697669294588,0.014306863026864345
160.0,-160.0,0.0997137621129175,-0.06353487120299554,0.26851405724536903,-0.12610997330659293,0.31934783312127174,0.16996772657975903,0.16996772657975903,-7.6963353449779355,0.14666908511882384,0.02329864146093521,0.1748819082001842,0.1748819082001842,-7.572551166232772,0.1509096461763801,0.023972262023804106,0.17468419997919735,0.17468419997919735,-7.577463747661454,0.15073903917659182,0.023945160802605555
160.0,-155.0,0.12145460795630351,-0.07708586754015355,0.2572265709891516,-0.1212353741872674,0.3186800551421461,0.16925764168563195,0.16925764168563195,-7.714517145661056,0.13476936625109492,0.034488275434536995,0.1741512930194793,0.1741512930194793,-7.590732966915895,0.1386658774062094,0.03548541561326988,0.17395441077660012,0.17395441077660012,-7.595645548344576,0.13850911228272858,0.03544529849387153
160.0,-150.0,0.1420437571460834,-0.08978180672667774,0.24400396369260063,-0.11548494090392816,0.31798098628151616,0.1685158759795675,0.1685158759795675,-7.733591777272015,0.1214549817527985,0.04706089422676901,0.17338808105727696,0.17338808105727696,-7.609807598526853,0.12496654157094196,0.04842153948633503,0.17319206164395423,0.17319206164395423,-7.614720179955534,0.12482526387749074,0.04836679776646352
160.0,-145.0,0.16134435841800152,-0.10151235283149937,0.22899071885386715,-0.10896998659457519,0.31725063762006234,0.16774265991878798,0.16774265991878798,-7.753564745956975,0.10718282036923951,0.060559839549548425,0.17259250943388002,0.17259250943388002,-7.629780567211812,0.11028173718411309,0.062310772249766874,0.17239738943349225,0.17239738943349225,-7.634693148640496,0.11015706101669014,0.06224032841680208
160.0,-140.0,0.17923794670189294,-0.11219727526443392,0.2123398743447339,-0.10180985696781467,0.3164931900171282,0.1669426325281784,0.1669426325281784,-7.7743274236558415,0.09242027134970653,0.07452236117847186,0.17176935129969995,0.17176935129969995,-7.650543244910679,0.09509236685842835,0.07667698444127159,0.1715751618994639,0.1715751618994639,-7.655455826339361,0.09498486264101388,0.07659029925845001
160.0,-135.0,0.1956241890971124,-0.12178701838677393,0.19421012316675293,-0.09412531963758593,0.31571830631872816,0.16612616779259495,0.16612616779259495,-7.795619531426809,0.07762675074628149,0.08849941704631349,0.17092928057680315,0.17092928057680315,-7.671835352681645,0.0798711294848045,0.09105815109199866,0.1707360408968088,0.1707360408968088,-7.6767479341103275,0.07978083324386585,0.09095520765294295
160.0,-130.0,0.21042015570164063,-0.13026124126816302,0.17476312674104574,-0.08603212890643287,0.3149417574325532,0.16530995640502735,0.16530995640502735,-7.817009886454579,0.06323797295811243,0.10207198344691491,0.17008947052683135,0.17008947052683135,-7.6932257077094155,0.06506633702861654,0.10502313349821475,0.16989718027238165,0.16989718027238165,-7.698138289138098,0.06499277796311656,0.10490440230926507
160.0,-125.0,0.22355914159654383,-0.13762547964524532,0.15416113478209992,-0.077635257060022,0.3141852177538718,0.1645167092271167,0.1645167092271167,-7.837899861237054,0.0496536445652506,0.11486306466186608,0.16927328863784,0.16927328863784,-7.714115682491892,0.05108925256224982,0.11818403607559017,0.16908192109672834,0.16908192109672834,-7.719028263920573,0.0510314949283151,0.11805042616841323
160.0,-120.0,0.23498908964037415,-0.14390622390117278,0.13256500802997895,-0.06902422050707524,0.3134751950284168,0.16377397146377237,0.16377397146377237,-7.857551193514385,0.037228830206816374,0.1265451412569561,0.16850907651381047,0.16850907651381047,-7.733767014769222,0.03830520650974007,0.13020387000407047,0.16831857293296237,0.16831857293296237,-7.738679596197904,0.038261901548629365,0.13005667138433305
160.0,-115.0,0.24467069753449777,-0.14914482146631078,0.1101327358890527,-0.060269836585338396,0.3128411749093566,0.16311215842309254,0.16311215842309254,-7.875136653284916,0.02626883565741487,0.13684332276567768,0.16782812884359763,0.16782812884359763,-7.751352474539754,0.027028331780445388,0.14079979706315227,0.16763839509053702,0.16763839509053702,-7.756265055968436,0.026997775598576433,0.1406406194919606
160.0,-110.0,0.25257533300575297,-0.1533906936219953,0.08701852461434083,-0.051422632819715965,0.31231316738967607,0.16256202772751532,0.16256202772751532,-7.88980892163286,0.017027116843499064,0.14553491088401627,0.16726209252753915,0.16726209252753915,-7.7660247428877,0.01751941232997126,0.14974268019756792,0.16707299869220485,0.16707299869220485,-7.77093732431638,0.017499606211201505,0.14957339248100335
160.0,-105.0,0.2586829201300257,-0.15669440143816898,0.06337249905507107,-0.04251300304041253,0.3119189280455138,0.16215187597047015,0.16215187597047015,-7.9007802251422445,0.009705486454196754,0.15244638951627335,0.16684008228261152,0.16684008228261152,-7.776996046397082,0.009986095744620593,0.1568539865379909,0.1666514655400515,0.1666514655400515,-7.781908627825764,0.009974806222196047,0.15667665931785543
160.0,-100.0,0.2629799876300556,-0.1591011011371724,0.039341011797338676,-0.03355307229485064,0.3116811802894534,0.16190478258104046,0.16190478258104046,-7.907403222294715,0.004455768142242181,0.1574490144387983,0.16658584482049643,0.16658584482049643,-7.783619043549551,0.004584595269309786,0.16200124955118664,0.16639751549952772,0.16639751549952772,-7.7885316249782335,0.004579412273630196,0.1618181032258975
160.0,-95.0,0.26545807653691655,-0.1606448947930539,0.015067492356937249,-0.0245401036028285,0.31161517715367254,0.1618362183394985,0.1618362183394985,-7.909242783679778,0.0013820441248989757,0.1604541742145995,0.16651529821946548,0.16651529821946548,-7.7854586049346155,0.0014220023921174768,0.165093295827348,0.16632704865313308,0.16632704865313308,-7.790371186363298,0.0014203947840688341,0.16490665386906422
160.0,-90.0,0.2661126832434482,-0.1613445094605595,-0.00930629516984848,-0.01546116354036919,0.3117269087260623,0.1619522939238496,0.1619522939238496,-7.906128961785694,0.0005427450597687222,0.1614095488640809,0.16663472983213254,0.16663472983213254,-7.78234478304053,0.0005584371435011032,0.16607629268863142,0.1664463452454775,0.1664463452454775,-7.7872573644692125,0.0005578058168229416,0.16588853942865456
160.0,-85.0,0.2649428635644779,-0.16120063120319067,-0.03363877328397837,-0.006298669703441454,0.3120121868807957,0.16224885216758902,0.16224885216758902,-7.898183669408168,0.0019520211922890072,0.16029683097530004,0.16693986229816754,0.16693986229816754,-7.774399490663006,0.002008458887014103,0.16493140341115345,0.16675113275189005,0.16675113275189005,-7.779312072091687,0.0020061882757338202,0.16474494447615623
160.0,-80.0,0.2619515492557804,-0.16019508829202242,-0.057787074071304324,0.002963620387443802,0.3124567321180897,0.1627115157406196,0.1627115157406196,-7.885817092289448,0.005580083497493408,0.1571314322431262,0.16741590260378597,0.16741590260378597,-7.762032913544287,0.005741417324306417,0.16167448527947959,0.1672266348824456,0.1672266348824456,-7.766945494972969,0.005734926513353964,0.16149170836909166
160.0,-75.0,0.2571465414717287,-0.15829193166538744,-0.08160579429502113,0.012334646532609352,0.313037263898145,0.16331670005456073,0.16331670005456073,-7.869694039301188,0.011352481158504584,0.15196421889605616,0.1680385842726214,0.1680385842726214,-7.745909860556026,0.011680709083758187,0.15635787518886324,0.16784861259461534,0.16784861259461534,-7.750822441984707,0.011667503760025266,0.15618110883459008
160.0,-70.0,0.2505420601368912,-0.15544031431750707,-0.10494618870676646,0.021810565503877055,0.3137234745830126,0.16403349969341274,0.16403349969341274,-7.850674492310326,0.01914855436353158,0.14488494532988114,0.16877610833770218,0.16877610833770218,-7.726890313565163,0.019702185784063773,0.14907392255363835,0.16858530287092777,0.16858530287092777,-7.731802894993845,0.01967991198718559,0.14890539088374216
160.0,-65.0,0.24216065861628852,-0.1515789385477937,-0.12765595503763902,0.031370161871031574,0.31448066570957406,0.1648262653510699,0.1648262653510699,-7.829735815458677,0.028799538029618283,0.13602672732145166,0.16959179478451475,0.16959179478451475,-7.705951636713515,0.029632202932007697,0.13995959185250711,0.16940006716451167,0.16940006716451167,-7.710864218142197,0.029598703010912927,0.1398013641535988
160.0,-60.0,0.23203527083282666,-0.1466417327757783,-0.1495796914926519,0.0409714817831055,0.3152727567178716,0.16565761580412197,0.16565761580412197,-7.807885934332369,0.04008696629829021,0.1255706495058318,0.17044718160728675,0.17044718160728675,-7.684101755587207,0.041245978288188295,0.12920120331909846,0.17025448695182113,0.17025448695182113,-7.689014337015889,0.04119934871355622,0.12905513823826492
160.0,-55.0,0.22021114916069534,-0.1405643456578013,-0.17056002692271782,0.0505499247567092,0.31606534634734484,0.16649158287858123,0.16649158287858123,-7.786077177239543,0.052742120238072884,0.11374946264050835,0.17130526070437416,0.17130526070437416,-7.662292998494381,0.05426702360126852,0.11703823710310561,0.17111159596976486,0.17111159596976486,-7.667205579923063,0.05420567342042433,0.11690592254934053
160.0,-50.0,0.20674747569750762,-0.13329100712736638,-0.1904393479563182,0.060017923045228995,0.3168285145390323,0.16729657135268666,0.16729657135268666,-7.765129595628117,0.0664472617905262,0.10084930956216044,0.17213352335907672,0.17213352335907672,-7.641345416882955,0.06836841423040045,0.10376510912867624,0.171938922253532,0.171938922253532,-7.646257998311637,0.06829112208687173,0.10364780016666027
160.0,-45.0,0.19171848069686698,-0.12478130133231888,-0.20906198714413798,0.06926623398618742,0.31753909151817344,0.1680478320156279,0.1680478320156279,-7.745670859896424,0.08083930489801919,0.08720852711760865,0.17290650480052258,0.17290650480052258,-7.6218866811512616,0.0831765664142599,0.08972993838626263,0.1727110298207892,0.1727110298207892,-7.626799262579944,0.08308253329703925,0.08962849652374989
160.0,-40.0,0.17521396975651632,-0.115016419255274,-0.22627669869937184,0.07816677522170316,0.3181821821205407,0.16872919325804428,0.16872919325804428,-7.728097699656486,0.09551639825826529,0.07321279499977902,0.173607565858673,0.173607565858673,-7.604313520911323,0.09827801034907427,0.07532955550959874,0.17341129831248125,0.17341129831248125,-7.609226102340005,0.09816690468475361,0.07524439362772765
160.0,-35.0,0.1573392339214409,-0.10400450160978045,-0.24193923616424143,0.08657684970192037,0.31875180907114903,0.16933387029097,0.16933387029097,-7.71256165285927,0.11004764887716312,0.05928622141380684,0.1742297255797613,0.1742297255797613,-7.5887774741141065,0.11322939487309715,0.06100033070666411,0.1740327546669784,0.1740327546669784,-7.593690055542789,0.11310138630746465,0.06093136835951371
160.0,-30.0,0.13821438312284262,-0.09178473870805881,-0.25591485745581743,0.09434453750017723,0.3192506225279572,0.16986426479261935,0.16986426479261935,-7.6989797625590715,0.12398592237524686,0.04587834241737254,0.17477545508037798,0.17477545508037798,-7.57519558381391,0.12757065786114505,0.047204797219232986,0.1745778672072141,0.1745778672072141,-7.580108165242592,0.12742643615133284,0.04715143105588133
160.0,-25.0,0.11797319492933109,-0.07842995909961294,-0.2680806122651499,0.10131497325903399,0.31968871060007314,0.17033077330318327,0.17033077330318327,-7.687068818764726,0.13688333928409308,0.0334474340190902,0.1752554514900538,0.1752554514900538,-7.563284640019563,0.14084097055673742,0.03441448093331639,0.1750573209693559,0.1750573209693559,-7.568197221448245,0.14068174643791684,0.03437557453143905
160.0,-20.0,0.09676160256612973,-0.06404751151740248,-0.27832730809269157,0.1073371798270035,0.32008163344071466,0.17074973073449026,0.17074973073449026,-7.676399725109525,0.14830877365188017,0.022440957082610017,0.17568652200276802,0.17568652200276802,-7.552615546364363,0.15259674210503155,0.02308977989773641,0.17548790414644425,0.17548790414644425,-7.557528127793045,0.15242422780254897,0.023063676343895185
160.0,-15.0,0.07473595721384071,-0.04877832595218468,-0.28656109739060276,0.11227108994569884,0.32044788743049674,0.17114071567755967,0.17114071567755967,-7.666466562069272,0.1578663811032457,0.013274334574313979,0.17608881127436946,0.17608881127436946,-7.5426823833241095,0.16243068330409066,0.013658127970278811,0.17588973862030796,0.17588973862030796,-7.547594964752792,0.16224705149357216,0.013642687126735846
160.0,-10.0,0.05206119130610807,-0.032794131152267314,-0.29270467302485825,0.11599436062473541,0.320806078473544,0.1715235257037445,0.1715235257037445,-7.656763048771098,0.16521396988742473,0.006309555816319767,0.17648268927229602,0.17648268927229602,-7.532978870025936,0.16999070880484077,0.006491980467455259,0.1762831713296449,0.1762831713296449,-7.537891451454617,0.16979853020290311,0.0064846411267417935
160.0,-5.0,0.02890898561366654,-0.01629290799856741,-0.2966980972551745,0.11840857338061142,0.32117213369956854,0.1719151822759369,0.1719151822759369,-7.646857679464231,0.17007991167948136,0.0018352705964556316,0.17688566959145688,0.17688566959145688,-7.523073500719068,0.17499733684482083,0.0018883327466361062,0.17668569606982212,0.17668569606982212,-7.52798608214775,0.1747994981289634,0.0018861979408588197
160.0,0.0,0.005456008478572393,0.0005072312992617747,-0.29849931652997386,0.11944442359603555,0.321556896379412,0.17232733613934256,0.17232733613934256,-7.63645825321526,0.17227729513141468,5.004100792786095e-05,0.17730973982852408,0.17730973982852408,-7.512674074470098,0.17725825201297943,5.1487815544666064e-05,0.17710928688524413,0.17710928688524413,-7.517586655898779,0.1770578572779185,5.1429607325653586e-05
160.0,5.0,-0.01811774328197806,0.01737543547887164,-0.2980844278343262,0.11906553960072902,0.32196441917926655,0.1727644085227841,0.1727644085227841,-7.625457223561299,0.171714169299282,0.001050239223502152,0.1777594490408315,0.1777594490408315,-7.501673044816136,0.17667884483926533,0.0010806042015661613,0.1775584876904256,0.1775584876904256,-7.506585626244818,0.1764791051380082,0.0010793825524174224
160.0,10.0,-0.0416305090080073,0.034076369991472684,-0.29544776101595366,0.11727064048872235,0.3223911923146114,0.17322272049969295,0.17322272049969295,-7.613951449948047,0.16839900368865524,0.004823716811037716,0.17823101193506838,0.17823101193506838,-7.490167271202885,0.17326782970331847,0.0049631822317498875,0.1780295174714213,0.1780295174714213,-7.495079852631567,0.1730719462370557,0.004957571234365587
160.0,15.0,-0.06490026975467245,0.050378842783134405,-0.2906018264544558,0.11409384132216313,0.3228264223707682,0.17369073963804083,0.17369073963804083,-7.60223335446436,0.16244088331713585,0.011249856320904974,0.1787125626484626,0.1787125626484626,-7.478449175719199,0.1671374455367176,0.011575117111745008,0.1785105237801036,0.1785105237801036,-7.483361757147879,0.16694849261781688,0.011562031162286712
160.0,20.0,-0.08774624434749918,0.06606425372495271,-0.28357715205062134,0.10960304054145364,0.32325333204531503,0.17415042497108593,0.17415042497108593,-7.590754614160671,0.15404441695487703,0.020106008016208928,0.17918553860591208,0.17918553860591208,-7.466970435415508,0.15849821684831467,0.020687321757597413,0.1789829650268098,0.1789829650268098,-7.47188301684419,0.15831903078610177,0.020663934240708042
160.0,25.0,-0.10999042225488113,0.08093431183361766,-0.274422003547287,0.10389646731285981,0.3236513058382241,0.17457950001644823,0.17457950001644823,-7.580067546306434,0.14349980585957284,0.031079694156875365,0.1796270192575864,0.1796270192575864,-7.456283367561273,0.14764873532212455,0.03197828393546184,0.17942394657394473,0.17942394657394473,-7.461195948989955,0.14748181486081482,0.03194213171312987
160.0,30.0,-0.1314591585649958,0.0948175045721274,-0.26320195505749544,0.09709761216055379,0.3239985879248107,0.17495435319605288,0.17495435319605288,-7.570752469764235,0.13116893550099065,0.04378541769506222,0.18001271035708702,0.18001271035708702,-7.446968291019073,0.13496134941968377,0.045051360937403244,0.17980920164034211,0.17980920164034211,-7.451880872447754,0.13480877235456387,0.04500042928577823
160.0,35.0,-0.15198482098977908,0.10757389311526683,-0.24999926012395224,0.08934889623580301,0.32427516650577776,0.17525317721449407,0.17525317721449407,-7.563340998422468,0.11746865807996641,0.05778451913452766,0.1803201741068979,0.1803201741068979,-7.439556819677307,0.12086496355588683,0.05945521055101107,0.1801163177949579,0.1801163177949579,-7.444469401105989,0.12072832279544338,0.05938799499951455
160.0,40.0,-0.1714074363738463,0.11909793920644843,-0.23491197401124464,0.08080453710523004,0.3244654636754538,0.1754589282101493,0.1754589282101493,-7.558245278546904,0.10285259147053857,0.07260633673961067,0.18053187386577765,0.18053187386577765,-7.434461099801743,0.10582631080413475,0.07470556306164285,0.18032777822214724,0.18032777822214724,-7.439373681230425,0.1057066716038423,0.0746211066183049
160.0,45.0,-0.18957624478122484,0.12931922954392808,-0.21805279835022104,0.07162312943961707,0.32456048936103166,0.1755617160154702,0.1755617160154702,-7.555701828258834,0.08779275758064217,0.08776895843482804,0.1806376335173065,0.1806376335173065,-7.431917649513672,0.09033106037724269,0.09030657314006384,0.18043341830983575,0.18043341830983575,-7.436830230942353,0.09022893893180077,0.09020447937803498
160.0,50.0,-0.2063510439748361,0.13820113485183674,-0.1995476581958716,0.06196047049060508,0.324559200791957,0.17556032198904806,0.17556032198904806,-7.555736313020098,0.07276223211251774,0.10279808987653032,0.1806361991861797,0.1806361991861797,-7.431952134274936,0.07486596575009542,0.10577023343608427,0.1804319856002549,0.1804319856002549,-7.436864715703618,0.07478132796764413,0.1056506576326108
160.0,55.0,-0.2216032055433404,0.14573760417156123,-0.1795340724138844,0.05196312247721747,0.3244689187454583,0.1754626649783137,0.1754626649783137,-7.558152787356535,0.058219710488190524,0.11724295449012319,0.18053571867302573,0.18053571867302573,-7.434368608611374,0.05990298434838,0.12063273432464573,0.18033161868274789,0.18033161868274789,-7.439281190040054,0.05983526257779087,0.12049635610495701
160.0,60.0,-0.23521627141257287,0.15194843365533972,-0.15815943015891493,0.041763123065379576,0.3243047712012746,0.1752851781465164,0.1752851781465164,-7.562548056479362,0.04459655567282732,0.130688622473689,0.18035310026393292,0.18035310026393292,-7.4387638777342,0.045885950892918324,0.13446714937101453,0.1801492067281772,0.1801492067281772,-7.443676459162881,0.04583407571719149,0.13431513101098563
160.0,65.0,-0.24708609511087506,0.15687345071159534,-0.13557932589936095,0.03147414197735332,0.3240882490307839,0.17505119788542664,0.17505119788542664,-7.568349129866336,0.032286531399462255,0.14276466648596448,0.1801123550626882,0.1801123550626882,-7.444564951121173,0.0332200137868734,0.14689234127581488,0.17990873369519694,0.17990873369519694,-7.449477532549855,0.03318245775895401,0.14672627593624302
160.0,70.0,-0.2571205680618816,0.16056611160231424,-0.1119561205958159,0.021189250088144332,0.32384505550295856,0.17478858209554154,0.17478858209554154,-7.574869406653459,0.02163808565657573,0.15315049643896586,0.1798421464096528,0.1798421464096528,-7.451085227908296,0.02226369550012937,0.15757845090952347,0.17963883051956991,0.17963883051956991,-7.455997809336978,0.022238525854651314,0.15740030466491867
160.0,75.0,-0.2652390534393419,0.16308702181033252,-0.08745787886731463,0.010980331361454597,0.32360250370653676,0.1745268556472876,0.1745268556472876,-7.5813773568459535,0.0129487753598785,0.16157808028740916,0.1795728528112847,0.1795728528112847,-7.45759317810079,0.013323156044735569,0.1662496967665492,0.17936984136411882,0.17936984136411882,-7.462505759529472,0.013308093895044707,0.16606174746907415
160.0,80.0,-0.2713717213765037,0.1644978566234422,-0.062257779495129006,0.000899040681937961,0.32338675819885576,0.17429421941669657,0.17429421941669657,-7.5871701631548705,0.00646124674856648,0.16783297266813013,0.17933349049973926,0.17933349049973926,-7.463385984409707,0.00664805715461105,0.17268543334512823,0.17913074965744763,0.17913074965744763,-7.468298565838389,0.006640541365433175,0.1724902082920145
160.0,85.0,-0.27545902249847537,0.1648560909827914,-0.03653401544258943,-0.009020897174422877,0.3232202262856284,0.17411475581430916,0.17411475581430916,-7.59164421891424,0.0023601291811460473,0.17175462663316313,0.17914883816679614,0.17914883816679614,-7.467860040169077,0.0024283662734294136,0.17672047189336673,0.17894630607842665,0.17894630607842665,-7.47277262159776,0.00242562094670714,0.17652068513171953
160.0,90.0,-0.2774515390309937,0.1642108519238381,-0.01047010292875532,-0.01876033260315826,0.3231193796957087,0.174006123131608,0.174006123131608,-7.594354689847538,0.0007692704345518852,0.17323685269705605,0.17903706464822308,0.17903706464822308,-7.470570511102375,0.0007915119194895413,0.17824555272873344,0.1788346589225159,0.1788346589225159,-7.475483092531057,0.0007906170961478778,0.17804404182636793
160.0,95.0,-0.2773104088716163,0.16260009495487313,0.015744575011266818,-0.028310613740447913,0.3230932314990876,0.17397796163770635,0.17397796163770635,-7.595057617479325,0.0017489296178796769,0.1722290320198267,0.17900808893683132,0.17900808893683132,-7.471273438734163,0.001799495439736266,0.17720859349709506,0.1788057159688657,0.1788057159688657,-7.476186020162844,0.0017974610666800378,0.1770082549021857
160.0,100.0,-0.2750084320154398,0.16004918956174444,0.041914237516398625,-0.037669135026007175,0.32314261216860674,0.17403114631576946,0.17403114631576946,-7.59373019173922,0.005292820372927972,0.16873832594284155,0.17906281131368398,0.17906281131368398,-7.469946012994057,0.005445848722016639,0.1736169625916674,0.1788603764807497,0.1788603764807497,-7.474858594422739,0.00543969205850768,0.1734206844222421
160.0,105.0,-0.2705318536555698,0.15657089072911756,0.0678364692684713,-0.046834844595246984,0.3232602927937502,0.1741579251588923,0.1741579251588923,-7.590567579300505,0.011325215239977374,0.1628327099189149,0.17919325564244498,0.17919325564244498,-7.466783400555343,0.011652654841009748,0.16754060080143524,0.17899067333904656,0.17899067333904656,-7.471695981984024,0.01163948123327582,0.1673511921057707
160.0,110.0,-0.2638826939131788,0.1521665833784222,0.0933025478529341,-0.05580400339287634,0.3234319054676887,0.17434288843025658,0.17434288843025658,-7.585957631058294,0.019698622969156997,0.1546442654610996,0.1793835666532118,0.1793835666532118,-7.462173452313133,0.020268158214998454,0.1591154084382134,0.17918076919861928,0.17918076919861928,-7.467086033741815,0.02024524457261767,0.15893552462600166
160.0,115.0,-0.25508138313486206,0.14682862201550434,0.11809854519931753,-0.06456643410447152,0.3236375241780972,0.17456463250894785,0.17456463250894785,-7.580437415129621,0.030192773337549713,0.14437185917139808,0.17961172189417415,0.17961172189417415,-7.456653236384458,0.03106572007156056,0.14854600182261352,0.17940866650457124,0.17940866650457124,-7.461565817813142,0.031030599524717067,0.14837806697985415
160.0,120.0,-0.24416938484818718,0.1405435507723837,0.14200731545838005,-0.07310243930171939,0.32385370529979923,0.17479791931339,0.17479791931339,-7.574637412444728,0.042515738826971655,0.13228218048641827,0.17985175358924785,0.17985175358924785,-7.450853233699566,0.04374497255578934,0.13610678103345844,0.1796484268380164,0.1796484268380164,-7.455765815128248,0.04369551780778177,0.1359529090302346
160.0,125.0,-0.23121146033166212,0.13329597586010744,0.164811362527872,-0.08138051572394335,0.32405575157214345,0.17501609365769602,0.17501609365769602,-7.569220137973308,0.05630796269839066,0.11870813095930534,0.18007623588609528,0.18007623588609528,-7.445435959228146,0.05793596326617003,0.12214027261992524,0.17987265535220553,0.17987265535220553,-7.450348540656828,0.057870465260422055,0.12200219009178348
160.0,130.0,-0.21629725439408862,0.1250728647143886,0.18629646084939183,-0.08935595210647478,0.32421995812742377,0.17519350801324393,0.17519350801324393,-7.564819911260585,0.07114975294604955,0.10404375506719446,0.18025877972347357,0.18025877972347357,-7.441035732515422,0.07320686587719884,0.10705191384627477,0.18005499281936685,0.18005499281936685,-7.445948313944104,0.07312410374722461,0.1069308890721423
160.0,135.0,-0.19954195584091056,0.11586805266715439,0.20625580367856716,-0.09697037270863579,0.32432561956163397,0.17530771574909534,0.17530771574909534,-7.561989690544441,0.08657247665478375,0.08873523909431161,0.18037628948358406,0.18037628948358406,-7.4382055117992785,0.08907549815287967,0.0913007913307044,0.18017236973185544,0.18017236973185544,-7.443118093227961,0.08897479615085688,0.09119757358099856
160.0,140.0,-0.18108589346317305,0.10568673851176119,0.22449438957176684,-0.10415227288740862,0.3243566160962691,0.17534122646192124,0.17534122646192124,-7.561159600048946,0.10207330674005298,0.07326791972186829,0.18041076907286888,0.18041076907286888,-7.437375421303783,0.10502449505098567,0.0753862740218832,0.18020681034113178,0.18020681034113178,-7.442288002732465,0.1049057623227677,0.07530104801836411
160.0,145.0,-0.16109304876234273,0.09454973903838185,0.24083333805593238,-0.11081857705238199,0.324302447186034,0.1752826659172678,0.1752826659172678,-7.562610301053042,0.11713299668450794,0.058149669232759806,0.18035051540000802,0.18035051540000802,-7.438826122307879,0.12051959737062243,0.059830918029385546,0.18014662478650337,0.18014662478650337,-7.443738703736561,0.12038334705499275,0.059763277731510585
160.0,150.0,-0.13974857873098387,0.08249725076003034,0.2551138478415708,-0.11687722166383019,0.32415863700460235,0.17512724406858432,0.17512724406858432,-7.566462866505858,0.13123584204309827,0.0438914020254861,0.1801905999265195,0.1801905999265195,-7.442678687760695,0.13503019039314565,0.04516040953337391,0.17998689010131996,0.17998689010131996,-7.447591269189377,0.1348775355016426,0.04510935459967739
160.0,155.0,-0.11725552855124165,0.0695918434065401,0.26720056597021236,-0.1222307173962773,0.3239264953265816,0.17487650402559313,0.17487650402559313,-7.572685373338151,0.14389076128070236,0.03098574274489074,0.17993261037719224,0.17993261037719224,-7.44890119459299,0.14805099421823475,0.031881616158957446,0.17972919221540917,0.17972919221540917,-7.45381377602167,0.1478836189935276,0.03184557322188154
160.0,160.0,-0.09383096522094242,0.055920398537113,0.276984209567552,-0.1267805720420495,0.32361227851228713,0.1745373993968447,0.1745373993968447,-7.58111499298678,0.15465229952704454,0.01988509986980022,0.1795837014063635,0.1795837014063635,-7.457330814241619,0.1591236747886043,0.020460026617759256,0.17938067769459884,0.17938067769459884,-7.462243395670301,0.15894378163108377,0.020436896063515127
160.0,165.0,-0.06970177770151341,0.04159472328140876,0.28438335824047856,-0.13043236431643473,0.3232258574509714,0.1741208227460158,0.1741208227460158,-7.591492894056886,0.16314031673744295,0.010980506008572878,0.179155080508299,0.179155080508299,-7.467708715311724,0.16785710128350956,0.011297979224789463,0.17895254136281172,0.17895254136281172,-7.472621296740406,0.1676673347764059,0.011285206586405836
160.0,170.0,-0.04510037346007013,0.026750625504594408,0.2893454023989134,-0.13310116165718994,0.32277905876157353,0.17363977716250012,0.17363977716250012,-7.603507801770296,0.16905715237311394,0.004582624789386231,0.17866012672342846,0.17866012672342846,-7.479723623025133,0.17394500707183244,0.004715119651596081,0.17845814713514913,0.17845814713514913,-7.484636204453815,0.1737483580401993,0.004709789094949878
160.0,175.0,-0.020260465914170293,0.011545336361002162,0.2918466839208382,-0.13471689092136957,0.32228389485957526,0.17310743655537988,0.17310743655537988,-7.6168427478437986,0.17220115578862052,0.0009062807667593817,0.1781123948506841,0.1781123948506841,-7.493058569098635,0.17717991129603922,0.0009324835546449036,0.1779110344865158,0.1779110344865158,-7.497971150527317,0.17697960512705088,0.0009314293594649349
160.0,180.0,0.004586896277219012,-0.0038466971199082036,0.2918918991981462,-0.1352292189382168,0.32175092722217785,0.1725353671702721,0.1725353671702721,-7.631218675905861,0.1724756407503886,5.972641988344799e-05,0.17752378554406018,0.17752378554406018,-7.507434497160698,0.1774623322876722,6.145325638794936e-05,0.17732309061692916,0.17732309061692916,-7.5123470785893804,0.17726170683493175,6.138378199737716e-05
165.0,-180.0,0.0032873423670568966,-0.00354331859375619,0.3092920405184776,-0.14932496299863102,0.3434863499895173,0.1966334885416803,0.1966334885416803,-7.063425157495212,0.19659455324813543,3.8935293544932474e-05,0.20231864239292138,0.20231864239292138,-6.939640978750051,0.20227858138505547,4.0061007865966126e-05,0.2020899162812747,0.2020899162812747,-6.944553560178733,0.20204990056334576,4.00157179290159e-05
165.0,-175.0,0.02997375502757167,-0.018300350858321036,0.30716292457868005,-0.14857089863469614,0.34300977098158525,0.19608821865394221,0.19608821865394221,-7.075484987712056,0.19403271902633376,0.0020554996276084497,0.20175760742251486,0.20175760742251486,-6.951700808966893,0.19964267828617527,0.002114929136339592,0.2015295155744524,0.2015295155744524,-6.956613390395575,0.19941697741658146,0.0021125381578709656
165.0,-170.0,0.05627292323748321,-0.0328888574882131,0.3025745825747073,-0.1466574921355,0.3425027253268276,0.19550892208075255,0.19550892208075255,-7.088334187181257,0.18842855749344184,0.007080364587310713,0.20116156197217053,0.20116156197217053,-6.9645500084360945,0.1938764867717274,0.007285075200443166,0.20093414396788542,0.20093414396788542,-6.969462589864777,0.1936573047209063,0.00727683924697915
165.0,-165.0,0.08197064421628096,-0.04716075827761086,0.2955947040280585,-0.14360894440442265,0.3419694161718843,0.19490054431464007,0.19490054431464007,-7.101869479910778,0.1799953560764531,0.014905188238187006,0.20053559452067093,0.20053559452067093,-6.978085301165616,0.1851994609285452,0.015336133592125739,0.20030888418770817,0.20030888418770817,-6.982997882594298,0.18499008846500828,0.015318795722699901
165.0,-160.0,0.10686443727216306,-0.06097465980419008,0.2863114355811479,-0.13946799828699502,0.34141393905705114,0.19426788619534627,0.19426788619534627,-7.115989853026622,0.16903861875447676,0.025229267440869545,0.19988464471174636,0.19988464471174636,-6.992205674281459,0.17392593760106673,0.025958707110679644,0.19965867029326437,0.19965867029326437,-6.9971182557101415,0.17372931012793089,0.025929360165333547
165.0,-155.0,0.13076536883973217,-0.0741998908794112,0.2748311476199566,-0.1342942747855205,0.34084060414888806,0.19361596764416872,0.19361596764416872,-7.130588289811866,0.15594151272968335,0.03767445491448529,0.19921387760486545,0.19921387760486545,-7.006804111066703,0.16045016229003328,0.03876371531483207,0.19898866150479827,0.19898866150479827,-7.011716692495385,0.1602687695063549,0.03871989199844326
165.0,-150.0,0.15349944400559856,-0.08671995061477215,0.2612760414111663,-0.12816172369712742,0.3402543554183616,0.19295049822966812,0.19295049822966812,-7.145540956719252,0.1411476700829425,0.05180282814672566,0.1985291678461448,0.1985291678461448,-7.0217567779740895,0.14522859356203566,0.05330057428410913,0.19830472582699704,0.19830472582699704,-7.026669359402771,0.14506440912943727,0.05324031669755977
165.0,-145.0,0.17490856052618356,-0.09843512944199301,0.24578168278973855,-0.1211553654741853,0.33966120978372344,0.19227836581546198,0.19227836581546198,-7.160695776206907,0.12514248205339085,0.06713588376207116,0.1978376024441424,0.1978376024441424,-7.036911597461744,0.12876065650107096,0.06907694594307147,0.19761394225638437,0.19761394225638437,-7.041824178890426,0.12861508946905537,0.06899885278732905
165.0,-140.0,0.1948510345375843,-0.1092641274015701,0.22849454638061736,-0.11336755968637133,0.3390686309762678,0.1916080467415353,0.1916080467415353,-7.175862563114172,0.10843404758361708,0.08317399915791818,0.19714790281051067,0.19714790281051067,-7.052078384369009,0.11156914042969142,0.0855787623808192,0.19692502234484613,0.19692502234484613,-7.0569909657976915,0.11144300882180583,0.08548201352304026
165.0,-135.0,0.21320172006725727,-0.11914457287032185,0.2095696507262778,-0.10489407331662087,0.3384857571694491,0.19094984773886547,0.19094984773886547,-7.19080683591773,0.09153485205928698,0.09941499567957851,0.19647067366896334,0.19647067366896334,-7.0670226571725685,0.09418134793629693,0.10228932573266644,0.19624855882719988,0.19624855882719988,-7.071935238601249,0.09407487364777696,0.10217368517942291
165.0,-130.0,0.2298517576758688,-0.1280324310560345,0.18916835941074767,-0.09583023646395236,0.33792341785039903,0.1903159102157261,0.1903159102157261,-7.2052490362015265,0.07494507173348924,0.11537083848223684,0.19581840746550683,0.19581840746550683,-7.081464857456364,0.07711191658965864,0.11870649087584817,0.19559703002643994,0.19559703002643994,-7.086377438885046,0.07702473970553878,0.11857229032090116
165.0,-125.0,0.24470800146121613,-0.1359003773527749,0.16745641582199486,-0.08626746351291854,0.33739390184867113,0.18971993871123372,0.18971993871123372,-7.218870243183808,0.05913815086024306,0.13058178785099073,0.1952052049709165,0.1952052049709165,-7.095086064438645,0.06084797907217106,0.13435722589874546,0.1949845207720799,0.1949845207720799,-7.099998645867327,0.06077918896222307,0.13420533180985686
165.0,-120.0,0.25769218811544203,-0.1427352889794251,0.14460226875014895,-0.07629038622831773,0.33691047133373664,0.18917665265997735,0.18917665265997735,-7.23132463317982,0.04454901572980777,0.14462763693016956,0.19464621119454403,0.19464621119454403,-7.107540454434659,0.045837036454169935,0.14880917474037406,0.1944261589516725,0.1944261589516725,-7.112453035863339,0.04578521657739749,0.14864094237427497
165.0,-115.0,0.2687399258679297,-0.1485350733147263,0.12077573165420948,-0.0659747949346171,0.3364866515679127,0.18870099884772573,0.18870099884772573,-7.242258009855326,0.031565007895800135,0.15713599095192557,0.19415680507019834,0.19415680507019834,-7.118473831110163,0.03247762927852674,0.16167917579167154,0.19393730611277052,0.19393730611277052,-7.123386412538846,0.03244091253422419,0.1614963935785463
165.0,-110.0,0.27779959328031195,-0.15330509848684665,0.09614699950742546,-0.055386519463735316,0.3361353586003057,0.18830719582198532,0.18830719582198532,-7.251330838809982,0.02051937000321106,0.16778782581877424,0.19375161623828102,0.19375161623828102,-7.1275466600648185,0.02111263504806159,0.17263898119021942,0.1935325753566139,0.1935325753566139,-7.132459241493501,0.02108876670422514,0.17244380865238873
165.0,-105.0,0.28483124567039375,-0.15705451805559612,0.07088602373731616,-0.044581308138655476,0.33586795254752255,0.18800770662286082,0.18800770662286082,-7.258243482087439,0.01168692699432265,0.17632077962853818,0.19344346807579052,0.19344346807579052,-7.134459303342276,0.01202482456458756,0.18141864351120296,0.1932247755630635,0.1932247755630635,-7.139371884770958,0.012011230209992447,0.18121354535307108
165.0,-100.0,0.2898056279389827,-0.1597927855452577,0.04516221905718682,-0.03360568632494769,0.33569331908895783,0.18781224944848143,0.18781224944848143,-7.2627608568869135,0.005281489212132299,0.18253076023634918,0.193242359757672,0.193242359757672,-7.138976678141752,0.005434189949719414,0.18780816980795267,0.19302389460275582,0.19302389460275582,-7.143889259570434,0.005428046466734119,0.18759584813602176
165.0,-95.0,0.29270338472916485,-0.16152663620440874,0.019144448245749738,-0.022498701746512383,0.33561708406208046,0.18772695584687593,0.18772695584687593,-7.264733622480149,0.0014544681989013878,0.1862724876479746,0.193154600109966,0.193154600109966,-7.1409494437349865,0.0014965204227815495,0.1916580796871845,0.1929362341694511,0.1929362341694511,-7.145862025163669,0.0014948285702994736,0.19144140559915168
165.0,-90.0,0.2935145412414781,-0.1622577743297636,-0.006998794597614544,-0.01129439733534038,0.3356410549793216,0.18775377300391874,0.18775377300391874,-7.264113268760294,0.0002942372963494253,0.1874595357075693,0.1931821926164407,0.1931821926164407,-7.140329090015132,0.00030274441439389374,0.19287944820204678,0.19296379548193085,0.19296379548193085,-7.145241671443813,0.00030240215452150595,0.19266139332740928
165.0,-85.0,0.29223830131809825,-0.16198144799936423,-0.033099101488073095,-2.479880036584931e-05,0.3357629601185286,0.1878901824567766,0.1878901824567766,-7.260959118432653,0.0018258755411901244,0.18606430691558642,0.1933225459993586,0.1933225459993586,-7.1371749396874895,0.0018786660574031527,0.19144387994195539,0.19310399019195948,0.19310399019195948,-7.1420875211161725,0.001876542180051515,0.1912274480119079
165.0,-80.0,0.2888831759633308,-0.16068602373140542,-0.058987878417978,0.011276832707365536,0.3359765234855474,0.18812927506710125,0.18812927506710125,-7.255436180018476,0.006011086311192204,0.18211818875590904,0.1935685513603264,0.1935685513603264,-7.131652001273315,0.006184881480802761,0.18738366987952365,0.19334971743792523,0.19334971743792523,-7.136564582701997,0.006177889322910794,0.18717182811501443
165.0,-75.0,0.2834674190987034,-0.15835359710403515,-0.08449619261875128,0.022572749959548728,0.3362718766326861,0.18846018507221776,0.18846018507221776,-7.24780386730515,0.012748259008902417,0.17571192606331537,0.19390902878096283,0.19390902878096283,-7.124019688559987,0.013116842276882824,0.18079218650408002,0.19368980994061435,0.19368980994061435,-7.128932269988669,0.01310201336988943,0.18058779657072493
165.0,-70.0,0.2760197126881533,-0.1549615979611892,-0.10945483550529266,0.03381773555393544,0.3366362709046999,0.1888688485687327,0.1888688485687327,-7.238396673314646,0.02187281845202336,0.16699603011670938,0.19432950773611762,0.19432950773611762,-7.114612494569483,0.0225052149933361,0.17182429274278155,0.1941098135341549,0.1941098135341549,-7.1195250759981645,0.022479772304237776,0.17163004122991715
165.0,-65.0,0.26658001501686746,-0.15048527658307262,-0.13369467422977893,0.044956627116170565,0.3370550208997728,0.1893390178671763,0.1893390178671763,-7.227598799701579,0.033158159222256026,0.15618085864492023,0.19481327077598137,0.19481327077598137,-7.103814620956417,0.03411684249640501,0.16069642827957634,0.1945930296682182,0.1945930296682182,-7.108727202385098,0.034078272581969195,0.16051475708624896
165.0,-60.0,0.25520046758921394,-0.1449008953997221,-0.15704733367131318,0.055922556315933875,0.33751258563729475,0.18985343633098659,0.18985343633098659,-7.215815377600049,0.04631757099695014,0.1435358653340364,0.1953425623325307,0.1953425623325307,-7.092031198854886,0.047656724968566884,0.1476858373639638,0.19512172284787932,0.19512172284787932,-7.096943780283568,0.047602847889979594,0.14751887495789967
165.0,-55.0,0.24194624999601583,-0.1381894033907139,-0.17934621591398267,0.06663605533331768,0.33799368060611124,0.1903950613476147,0.1903950613476147,-7.203443209583515,0.061007611104367095,0.12938745024324758,0.19589984704971158,0.19589984704971158,-7.079659030838354,0.06277148997259707,0.1331283570771145,0.19567837754122783,0.19567837754122783,-7.084571612267036,0.06270052528711931,0.1329778522541085
165.0,-50.0,0.22689627846374255,-0.13034033949703627,-0.2004278302988439,0.0770051253919282,0.338484312451593,0.19094821772602102,0.19094821772602102,-7.190843908930024,0.07683336403376316,0.11411485369225785,0.19646899652847105,0.19646899652847105,-7.067059730184861,0.0790548040269196,0.11741419250155147,0.1962468835827554,0.1962468835827554,-7.071972311613543,0.07896543066162709,0.11728145292112832
165.0,-45.0,0.2101436610648928,-0.12135569777327333,-0.22013337809015973,0.08692629932012982,0.3389726380265413,0.19149957066138698,0.19149957066138698,-7.178321953747293,0.09335594339001052,0.0981436272713765,0.1970362904222523,0.1970362904222523,-7.05453777500213,0.09605509146003756,0.10098119896221473,0.19681353613708838,0.19681353613708838,-7.059450356430812,0.09594649885920915,0.10086703727787924
165.0,-40.0,0.19179584771207825,-0.11125348988006636,-0.23831051477985432,0.09628666780580238,0.3394495692468512,0.19203882584235715,0.19203882584235715,-7.166109580441761,0.11010244583909402,0.08193638000326317,0.197591136786045,0.197591136786045,-7.042325401696599,0.11328577614887746,0.08430536063716758,0.19736775523366615,0.19736775523366615,-7.04723798312528,0.11315770384285098,0.08421005139081517
165.0,-35.0,0.171974442215841,-0.10007075824510389,-0.25481520177451605,0.10496678026677783,0.3399090723210562,0.19255909255915832,0.19255909255915832,-7.154359693547484,0.1265783712865118,0.06598072127264645,0.1981264456828463,0.1981264456828463,-7.030575514802322,0.130238060794847,0.06788838488799923,0.19790245895083072,0.19790245895083072,-7.0354880962310045,0.13009082352159484,0.06781163542923582
165.0,-30.0,0.15081467285347647,-0.08786582384422559,-0.2695135578786371,0.11284427844136222,0.34034814176821765,0.19305688109657426,0.19305688109657426,-7.143147142729646,0.14228229638691609,0.0507745847096582,0.19863862650125963,0.19863862650125963,-7.0193629639844835,0.14639602468043633,0.052242601820823326,0.1984140607364586,0.1984140607364586,-7.024275545413166,0.14623052043876267,0.05218354029769598
165.0,-25.0,0.1284645435445261,-0.07471959415104175,-0.28228362848727256,0.1197980756735928,0.34076646335171573,0.19353174480947777,0.19353174480947777,-7.132477879328062,0.15672235084178673,0.036809393967691034,0.19912721968255764,0.19912721968255764,-7.008693700582898,0.1612535763368523,0.03787364334570535,0.1989021015513646,0.1989021015513646,-7.0136062820115805,0.16107127527418988,0.037830826277174746
165.0,-20.0,0.10508370725089809,-0.060735807645511924,-0.29301700462242214,0.12571285891089934,0.3411658126972768,0.19398561613027585,0.19398561613027585,-7.1223047144525164,0.16943382144840793,0.02455179468186782,0.19959421353048243,0.19959421353048243,-6.998520535707353,0.17433256656899673,0.025261646961485567,0.19936856745146542,0.19936856745146542,-7.003433117136035,0.17413547939199167,0.02523308805947361
165.0,-15.0,0.08084211516483596,-0.04604014971801479,-0.30162024221058636,0.13048366516318471,0.34154926490328263,0.19442192018897977,0.19442192018897977,-7.112547719177796,0.17999702174254958,0.01442489844643016,0.20004313220390962,0.20004313220390962,-6.988763540432633,0.185201174753112,0.014841957450797572,0.19981697861148998,0.19981697861148998,-6.9936761218613155,0.18499180035205504,0.014825178259434902
165.0,-10.0,0.05591849936233554,-0.030778238997823247,-0.30801605146786226,0.1340202712911817,0.3419203118353125,0.19484457571423952,0.19484457571423952,-7.10311680044062,0.18805443807249325,0.006790137641746258,0.20047800773149452,0.20047800773149452,-6.979332621695459,0.1934915506456356,0.006986457085858893,0.2002513625017878,0.2002513625017878,-6.984245203124139,0.19327280377440212,0.00697855872738567
165.0,-5.0,0.03049874371832611,-0.015112550625917024,-0.31214424430416227,0.1362511372992238,0.3422819951770258,0.1952570069590799,0.1952570069590799,-7.093933721545755,0.19332611485778686,0.0019308921012930714,0.20090236336977046,0.20090236336977046,-6.970149542800593,0.19891564446731852,0.001986718902451972,0.20067523839576556,0.20067523839576556,-6.975062124229275,0.1986907655270163,0.0019844728687493022
165.0,0.0,0.004774189717124284,0.0007815895462843994,-0.3139624421557495,0.1371266603854619,0.34263616248514417,0.1956612901348356,0.1956612901348356,-7.084950871868035,0.19562228477097668,3.9005363858890565e-05,0.20131833535840682,0.20131833535840682,-6.961166693122872,0.20127820225432316,4.013310408364087e-05,0.20109074011802217,0.20109074011802217,-6.9660792745515545,0.201050652385382,4.008773264017529e-05
165.0,5.0,-0.021060087340431074,0.016720742700893014,-0.3134465562215477,0.13662153072583788,0.34298293948865005,0.19605754236237355,0.19605754236237355,-7.076164456700637,0.19485238656265896,0.0012051557997145588,0.20172604420452056,0.20172604420452056,-6.952380277955474,0.20048604441059673,0.001239999793923818,0.20149798803943836,0.20149798803943836,-6.957292859384156,0.20025939009523017,0.0012385979442081797
165.0,10.0,-0.04680700776065254,0.032518575787791056,-0.31059105623581823,0.13473602997267145,0.34332048545528115,0.19644363152142094,0.19644363152142094,-7.067620459559495,0.19102983615424846,0.005413795367172468,0.20212329614304037,0.20212329614304037,-6.943836280814333,0.1965529747445709,0.005570321398469458,0.20189479087504722,0.20189479087504722,-6.948748862243014,0.1963307668594537,0.005564024015593491
165.0,15.0,-0.07226920801589264,0.04799127103890351,-0.3054090431607478,0.13149617770544036,0.3436450624098622,0.19681524474226375,0.19681524474226375,-7.0594126540149595,0.1842722060396028,0.012543038702660972,0.20250565360866726,0.20250565360866726,-6.935628475269797,0.18959996505772486,0.012905688550942457,0.20227671607632447,0.20227671607632447,-6.940541056698479,0.18938561771798848,0.012891098358336047
165.0,20.0,-0.09725074344883063,0.0629628160725058,-0.29793213695806,0.12695270570214356,0.3439514079439445,0.19716630665146928,0.19716630665146928,-7.051672987536323,0.17479679480835245,0.02236951184311684,0.20286686557410152,0.20286686557410152,-6.9278888087911605,0.1798505965720264,0.023016269002075148,0.20263751968290777,0.20263751968290777,-6.932801390219843,0.17964727112883086,0.022990248554076914
165.0,25.0,-0.12155876465377946,0.07726986707278286,-0.28821018504375023,0.12117891932685837,0.3442333610703303,0.1974896921113919,0.1974896921113919,-7.04455567257618,0.1629118973635806,0.0345777947478114,0.20319960089658595,0.20319960089658595,-6.920771493831018,0.16762207774830806,0.03557752314827801,0.20296987884007386,0.20296987884007386,-6.9256840752597,0.16743257694098726,0.035537301899086736
165.0,30.0,-0.14500515476741707,0.09076590417570804,-0.2763107926203085,0.11426758277924765,0.34448465693355884,0.1977781386306121,0.1977781386306121,-7.038217147448883,0.14900438057957247,0.04877375805103963,0.2034963871083569,0.2034963871083569,-6.914432968703721,0.15331246072597232,0.05018392638238464,0.2032663295278644,0.2032663295278644,-6.9193455501324035,0.15313913728630266,0.0501271922415618
165.0,35.0,-0.16740810720291904,0.10332444760532399,-0.2623186751077563,0.10632703325342838,0.34469978407445173,0.19802523660644414,0.19802523660644414,-7.032794591298591,0.13352439647078926,0.06450084013565492,0.20375062928947849,0.20375062928947849,-6.909010412553429,0.13738491251238732,0.06636571677709117,0.20352028428205973,0.20352028428205973,-6.913922993982111,0.13722959555065697,0.06629068873140279
165.0,40.0,-0.18859361476830194,0.11484117149350465,-0.24633483690335867,0.09747678159298484,0.344874790356306,0.19822636500526195,0.19822636500526195,-7.028385828739313,0.11696820237166777,0.08125816263359414,0.20395757280096916,0.20395757280096916,-6.9046016499941505,0.12035003845217386,0.08360753434879528,0.20372699383891257,0.20372699383891257,-6.909514231422832,0.12021397982699666,0.08351301401191587
165.0,45.0,-0.20839683476068804,0.12523483366435692,-0.22847559000438972,0.08784288868120299,0.3450079312435076,0.1983794473948109,0.1983794473948109,-7.025033238420129,0.09986009458615758,0.09851935280865333,0.20411508117585234,0.20411508117585234,-6.901249059674966,0.10274729353447637,0.10136778764137601,0.20388432414677377,0.20388432414677377,-6.9061616411036475,0.10263113523757203,0.10125318890920179
165.0,50.0,-0.2266632936233735,0.13444702646489265,-0.20887143944248004,0.07755341465711138,0.34510007525527814,0.19848542709848138,0.19848542709848138,-7.0227137385323815,0.08273440141870611,0.11575102567977527,0.20422412501129888,0.20422412501129888,-6.898929559787218,0.08512645479854523,0.11909767021275365,0.2039932447055307,0.2039932447055307,-6.9038421412159,0.08503021728541223,0.11896302742011847
165.0,55.0,-0.2432499013772198,0.1424408379485229,-0.18766587736710275,0.06673422177051637,0.3451548126837947,0.1985483969109476,0.1985483969109476,-7.021336150999224,0.06611833878397129,0.1324300581269763,0.20428891543466163,0.20428891543466163,-6.89755197225406,0.06802998125730146,0.13625893417736012,0.20405796188175498,0.20405796188175498,-6.9024645536827425,0.0679530717204227,0.1361048901613323
165.0,60.0,-0.25802576105629993,0.14919858683144738,-0.16501414031697995,0.05550537351072729,0.34517825058120477,0.19857536286818006,0.19857536286818006,-7.020746351665644,0.05051633153618846,0.14805903133199164,0.20431666104350246,0.20431666104350246,-6.8969621729204835,0.0519768819180867,0.15233977912541583,0.20408567612351494,0.20408567612351494,-6.901874754349164,0.05191812079772709,0.1521675553257879
165.0,65.0,-0.27087278058585595,0.1547188524770984,-0.14108199078420686,0.04397831694930311,0.34517851477093964,0.1985756668363035,0.1985756668363035,-7.0207397037323,0.036396176681263555,0.16217949015503993,0.20431697380008593,0.20431697380008593,-6.896955524987137,0.037448478939462446,0.16686849486062347,0.20408598852651955,0.20408598852651955,-6.901868106415819,0.03740614252956172,0.1666798459969578
165.0,70.0,-0.2816861207292029,0.1590130585331542,-0.11604458130314992,0.0322539679102313,0.34516501371273567,0.19856013325532929,0.19856013325532929,-7.02107944386669,0.02417720256663958,0.1743829306886897,0.20430099110539077,0.20430099110539077,-6.897295265121528,0.02487622447436936,0.17942476663102144,0.2040700239006467,0.2040700239006467,-6.90220784655021,0.02484810130178785,0.1792219225988589
165.0,75.0,-0.2903745381254845,0.16210188383424168,-0.09008544523086555,0.020421746223107128,0.34514754568943806,0.19854003640234247,0.19854003640234247,-7.021519028285441,0.01422039024922877,0.1843196461531137,0.20428031320335682,0.20428031320335682,-6.897734849540279,0.014631536422706832,0.18964877678064995,0.20404936937548043,0.20404936937548043,-6.902647430968961,0.014614995117398532,0.18943437425808188
165.0,80.0,-0.2968607015749024,0.16401176714135177,-0.0633956335788425,0.008559537476281383,0.34513534727559125,0.19852600280562838,0.19852600280562838,-7.02182601568879,0.006820292717866781,0.1917057100877616,0.20426587386112605,0.20426587386112605,-6.8980418369436265,0.007017484018794918,0.1972483898423311,0.2040349463572748,0.2040349463572748,-6.90295441837231,0.007009550583624646,0.19702539577365016
165.0,85.0,-0.30108156758015303,0.16477174558567315,-0.03617298457692499,-0.0032655058026971146,0.345136185905248,0.1985269675865306,0.1985269675865306,-7.021804910241744,0.002198528773570299,0.1963284388129604,0.20426686653619774,0.20426686653619774,-6.898020731496581,0.002262093603838151,0.2020047729323597,0.20403593791010338,0.20403593791010338,-6.902933312925263,0.002259536252384685,0.20177640165771873
165.0,90.0,-0.3029888943062491,0.1644108242949038,-0.008621477064249407,-0.01499546216507156,0.3451555924080712,0.1985492939761155,0.1985492939761155,-7.021316529104597,0.0004986445062429525,0.19805064946987255,0.20428983843617196,0.20428983843617196,-6.897532350359436,0.0005130615353873367,0.2037767769007846,0.20405888383978982,0.20405888383978982,-6.902444931788118,0.0005124815069300642,0.20354640233285975
165.0,95.0,-0.302549950678291,0.16295602165645195,0.019049413462617425,-0.026579613711363078,0.34519631178193283,0.19859614403450856,0.19859614403450856,-7.020291880702075,0.00178221804308251,0.19681392599142608,0.20433804304404626,0.20433804304404626,-6.896507701956914,0.001833746314520537,0.20250429672952575,0.2041070339511907,0.2041070339511907,-6.901420283385596,0.0018316732200231343,0.20227536073116759
165.0,100.0,-0.29974844135399353,0.1604311765379496,0.0466254599504699,-0.03797208876614345,0.34525802458502824,0.19866715881564234,0.19866715881564234,-7.018739191204344,0.006026213095973334,0.19264094571966903,0.20441111103574683,0.20441111103574683,-6.894955012459182,0.006200445617834483,0.19821066541791238,0.20418001933776186,0.20418001933776186,-6.899867593887864,0.006193435864309696,0.19798658347345224
165.0,105.0,-0.29458562362114754,0.15685654588661813,0.07388864175811106,-0.04912937544096085,0.3453373604807602,0.19875847167016508,0.19875847167016508,-7.016743513698823,0.013121735717256068,0.185636735952909,0.20450506396765622,0.20450506396765622,-6.892959334953661,0.013501117107990603,0.19100394685966562,0.2042738660536126,0.2042738660536126,-6.897871916382343,0.013485853769019595,0.190788012284593
165.0,110.0,-0.287081545719571,0.152249167994845,0.10061841762742002,-0.060007898240961276,0.34542819350047865,0.1988630430752002,0.1988630430752002,-7.014459191370453,0.02287448412644898,0.1759885589487513,0.20461265878711818,0.20461265878711818,-6.890675012625293,0.02353584126602426,0.18107681752109403,0.20438133923453256,0.20438133923453256,-6.895587594053973,0.02350923342903287,0.18087210580549976
165.0,115.0,-0.2772762952786509,0.14662392152870585,0.1265933889313465,-0.07056183106870134,0.34552217933556856,0.19897127310505988,0.19897127310505988,-7.012096212412019,0.03500727213520095,0.16396400096985894,0.20472401801117387,0.20472401801117387,-6.888312033666856,0.03601941777466915,0.16870460023650471,0.20449257256429584,0.20449257256429584,-6.893224615095538,0.03597869695293006,0.1685138756113658
165.0,120.0,-0.265231118422778,0.1399951746809178,0.15159338762526448,-0.08074129451986867,0.34560947169628653,0.19907182159187112,0.19907182159187112,-7.009902095518826,0.049165028070558225,0.14990679352131286,0.204827473600032,0.204827473600032,-6.886117916773664,0.05058650897269083,0.15424096462734113,0.20459591119411213,0.20459591119411213,-6.891030498202345,0.050529319702526436,0.15406659149158566
165.0,125.0,-0.2510292595349528,0.13237889238417647,0.17540197428163548,-0.09049105655600663,0.34567953973303944,0.19915254846311867,0.19915254846311867,-7.008141317533314,0.06492261031297916,0.13422993815013945,0.20491053448206467,0.20491053448206467,-6.884357138788152,0.0667996813591719,0.13811085312289273,0.20467887817381156,0.20467887817381156,-6.8892697202168325,0.0667241627060423,0.13795471546776922
165.0,130.0,-0.23477638062904868,0.12379505098681665,0.19780928154757638,-0.09974982580425516,0.3457220027196014,0.19920147893437126,0.19920147893437126,-7.007074415616562,0.08179563899275863,0.11740583994161259,0.20496087965260956,0.20496087965260956,-6.8832902368713995,0.08416055046070443,0.12080032919190511,0.2047291664279252,0.2047291664279252,-6.888202818300082,0.084065404925754,0.1206637615021712
165.0,135.0,-0.21660044641949633,0.11427019717005586,0.21861509457854816,-0.10845019680775055,0.3457274014532778,0.19920770037310612,0.19920770037310612,-7.006938779358535,0.09925433626646679,0.0999533641066394,0.20496728096831582,0.20496728096831582,-6.883154600613372,0.10212402126398476,0.1028432597043311,0.20473556050678945,0.20473556050678945,-6.888067182042052,0.10200856759143553,0.10272699291535393
165.0,140.0,-0.1966510022169014,0.10383997950595053,0.23763202841331407,-0.11651927607420494,0.345687836987926,0.1991621089901228,0.1991621089901228,-7.00793283491561,0.11674012074965101,0.08242198824047177,0.2049203714272279,0.2049203714272279,-6.8841486561704475,0.12011536243404773,0.08480500899318014,0.2046887039980707,0.2046887039980707,-6.889061237599129,0.11997956911577698,0.08470913488229369
165.0,145.0,-0.1750978204597128,0.09255147635027654,0.254688646488921,-0.12387998535185098,0.34559742465112636,0.1990579435843322,0.1990579435843322,-7.010204868263975,0.13368444621744405,0.06537349736688816,0.20481319434543901,0.20481319434543901,-6.886420689518814,0.13754958968766753,0.06726360465777154,0.20458164808256132,0.20458164808256132,-6.891333270947495,0.1373940865544132,0.06718756152814816
165.0,150.0,-0.15212894107643704,0.08046514371507574,0.26963236538352064,-0.13045300270478877,0.34545253283647215,0.19889106837849901,0.19889106837849901,-7.013847193442789,0.14952914119057564,0.04936192718792336,0.2046414943703046,0.2046414943703046,-6.890063014697626,0.15385239344642004,0.050789100923884514,0.20441014221839574,0.20441014221839574,-6.894975596126307,0.15367845959976942,0.05073168261862627
165.0,155.0,-0.12794817467784902,0.06765621381569314,0.28233200661849267,-0.13615926204146123,0.3452517998101792,0.19865999520409733,0.19865999520409733,-7.01889579348704,0.1637473199296516,0.03491267527444569,0.20440374030671607,0.20440374030671607,-6.895111614741878,0.1684816544188205,0.03592208588789556,0.20417265694151834,0.20417265694151834,-6.900024196170559,0.16829118183931305,0.03588147510220523
165.0,160.0,-0.102772171233269,0.05421539239452761,0.2926798832028864,-0.1409228888483943,0.34499594575230164,0.1983656643271945,0.1983656643271945,-7.025334989344591,0.17586381452956917,0.02250184979762535,0.20410089960612662,0.20410089960612662,-6.90155081059943,0.18094846643643295,0.023152433169693745,0.20387015860965516,0.20387015860965516,-6.90646339202811,0.18074389982483982,0.023126258784815362
165.0,165.0,-0.0768271780817334,0.04024873368671615,0.30059334187007003,-0.14467440716282276,0.344687419439581,0.19801103023937328,0.19801103023937328,-7.033106166138873,0.18547403250737124,0.012536997732001964,0.20373601218167842,0.20373601218167842,-6.909321987393712,0.19083653926059396,0.012899472921084437,0.2035056836992531,0.2035056836992531,-6.914234568822392,0.19062079394385537,0.012884889755397703
165.0,170.0,-0.05034561980789888,0.02587661754625173,0.3060157170266481,-0.14735401531321124,0.3443299372197198,0.19760052082030083,0.19760052082030083,-7.042119150667884,0.1922601786847961,0.005340342135504704,0.2033136339338418,0.2033136339338418,-6.918334971922721,0.19781888947916051,0.005494744454681247,0.20308378296022697,0.20308378296022697,-6.923247553351402,0.19759525044686135,0.005488532513365575
165.0,175.0,-0.023562630372384128,0.01123181288627969,0.3089166855727621,-0.14891470172805932,0.3439279840123447,0.19713945255108403,0.19713945255108403,-7.0522645379948,0.1960038940191843,0.0011355585318997142,0.2028392350561622,0.2028392350561622,-6.9284803592496385,0.20167084475685182,0.0011683902993103346,0.2026099204019363,0.2026099204019363,-6.933392940678321,0.2014428509960784,0.0011670694058578768
165.0,180.0,0.003287342367056823,-0.0035433185937561555,0.3092920405184776,-0.14932496299863102,0.3434863499895173,0.1966334885416803,0.1966334885416803,-7.063425157495212,0.19659455324813543,3.893529354493127e-05,0.20231864239292138,0.20231864239292138,-6.939640978750051,0.20227858138505547,4.0061007865964886e-05,0.2020899162812747,0.2020899162812747,-6.944553560178733,0.20204990056334576,4.001571792901466e-05
170.0,-180.0,0.0018258512873058018,-0.003151560221249783,0.32261057902838763,-0.1594241402160589,0.3598706826756143,0.21583976209309402,0.21583976209309402,-6.658685463680262,0.2158176525060566,2.21095870373594e-05,0.22208021616739787,0.22208021616739787,-6.534901284935102,0.22205746733826176,2.2748829136083345e-05,0.2218291491193155,0.2218291491193155,-6.539813866363783,0.22180642600828018,2.2723111035312847e-05
170.0,-175.0,0.02997837719812118,-0.017551837930933043,0.32079225421957014,-0.15859039091754104,0.3595349114798706,0.21543717878330162,0.21543717878330162,-6.666793467802944,0.21342594264255874,0.002011236140742838,0.22166599319199673,0.22166599319199673,-6.543009289057782,0.21959660730791103,0.0020693858840856445,0.2214153944329924,0.2214153944329924,-6.547921870486464,0.2193483480396287,0.0020670463933636562
170.0,-170.0,0.05780023482510119,-0.031801662824369664,0.3164557126900444,-0.1565699628782041,0.3591804341470703,0.21501257495531567,0.21501257495531567,-6.675361397402028,0.20775905766789224,0.0072535172874234055,0.22122911303150083,0.22122911303150083,-6.551577218656867,0.21376587886396978,0.007463234167531028,0.22097900817606952,0.22097900817606952,-6.556489800085549,0.2135242113750177,0.007454796801051804
170.0,-165.0,0.08507128999491133,-0.04577956522278991,0.309654336816769,-0.15338353857120202,0.3588108292505153,0.21457029689726023,0.21457029689726023,-6.684303978707403,0.19901584172382303,0.01555445517343723,0.22077404763582695,0.22077404763582695,-6.5605197999622415,0.20476987521743287,0.016004172418394105,0.22052445724281625,0.22052445724281625,-6.565432381390922,0.20453837792787566,0.015986079314940626
170.0,-160.0,0.11157990219043587,-0.059368146879449864,0.30046159755259716,-0.1490645889351772,0.3584300136916541,0.21411508016768224,0.21411508016768224,-6.693527441816325,0.18749128833888667,0.026623791828795595,0.22030566948007227,0.22030566948007227,-6.569743263071162,0.19291211887939774,0.027393550600674554,0.22005660859987894,0.22005660859987894,-6.574655844499845,0.19269402706977046,0.02736258153010853
170.0,-155.0,0.13712472042918009,-0.07245613997668304,0.28896956823017494,-0.14365847509956634,0.35804224611652735,0.21365204989153702,0.21365204989153702,-6.7029293597427255,0.17356452569545505,0.040087524196082004,0.21982925186905755,0.21982925186905755,-6.579145180997563,0.17858269955289127,0.04124655231616628,0.21958072959048,0.21958072959048,-6.584057762426244,0.17838080749789828,0.04119992209258171
170.0,-150.0,0.16151619763482347,-0.08494019681999329,0.2752872798099422,-0.13722115269226512,0.3576521358884662,0.213186728023122,0.213186728023122,-6.712398358825014,0.15768417038938115,0.05550255763374086,0.21935047641025002,0.21935047641025002,-6.588614180079851,0.16224320443397586,0.05710727197627416,0.21910249539889207,0.21910249539889207,-6.593526761508533,0.162059784572848,0.05704271082604404
170.0,-145.0,0.18457781421328537,-0.09672631379000406,0.25953897443607044,-0.12981755728405345,0.3572646451997205,0.21272503290707448,0.21272503290707448,-6.721814004888556,0.14035182248908645,0.07237321041798789,0.2188754325620686,0.2188754325620686,-6.598029826143394,0.14440973607273017,0.0744656964893383,0.2186279885992543,0.2186279885992543,-6.602942407572076,0.14424647737830054,0.07438151122095363
170.0,-140.0,0.20614701287425818,-0.10773081855103905,0.24186231325335994,-0.12151977276333988,0.3568850710346072,0.21227325558002974,0.21227325558002974,-6.7310471937931995,0.12210451290282708,0.0901687426772027,0.218410593250365,0.218410593250365,-6.607263015048037,0.1256348522510825,0.09277574099928254,0.21816367479961946,0.21816367479961946,-6.612175596476718,0.12549281901626627,0.09267085578335324
170.0,-135.0,0.2260758575209739,-0.1178808807760943,0.22240659136721513,-0.11240509986482526,0.3565189949576267,0.21183799889798222,0.21183799889798222,-6.739961347312779,0.1034968923056522,0.10834110659232994,0.21796275223580847,0.21796275223580847,-6.616177168567615,0.10648923994819653,0.11147351228761183,0.21771634008014618,0.21771634008014618,-6.6210897499962975,0.10636885129049559,0.1113474887896505
170.0,-130.0,0.24423143896307276,-0.12711454115068238,0.2013310077048391,-0.10255414838172289,0.35617219201345307,0.21142606959944976,0.21142606959944976,-6.748414636457014,0.0850838755238829,0.12634219407556677,0.21753891305633272,0.21753891305633272,-6.624630457711852,0.0875438579317655,0.12999505512456713,0.2172929800610994,0.2172929800610994,-6.629543039140534,0.08744488748600503,0.1298480925750943
170.0,-125.0,0.2604960589604362,-0.13538028833287857,0.17880303048083548,-0.09204907327584136,0.35585049501593247,0.21104431932550047,0.21104431932550047,-6.756263332456146,0.06740433801497925,0.14363998131052128,0.21714612545066414,0.21714612545066414,-6.6324791537109835,0.06935316186333908,0.1477929635873251,0.21690063651130573,0.21690063651130573,-6.637391735139665,0.06927475643882759,0.14762588007247815
170.0,-120.0,0.2747672313026098,-0.14263624606234085,0.15499689015264773,-0.08097206229173219,0.35555961654443635,0.2106994376408379,0.2106994376408379,-6.763366235271958,0.05096631732768221,0.15973312031315576,0.2167912723951414,0.2167912723951414,-6.6395820565267964,0.052439877896576,0.16435139449856545,0.21654618462573266,0.21654618462573266,-6.644494637955479,0.05238059334808038,0.16416559127765237
170.0,-115.0,0.28695754384567607,-0.14884906017453353,0.13009222142821558,-0.06940416186651024,0.3553049372655911,0.21039770729612983,0.21039770729612983,-6.769589969995939,0.036234019293531775,0.17416368800259813,0.21648081829008112,0.21648081829008112,-6.645805791250777,0.03728163318606006,0.1791991851040211,0.2162360814965363,0.2162360814965363,-6.650718372679458,0.037239485399313224,0.1789965960972231
170.0,-110.0,0.29699442822775024,-0.15399259579142346,0.10427286445204087,-0.057424500823273085,0.3550912749037137,0.2101447383682472,0.2101447383682472,-6.774814794450923,0.023616782869716905,0.18652795549853035,0.21622053541336272,0.21622053541336272,-6.65103061570576,0.024299601676835998,0.19192093373652677,0.21597609287589642,0.21597609287589642,-6.655943197134442,0.024272130390253756,0.1917039624856427
170.0,-105.0,0.30481988397341503,-0.158046566931034,0.07772582330544069,-0.045109939727054495,0.3549226524962011,0.20994520263945213,0.20994520263945213,-6.778940447746371,0.013460033344953293,0.19648516929449875,0.21601523061987046,0.21601523061987046,-6.655156269001209,0.013849195745399006,0.2021660348744714,0.21577102018443176,0.21577102018443176,-6.66006885042989,0.013833538895121573,0.2019374812893101
170.0,-100.0,0.3103902006142504,-0.16099522340145161,0.05064036814083591,-0.03253514033154897,0.3548020868558567,0.2098025919697832,0.2098025919697832,-6.781891506933638,0.0060381614827738714,0.2037644304870094,0.2158684967278354,0.2158684967278354,-6.658107328188475,0.006212739461646128,0.20965575726618932,0.21562445217860554,0.21562445217860554,-6.663019909617157,0.006205715809633989,0.20941873636897163
170.0,-95.0,0.3136757152552127,-0.16282621304463046,0.023207256489713026,-0.019773016800676856,0.3547314180369478,0.20971902411395446,0.20971902411395446,-6.783621718571825,0.00154921174727333,0.20816981236668117,0.21578251272142654,0.21578251272142654,-6.659837539826662,0.0015940032382686803,0.2141885094831579,0.21553856537919264,0.21553856537919264,-6.664750121255344,0.0015922011791092807,0.2139463642000834
170.0,-90.0,0.3146606339571058,-0.1635297218094605,-0.004381959547572803,-0.006895500790991787,0.3547111979878876,0.20969511640302935,0.20969511640302935,-6.784116837164067,0.00011124654685735833,0.2095838698561721,0.21575791378025452,0.21575791378025452,-6.660332658418904,0.00011446295591867304,0.21564345082433595,0.21551399424771775,0.21551399424771775,-6.665245239847586,0.00011433355278248543,0.21539966069493535
170.0,-85.0,0.31334293396507396,-0.1630979710472516,-0.03193557955487451,0.006025471821110674,0.3547406517129712,0.2097299422487993,0.2097299422487993,-6.7833956273856675,0.0017602711165616957,0.20796967113223758,0.21579374652618508,0.21579374652618508,-6.659611448640506,0.0018111648488133509,0.21398258167737175,0.21554978648386358,0.21554978648386358,-6.664524030069188,0.0018091172832083204,0.21374066920065526
170.0,-80.0,0.30973435108279535,-0.16152512265466676,-0.059262396398507396,0.01891686208598649,0.3548177176908722,0.2098210781177474,0.2098210781177474,-6.781508857782507,0.00644964688228577,0.20337143123546164,0.2158875173554351,0.2158875173554351,-6.6577246790373446,0.006636121907897695,0.20925139544753746,0.2156434513029264,0.2156434513029264,-6.662637260466026,0.00662861961180449,0.20901483169112195
170.0,-75.0,0.3038604434925777,-0.15880761043549935,-0.08617237385011181,0.03170343568545774,0.3549391667609602,0.20996474025587294,0.20996474025587294,-6.778536309709118,0.014050978720379453,0.19591376153549345,0.21603533311644507,0.21603533311644507,-6.6547521309639555,0.01445722679327035,0.20157810632317466,0.21579109995464846,0.21579109995464846,-6.659664712392637,0.014440882549208068,0.20135021740544032
170.0,-70.0,0.2957607112732763,-0.15494488270245876,-0.11247739593728041,0.044306796407542696,0.3551007910625999,0.21015600193712017,0.21015600193712017,-6.774582022754842,0.024356520856985746,0.18579948108013433,0.21623212463948982,0.21623212463948982,-6.650797844009681,0.025060727293945616,0.19117139734554411,0.2159876690001235,0.2159876690001235,-6.655710425438361,0.025032395536470447,0.19095527346365296
170.0,-65.0,0.2854887409315032,-0.1499405090779623,-0.13799211545719317,0.05664465663929988,0.355297647776268,0.21038907428292147,0.21038907428292147,-6.769768172837058,0.0370831947770848,0.17330587950583662,0.21647193567540018,0.21647193567540018,-6.645983994091895,0.03815536040444984,0.1783165752709503,0.21622720892386582,0.21622720892386582,-6.650896575520577,0.03811222484798027,0.1781149840758855
170.0,-60.0,0.27311233737831936,-0.14380357587262457,-0.1625349183619372,0.06863044041826541,0.3555243371429434,0.21065762759868242,0.21065762759868242,-6.764228110966178,0.051878339524863086,0.15877928807381939,0.21674825352266944,0.21674825352266944,-6.6404439322210145,0.053378268880402396,0.16336998464226707,0.21650321438713507,0.21650321438713507,-6.645356513649697,0.053317923458235446,0.16318529092889966
170.0,-55.0,0.25871360254596015,-0.13655027116933768,-0.1859290086392432,0.08017329238110077,0.3557752911087642,0.21095512636087554,0.21095512636087554,-6.758099164864646,0.06832731204508967,0.1426278143157859,0.21705435369984105,0.21705435369984105,-6.634314986119485,0.07030282132430257,0.14675153237553853,0.2168089685106634,0.2168089685106634,-6.639227567548167,0.07022334228683419,0.14658562622382926
170.0,-50.0,0.2423889204149496,-0.1282055442137215,-0.20800360609070828,0.09117853886952168,0.35604504827926015,0.21127514988916907,0.21127514988916907,-6.751515815121683,0.08596301828436424,0.1253121316048048,0.21738362988905138,0.21738362988905138,-6.627731636376522,0.0884484188541663,0.1289352110348851,0.21713787244518912,0.21713787244518912,-6.632644217805204,0.088348425780436,0.12878944666475314
170.0,-45.0,0.22424881234464386,-0.11880471479673518,-0.22859523823258465,0.10154861733592867,0.35632849271615635,0.21161167248964677,0.21161167248964677,-6.744603803134588,0.1042773843617102,0.10733428812793658,0.2177298821788731,0.2177298821788731,-6.620819624389425,0.10729229793364564,0.11043758424522748,0.2174837332884345,0.2174837332884345,-6.625732205818107,0.1071710013994966,0.11031273188893789
170.0,-40.0,0.20441763362474066,-0.10839490739461759,-0.2475490984038809,0.11118445895183926,0.3566210382448208,0.2119592812960416,0.2119592812960416,-6.737475617454248,0.1227346752038864,0.08922460609215525,0.2180875412038704,0.2180875412038704,-6.613691438709084,0.12628323408157877,0.09180430712229164,0.2178409879712658,0.2178409879712658,-6.6186040201377665,0.12614046783544336,0.09170052013582244
170.0,-35.0,0.18303309117592648,-0.09703619181903253,-0.2647204357524712,0.11998727884274482,0.3569187459033497,0.21231331671929773,0.21231331671929773,-6.730227651541533,0.14078644351404068,0.07152687320525702,0.21845181265490043,0.21845181265490043,-6.606443472796371,0.14485692305179615,0.07359488960310426,0.21820484760462253,0.21820484760462253,-6.611356054225053,0.14469315880168618,0.0735116888029363
170.0,-30.0,0.16024557227725456,-0.08480232653027048,-0.27997593940800436,0.127860700415325,0.35721836931700957,0.21266992865164952,0.21266992865164952,-6.722939146291576,0.15788775590432527,0.05478217274732428,0.21881873510818967,0.21881873510818967,-6.599154967546415,0.16245267610281436,0.05636605900537533,0.21857135524321633,0.21857135524321633,-6.604067548975097,0.16226901942890573,0.05630233581431067
170.0,-25.0,0.1362172840523786,-0.07178102173190336,-0.2931950787973066,0.13471311639511827,0.3575173303706071,0.21302605049144563,0.21302605049144563,-6.715672843880196,0.17351420876217147,0.03951184172927422,0.2191851532991518,0.2191851532991518,-6.591888665135032,0.17853092783431573,0.04065422546483612,0.21893735918956386,0.21893735918956386,-6.5968012465637145,0.17832909430850097,0.04060826488106292
170.0,-20.0,0.11112121231586954,-0.05807366574765447,-0.304271364346932,0.1404601708329867,0.3578136347763933,0.21337930169678113,0.21337930169678113,-6.7084771047314025,0.1871791281492697,0.02620017354751135,0.21954861785860802,0.21954861785860802,-6.584692925986239,0.19259093337716812,0.026957684481439807,0.21930041284355714,0.21930041284355714,-6.589605507414921,0.19237320467550845,0.02692720816804866
170.0,-15.0,0.08513991561346497,-0.043794488563347354,-0.3131134971428663,0.14502723460252742,0.3581057432221457,0.21372783698025757,0.21372783698025757,-6.701389094709817,0.19845025947415482,0.015277577506102782,0.21990723014739952,0.21990723014739952,-6.577604915964654,0.2041879406051598,0.01571928954223972,0.21965861971249495,0.21965861971249495,-6.582517497393336,0.20395710120673669,0.015701518505758252
170.0,-10.0,0.05846417552834534,-0.029069169139438453,-0.3196463817423402,0.14835174264763468,0.3583924180590688,0.21407016557120775,0.21407016557120775,-6.694438550345703,0.20696520559985077,0.007104959971357056,0.22025945629304222,0.22025945629304222,-6.570654371600541,0.21294907459599832,0.007310381697043992,0.22001044765797298,0.22001044765797298,-6.575566953029223,0.21270833052399873,0.007302117133974362
170.0,-5.0,0.03129152751236713,-0.01403292629417585,-0.32381198250336424,0.15038526495333757,0.35867256745154014,0.21440496655035537,0.21440496655035537,-6.687651587160627,0.21244487487094801,0.0019600916794073955,0.22060393718526122,0.22060393718526122,-6.563867408415465,0.21858717447365783,0.0020167627116034524,0.22035453910622338,0.22035453910622338,-6.568779989844147,0.21834005639357454,0.002014482712648916
170.0,0.0,0.00382469784553884,0.0011718353978587086,-0.3255700098482135,0.15109519498800325,0.35894510830047244,0.2147309257553156,0.2147309257553156,-6.681054035485147,0.2147042571972538,2.6668558061838632e-05,0.2209393206660311,0.2209393206660311,-6.557269856739984,0.2209118810548964,2.7439611134724386e-05,0.22068954342786806,0.22068954342786806,-6.562182438168664,0.22066213483787644,2.7408589991612158e-05
170.0,5.0,-0.023730027766646383,0.016398225233723904,-0.32489842831307386,0.1504659587919594,0.3592088660989745,0.21504661617005733,0.21504661617005733,-6.674673868240669,0.21365995549082373,0.0013866606792335195,0.22126413846080598,0.22126413846080598,-6.5508896894955075,0.21983738603850572,0.001426752422300154,0.2210139940082809,0.2210139940082809,-6.55580227092419,0.21958885456405314,0.0014251394442276666
170.0,10.0,-0.051164479474609025,0.03149778970278877,-0.3217937827847608,0.1484996740115353,0.3594625245231092,0.21535043743299667,0.21535043743299667,-6.6685424173493715,0.2093340546467434,0.006016382786253269,0.22157674393764448,0.22157674393764448,-6.544758238604209,0.2153864128477656,0.006190331089878864,0.2213262460770778,0.2213262460770778,-6.54967082003289,0.21514291330600552,0.006183332771072218
170.0,15.0,-0.07827029941855611,0.046323522689598697,-0.3162713429475066,0.1452162194878635,0.3597046306313151,0.2156406218649876,0.2156406218649876,-6.662694244220361,0.20185409912056704,0.01378652274442067,0.22187531830948415,0.22187531830948415,-6.538910065475198,0.20769019355959153,0.014185124749892654,0.22162448290337886,0.22162448290337886,-6.54382264690388,0.2074553947796167,0.014169088123762252
170.0,20.0,-0.10484063717818033,0.06073281950225716,-0.30836506882229,0.14065271049252562,0.35993365389650694,0.21591530524316213,0.21591530524316213,-6.657165714357696,0.1914491573624074,0.02446614788075473,0.22215794345422588,0.22215794345422588,-6.533381535612533,0.19698441955181334,0.025173523902412523,0.2219067885335685,0.2219067885335685,-6.5382941170412145,0.19676172390792127,0.025145064625647202
170.0,25.0,-0.1306718243047894,0.074590234882924,-0.29812740267706495,0.13486240996262244,0.36014808989488034,0.2161726515930492,0.2161726515930492,-6.65199250315656,0.17844215914421777,0.03773049244883141,0.22242273031489784,0.22242273031489784,-6.528208324411397,0.18360135728389523,0.038821373031002575,0.22217127604629924,0.22217127604629924,-6.533120905840079,0.1833937915151262,0.03877748453117308
170.0,30.0,-0.15556500881905158,0.08776991782730947,-0.2856288948563545,0.127913139538922,0.3603465932790962,0.2164110136989865,0.2164110136989865,-6.647206406681536,0.16323888231242503,0.05317213138656155,0.2226679840508144,0.2226679840508144,-6.523422227936373,0.16795851662972017,0.0547094674210943,0.22241625251694397,0.22241625251694397,-6.528334809365055,0.16776863547011822,0.05464761704682585
170.0,35.0,-0.17932773169594682,0.10015761737575972,-0.27095767349236466,0.11988528330810176,0.36052812047309335,0.21662910583428494,0.21662910583428494,-6.642831928907201,0.14631412293557763,0.07031498289870725,0.22289238176179127,0.22289238176179127,-6.51904775016204,0.1505444211704678,0.07234796059132344,0.22264039654088894,0.22264039654088894,-6.523960331590722,0.15037422706636963,0.07226616947451926
170.0,40.0,-0.20177542887524835,0.11165218199016262,-0.2542187707210584,0.11086949964482672,0.3606920608765531,0.2168261630709846,0.2168261630709846,-6.638883153448556,0.12819569538958603,0.0886304676813986,0.22309513640393516,0.22309513640393516,-6.515098974703394,0.13190214568328637,0.09119299072064883,0.2228429219640129,0.2228429219640129,-6.520011556132076,0.1317530271218767,0.09108989484213627
170.0,45.0,-0.22273284463121137,0.12216650851404293,-0.2355333208110221,0.10096427072192143,0.3608383364537371,0.21700206271915706,0.21700206271915706,-6.635361379335444,0.10944697015299601,0.10755509256616101,0.22327612174005254,0.22327612174005254,-6.511577200590281,0.11261134906162776,0.11066477267842474,0.22302370269183663,0.22302370269183663,-6.516489782018963,0.11248403921171224,0.11053966348012437
170.0,50.0,-0.24203534552392275,0.13162793241102075,-0.21503764815648418,0.09027342409825478,0.3609674532375186,0.21715738779663862,0.21715738779663862,-6.632253911475454,0.09064866643803163,0.12650872135860697,0.22343593764444758,0.22343593764444758,-6.508469732730293,0.0932695405268357,0.13016639711761185,0.2231833379204919,0.2231833379204919,-6.513382314158974,0.0931640970586142,0.13001924086187766
170.0,55.0,-0.25953012873902326,0.13997808619574154,-0.19288226483661097,0.07890375610755423,0.36108049401026543,0.21729341935505359,0.21729341935505359,-6.6295342591630435,0.07238057947308717,0.14491283988196646,0.22357590220707232,0.22357590220707232,-6.50575008041788,0.07447327860179767,0.14910262360527468,0.22332314424979813,0.22332314424979813,-6.510662661846562,0.07438908476165175,0.1489340594881464
170.0,60.0,-0.27507732419712566,0.14717228501583637,-0.16923079777213934,0.06696287318174275,0.3611790484836877,0.21741205307495848,0.21741205307495848,-6.627163827941489,0.05520384827959319,0.1622082047953653,0.2236979659172327,0.2236979659172327,-6.503379649196327,0.05679992620598126,0.16689803971125147,0.22344506996398608,0.22344506996398608,-6.508292230625008,0.0567357125175675,0.1667093574464186
170.0,65.0,-0.2885509958326819,0.1531785248729106,-0.14425886386324716,0.054557346111869874,0.3612650848008406,0.21751564468872805,0.21751564468872805,-6.625095012029618,0.0396442723799995,0.17787137230872854,0.22380455261727344,0.22380455261727344,-6.501310833284456,0.040790485008745235,0.1830140676085282,0.22355153616518814,0.22355153616518814,-6.506223414713138,0.040744370380266695,0.18280716578492143
170.0,70.0,-0.29984005305987327,0.15797619820770034,-0.11815290755326874,0.04179124551771835,0.3613407732104415,0.21760679735485577,0.21760679735485577,-6.6232754276246775,0.026177079567075663,0.19142971778778015,0.2238983407293505,0.2238983407293505,-6.499491248879515,0.026933922797690774,0.19696441793165975,0.22364521824753933,0.22364521824753933,-6.504403830308196,0.026903473347457,0.19674174490008234
170.0,75.0,-0.30884908764047353,0.16155464244194886,-0.09110900909084771,0.028765096766287877,0.3614082784890088,0.21768811106596048,0.21768811106596048,-6.62165289100578,0.015213445467490474,0.20247466559846997,0.22398200541821223,0.22398200541821223,-6.497868712260618,0.015653303289937723,0.20832870212827448,0.2237287883514496,0.2237287883514496,-6.502781293689299,0.015635606852508196,0.20809318149894138
170.0,80.0,-0.3154991529347494,0.16391163924398913,-0.06333166386908219,0.015575261677505803,0.36146954146503846,0.2177619187380456,0.2177619187380456,-6.620180654798559,0.007088980364626674,0.21067293837341902,0.22405794705015494,0.22405794705015494,-6.4963964760533965,0.007293940080899963,0.2167640069692551,0.22380464412954326,0.22380464412954326,-6.501309057482078,0.007285694105474485,0.21651895002406887
170.0,85.0,-0.31972850106260936,0.1650519761696082,-0.03503252455414678,0.0023137249032982566,0.3615260714371799,0.21783003533637318,0.21783003533637318,-6.618822380719154,0.0020543367676285605,0.21577569856874468,0.22412803306551415,0.22412803306551415,-6.4950382019739905,0.002113732655240828,0.22201430041027337,0.22387465091096936,0.22387465091096936,-6.499950783402673,0.002111343029422981,0.22176330788154644
170.0,90.0,-0.3214932884594951,0.1649861689540777,-0.00642908955947038,-0.01093176312453187,0.36157877026758384,0.2178935451391685,0.2178935451391685,-6.617556350679376,0.00026805474749726265,0.21762549039167123,0.22419337909164375,0.22419337909164375,-6.493772171934211,0.0002758048641807415,0.22391757422746295,0.22393992306183813,0.22393992306183813,-6.498684753362895,0.00027549306012051656,0.22366443000171762
170.0,95.0,-0.32076825186890706,0.1637294235961406,0.02225668480320491,-0.02407725575855355,0.3616278056530652,0.2179526482688072,0.2179526482688072,-6.616378496490864,0.001791748226854984,0.21616090004195213,0.22425419103694536,0.22425419103694536,-6.4925943177457,0.0018435520391552464,0.22241063899779004,0.22400066625776688,0.22400066625776688,-6.4975068991743825,0.0018414678590493153,0.2221591983987175
170.0,100.0,-0.3175473457604814,0.16130089426393843,0.050799874137816864,-0.037041976247493835,0.36167254596749654,0.2180065814734561,0.2180065814734561,-6.6153039513640755,0.006587736826784905,0.21141884464667113,0.2243096835821135,0.2243096835821135,-6.491519772618913,0.006778204369569816,0.21753147921254362,0.22405609606727248,0.22405609606727248,-6.496432354047594,0.006770541445822101,0.2172855546214503
170.0,105.0,-0.31184431981953437,0.1577232678359261,0.07897420213688333,-0.04974757291779362,0.36171156276088245,0.21805362057910554,0.21805362057910554,-6.614366978716707,0.014519233963948639,0.20353438661515696,0.22435808270306154,0.22435808270306154,-6.490582799971546,0.014939020438263853,0.20941906226479778,0.22410444047184533,0.22410444047184533,-6.495495381400227,0.014922131514849578,0.20918230895699583
170.0,110.0,-0.30369320319583126,0.153022680342233,0.10655380162060801,-0.06211735803292398,0.36174270023769656,0.21809116392851854,0.21809116392851854,-6.613619297208104,0.02535320071621646,0.19273796321230222,0.224396711522295,0.224396711522295,-6.489835118462942,0.026086223599358437,0.1983104879229367,0.2241430256202657,0.2241430256202657,-6.494747699891624,0.0260567324935421,0.19808629312672374
170.0,115.0,-0.2931486524013647,0.14722894623546723,0.13331512867447187,-0.07407562109905054,0.3617632045814545,0.21811588836900536,0.21811588836900536,-6.61312697650735,0.03876595533371319,0.1793499330352922,0.22442215080667283,0.22442215080667283,-6.489342797762188,0.039886773673951215,0.18453537713272167,0.2241684361449181,0.2241684361449181,-6.49425537919087,0.039841680712963186,0.18432675543195495
170.0,120.0,-0.28028611369993356,0.140376059521102,0.15903902437065415,-0.08554709837056185,0.3617699005335797,0.21812396275050167,0.21812396275050167,-6.612966209015795,0.054351581713293434,0.16377238103720823,0.2244304586382361,0.2244304586382361,-6.489182030270633,0.05592301853410169,0.1685074401041344,0.22417673458427714,0.22417673458427714,-6.494094611699314,0.05585979621099016,0.16831693837328696
170.0,125.0,-0.2652017496796351,0.13250290721145017,0.1835129028042223,-0.09645666700065483,0.3617593987129197,0.21811129909060772,0.21811129909060772,-6.613218355419136,0.07163310256317636,0.14647819652743133,0.224417428841041,0.224417428841041,-6.4894341766739725,0.07370419031091302,0.1507132385301279,0.22416371951758246,0.22416371951758246,-6.494346758102655,0.07362086594365505,0.15054285357392735
170.0,130.0,-0.24801208395297375,0.12365412094178928,0.2065330282097232,-0.10672931557899784,0.36172831511788395,0.21807381897508857,0.21807381897508857,-6.613964708594287,0.09007627546028515,0.12799754351480347,0.2243788650839475,0.2243788650839475,-6.490180529849125,0.09268060032954537,0.13169826475440216,0.22412519935774775,0.22412519935774775,-6.495093111277807,0.09257582267244104,0.13154937668530672
170.0,135.0,-0.22885332738499956,0.11388098230829552,0.22790682960494651,-0.11629042354625044,0.3616734842034076,0.21800771256217807,0.21800771256217807,-6.615281418818826,0.1091057388828742,0.10890197367930389,0.22431084737336976,0.22431084737336976,-6.491497240073664,0.1122602519630355,0.11205059541033428,0.2240572585428346,0.2240572585428346,-6.496409821502346,0.11213333903686969,0.11192391950596493
170.0,140.0,-0.20788036303456298,0.10324229185481021,0.24745519037941663,-0.1250663609592937,0.36159214877003226,0.21790966966580758,0.21790966966580758,-6.617234976595478,0.12812309135156033,0.08978657831424726,0.2242099698176845,0.2242099698176845,-6.493450797850317,0.13182744248540007,0.09238252733228446,0.22395649503166246,0.22395649503166246,-6.498363379278999,0.13167840837775985,0.09227808665390264
170.0,145.0,-0.18526538371645745,0.09180511091518759,0.26501464370748434,-0.13298539807586035,0.36148211335356,0.21777706649386291,0.21777706649386291,-6.619878565342027,0.14652634377341564,0.07125072272044733,0.2240735327645467,0.2240735327645467,-6.496094386596864,0.15076277783045133,0.07331075493409542,0.2238202122239084,0.2238202122239084,-6.501006968025548,0.15059233686887527,0.07322787535503322
170.0,150.0,-0.16119619407073477,0.07964528996249215,0.28043940323988686,-0.13997889208170533,0.3613418524251861,0.21760809720714125,0.21760809720714125,-6.623249485558727,0.16373005786477304,0.05387803934236825,0.2238996781635366,0.2238996781635366,-6.499465306813565,0.16846389326553457,0.05543578489800211,0.22364655416972376,0.22364655416972376,-6.504377888242247,0.1682734407654399,0.05537311340428391
170.0,155.0,-0.13587420654006352,0.0668477069167263,0.29360316221663857,-0.1459826970075471,0.36117056996954144,0.21740184589633266,0.21740184589633266,-6.627367727649585,0.17918538636997067,0.03821645952636207,0.2236874636241719,0.2236874636241719,-6.503583548904421,0.18436607302188565,0.039321390602286316,0.22343457954402124,0.22343457954402124,-6.5084961303331035,0.1841576427235053,0.039276936820516
170.0,160.0,-0.10951217618093778,0.05350615403923958,0.3044006024000568,-0.15093872369688016,0.360968212318919,0.21715830112168155,0.21715830112168155,-6.6322356458665235,0.1923991756709879,0.024759125450693583,0.22343687737594561,0.22343687737594561,-6.508451467121361,0.1979619052073134,0.02547497216863215,0.22318427658960077,0.22318427658960077,-6.513364048550042,0.1977381044922794,0.025446172097321258
170.0,165.0,-0.08233173160862385,0.03972283229841764,0.31274856609150065,-0.15479656099847866,0.36073544090472753,0.21687832108444421,0.21687832108444421,-6.637838574092367,0.20295128680028393,0.01392703428416024,0.22314880243280605,0.22314880243280605,-6.514054395347205,0.2088191036117748,0.014329698821031217,0.22289652732214202,0.22289652732214202,-6.5189669767758875,0.20858302857172037,0.014313498750421623
170.0,170.0,-0.05456076789028382,0.02560743667650697,0.31858685878089205,-0.15751505866024346,0.36047357531244184,0.21656356212289105,0.21656356212289105,-6.6441461373185895,0.21050934107832306,0.006054221044568088,0.22282494302180375,0.22282494302180375,-6.520361958573426,0.21659567967725388,0.006229263344549942,0.22257303404202572,0.22257303404202572,-6.525274540002109,0.2163508130301367,0.006222221011889094
170.0,175.0,-0.02643077160377648,0.011275843509156615,0.32187866544600796,-0.15906376808345465,0.3601845192684219,0.21621638600552834,0.21621638600552834,-6.651113960343391,0.2148402012031722,0.0013761848023560864,0.2224677291959341,0.2224677291959341,-6.527329781598228,0.22105175553366826,0.001415973662265754,0.2222162240550137,0.2222162240550137,-6.53224236302691,0.22080185118517182,0.0014143728698418152
170.0,180.0,0.001825851287305724,-0.003151560221249744,0.32261057902838763,-0.1594241402160589,0.3598706826756143,0.21583976209309402,0.21583976209309402,-6.658685463680262,0.2158176525060566,2.210958703735852e-05,0.22208021616739787,0.22208021616739787,-6.534901284935102,0.22205746733826176,2.2748829136082437e-05,0.2218291491193155,0.2218291491193155,-6.539813866363783,0.22180642600828018,2.2723111035311942e-05
175.0,-180.0,0.0002875314895196534,-0.0026831300132809954,0.33114964331825225,-0.16489737341434899,0.3699439307378654,0.22809214617197468,0.22809214617197468,-6.4188966839671995,0.2280800100228486,1.2136149126045463e-05,0.23468684656031968,0.23468684656031968,-6.295112505222036,0.2346743595255156,1.2487034804038958e-05,0.23442152741210143,0.23442152741210143,-6.300025086650718,0.23440905449419178,1.2472917909604793e-05
175.0,-175.0,0.029271518854580958,-0.016974325242798103,0.3296646690059168,-0.16404384521226267,0.36977577892056135,0.22788484236674,0.22788484236674,-6.422845607143452,0.22597663809979987,0.0019082042669401288,0.23447354909634735,0.23447354909634735,-6.299061428398289,0.2325101739888876,0.0019633751074597475,0.23420847108606369,0.23420847108606369,-6.303974009826971,0.2322473156215826,0.001961155464481119
175.0,-170.0,0.05798520751546633,-0.031129521540346605,0.3256359601925622,-0.16197348198787817,0.36960183825266885,0.22767050102216813,0.22767050102216813,-6.426932367244557,0.2204517854186639,0.007218715603504317,0.23425301062060716,0.23425301062060716,-6.303148188499396,0.22682558433857794,0.007427426282029342,0.23398818193439683,0.23398818193439683,-6.308060769928076,0.22656915253716742,0.007419029397229515
175.0,-165.0,0.08620671444346488,-0.04504030055198625,0.3191031194084864,-0.15870376731204863,0.36942375785026865,0.22745116289701223,0.22745116289701223,-6.431118383967239,0.21168449053061256,0.015766672366399705,0.2340273308951664,0.2340273308951664,-6.307334205222077,0.21780480556704657,0.016222525328119873,0.23376275734533625,0.23376275734533625,-6.312246786650759,0.21755857197390804,0.01620418537142827
175.0,-160.0,0.11371967258257178,-0.05860063364114516,0.31012531006223004,-0.15426185799700712,0.36924331675646366,0.22722902497221417,0.22722902497221417,-6.435361950553638,0.19995267058602814,0.02727635438618604,0.23379877042104558,0.23379877042104558,-6.311577771808475,0.20573379008748652,0.028064980333559048,0.23353445526435165,0.23353445526435165,-6.316490353237157,0.20550120306888814,0.028033252195463557
175.0,-155.0,0.14031494668553274,-0.07170789286668093,0.29878044680106103,-0.14868420971910962,0.36906240092046916,0.22700641155656287,0.22700641155656287,-6.439618764442666,0.18562354289488667,0.04138286866167622,0.23356972070847087,0.23356972070847087,-6.315834585697505,0.1909903723581507,0.04257934835032021,0.2333056644980091,0.2333056644980091,-6.320747167126186,0.19077445312937993,0.042531211368629196
175.0,-150.0,0.16579221885863277,-0.0842637814024357,0.28516423614192776,-0.14201607161751473,0.3688829771924783,0.22678574190401557,0.22678574190401557,-6.443842531612194,0.16914135880294956,0.05764438310106602,0.2333426709579335,0.2333426709579335,-6.320058352867032,0.17403164811498048,0.05931102284295299,0.23307887143269843,0.23307887143269843,-6.324970934295713,0.1738349011335555,0.05924397029914287
175.0,-145.0,0.18996143201390103,-0.09617515985587066,0.2693890908264122,-0.13431087062382163,0.3687070642801466,0.22656949431144244,0.22656949431144244,-6.44798564658252,0.1510129293122082,0.07555656499923417,0.23312017111991196,0.23312017111991196,-6.324201467837359,0.15537908150242638,0.07774108961748552,0.2328566231361176,0.2328566231361176,-6.329114049266039,0.1552034216980557,0.07765320143806184
175.0,-140.0,0.21264408403232732,-0.1073547509484544,0.25158294182668456,-0.12562951128556285,0.36853670068145244,0.22636016674148754,0.22636016674148754,-6.451999948264725,0.131791479652163,0.09456868708932452,0.2329047913792443,0.2329047913792443,-6.328215769519563,0.13560189284099494,0.09730289853824932,0.23264148688744862,0.23264148688744862,-6.333128350948244,0.1354485916260668,0.0971928952613818
175.0,-135.0,0.233674369889736,-0.11772171217881416,0.23188797145205092,-0.1160396201095606,0.36837390977238743,0.22616023420475792,0.22616023420475792,-6.455837547759593,0.11205940121422193,0.11410083299053601,0.23269907830513212,0.23269907830513212,-6.332053369014431,0.11529931187799355,0.1173997664271386,0.23243600637693515,0.23243600637693515,-6.336965950443113,0.11516896322119417,0.117267043155741
175.0,-130.0,0.2529001730908776,-0.12720207388264476,0.21045928965010993,-0.10561476470942092,0.3682206624757726,0.22597210342545165,0.22597210342545165,-6.459451718091777,0.09241047476735673,0.13356162865809498,0.23250550820604143,0.23250550820604143,-6.3356675393466135,0.09508228703298358,0.1374232211730579,0.23224265511351658,0.23224265511351658,-6.3405801207752965,0.09497479421105522,0.13726786090246143
175.0,-125.0,0.27018391132095243,-0.13572904795694382,0.18746357347533155,-0.09443367718704128,0.36807883824419196,0.22579806567411873,0.22579806567411873,-6.46279782830248,0.07343212128442539,0.15236594438969328,0.23232643859874344,0.23232643859874344,-6.339013649557317,0.07555522305219199,0.15677121554655138,0.23206378794873456,0.23206378794873456,-6.343926230985999,0.07546980604771365,0.15659398190102083
175.0,-120.0,0.2854032441097223,-0.14324321984646268,0.1630776869589926,-0.08257950826528446,0.3679501854185796,0.22564024903609087,0.22564024903609087,-6.46583429621434,0.055688199985176594,0.16995204905091432,0.2321640590967084,0.2321640590967084,-6.342050117469177,0.05729828170097396,0.17486577739573445,0.2319015920206484,0.2319015920206484,-6.346962698897859,0.057233504609636776,0.17466808741101164
175.0,-115.0,0.2984516523999402,-0.149692642649983,0.13748729543522603,-0.07013913393056466,0.3678362823300782,0.2255005717415045,0.2255005717415045,-6.468523526602304,0.039702822161848964,0.18579774957965564,0.23202034339078562,0.23202034339078562,-6.344739347857141,0.04085072760762318,0.19116961578316252,0.23175803878880216,0.23175803878880216,-6.349651929285823,0.04080454487343162,0.19095349391537064
175.0,-110.0,0.3092389011498351,-0.1550328569254052,0.1108854849578386,-0.057202530094304795,0.36773850075064957,0.22538069845881467,0.22538069845881467,-6.470832795576964,0.025945589117966617,0.1994351093408481,0.23189700427905613,0.23189700427905613,-6.347048616831802,0.026695739394965133,0.20520126488409107,0.2316348391149174,0.2316348391149174,-6.351961198260484,0.02666555921682077,0.2049692798980967
175.0,-105.0,0.3176913964574667,-0.15922686260351074,0.08347139399325218,-0.04386222350899575,0.36765797342636597,0.22528200160010145,0.22528200160010145,-6.472735038731323,0.014818597997805424,0.21046340360229598,0.23179545385338146,0.23179545385338146,-6.348950859986161,0.015247039816653384,0.21654841403672803,0.23153340349445165,0.23153340349445165,-6.353863441414842,0.01522980266989252,0.21630360082455907
175.0,-100.0,0.32375244820299276,-0.1622450701505818,0.05544886130920005,-0.030212819422998236,0.36759556741556654,0.22520552966769405,0.22520552966769405,-6.474209500787601,0.0066454945681242925,0.21856003509956978,0.231716770930851,0.231716770930851,-6.350425322042438,0.006837632028114305,0.22487913890273667,0.23145480952486544,0.23145480952486544,-6.35533790347112,0.006829901919963302,0.22462490760490214
175.0,-95.0,0.32738244794531934,-0.1640652566967048,0.02702509109742418,-0.016350598808516085,0.36755186478624546,0.22515198446962728,0.22515198446962728,-6.475242208511238,0.00166279020987089,0.22348919425975647,0.23166167761048184,0.23166167761048184,-6.351458029766075,0.001710865531300432,0.22995081207918144,0.23139977848882556,0.23139977848882556,-6.356370611194757,0.0017089313564962894,0.22969084713232935
175.0,-90.0,0.3285589699134132,-0.164672549375881,-0.00159066595331253,-0.002373171020899398,0.36752715190497776,0.22512170864879513,0.22512170864879513,-6.475826236498805,1.3603277634876376e-05,0.22510810537116024,0.23163052644180998,0.23163052644180998,-6.352042057753643,1.3996581577195573e-05,0.23161652986023282,0.23136866253730226,0.23136866253730226,-6.356954639182325,1.3980758103675617e-05,0.2313546817791986
175.0,-85.0,0.32727680057282654,-0.16405945286226042,-0.03018841854379135,0.011620838034726988,0.36752141809349614,0.22511468443106233,0.22511468443106233,-6.47596174660186,0.0017439330658576442,0.2233707513652047,0.2316232991368066,0.2316232991368066,-6.352177567856698,0.0017943544252059308,0.2298289447116007,0.23136144340294174,0.23136144340294174,-6.35709014928538,0.0017923258641907957,0.22956911753875098
175.0,-80.0,0.3235478996284656,-0.16222593141939368,-0.05855873136465436,0.02553208630934555,0.36753436387530775,0.22513054384371683,0.22513054384371683,-6.475655795312546,0.006801527179424029,0.21832901666429272,0.23163961708377082,0.23163961708377082,-6.351871616567383,0.006998175922856291,0.22464144116091442,0.23137774290207277,0.23137774290207277,-6.356784197996066,0.006990264315954809,0.22438747858611788
175.0,-75.0,0.3174012926650062,-0.15917954819157087,-0.08649401619854381,0.039260830883913696,0.3675654184328809,0.2251685899449046,0.2251685899449046,-6.474921918180513,0.015037358533204384,0.21013123141170018,0.23167876319055933,0.23167876319055933,-6.35113773943535,0.015472125252808297,0.21620663793775097,0.23141684475324215,0.23141684475324215,-6.356050320864032,0.015454633641525573,0.2159622111117165
175.0,-70.0,0.30888289314501854,-0.15493565650694888,-0.11378982056804367,0.05270728450736232,0.36761376530255746,0.22522782790295365,0.22522782790295365,-6.473779514847413,0.02620968436532636,0.1990181435376273,0.2317397138624896,0.2317397138624896,-6.349995336102251,0.026967470280199978,0.20477224358228965,0.23147772651896567,0.23147772651896567,-6.354907917530933,0.026936982903726987,0.20454074361523875
175.0,-65.0,0.29805524938133265,-0.149517630204297,-0.14024611554199162,0.06577203775489103,0.3676783748070122,0.2253070041389698,0.2253070041389698,-6.472253071149472,0.03999061431576931,0.18531638982320056,0.23182117927664345,0.23182117927664345,-6.348468892404311,0.041146840534797106,0.19067433874184642,0.2315590998345013,0.2315590998345013,-6.353381473832992,0.04110032303778963,0.19045877679671175
175.0,-60.0,0.2849972105386741,-0.142957112996019,-0.16566858233503,0.07835656710492557,0.3677580413156852,0.2254046512578646,0.2254046512578646,-6.470371264674513,0.05597506591376845,0.1694295853440961,0.23192164961196068,0.23192164961196068,-6.34658708592935,0.057593441623385574,0.17432820798857504,0.2316594565856779,0.2316594565856779,-6.3514996673580315,0.05752833084662738,0.17413112573905049
175.0,-55.0,0.26980350481599463,-0.1352942611435298,-0.1898698949896835,0.09036384341800743,0.36785142317250275,0.22551913619018077,0.22551913619018077,-6.468166006188786,0.07369193258594026,0.15182720360424048,0.232039444582962,0.232039444582962,-6.344381827443623,0.07582254613225667,0.15621689845070533,0.23177711838661946,0.23177711838661946,-6.349294408872305,0.07573682691257991,0.15604029147403956
175.0,-50.0,0.2525842227744582,-0.1265779496648759,-0.2126709939162857,0.10169904810718029,0.3679570830615826,0.22564870887948676,0.22564870887948676,-6.465671470900731,0.0926172314206776,0.1330314774588091,0.23217276353481503,0.23217276353481503,-6.341887292155569,0.09529502152554542,0.13687774200926958,0.2319102866181775,0.2319102866181775,-6.346799873584251,0.09518728820213523,0.13672299841604224
175.0,-45.0,0.23346419930680387,-0.1168659102244429,-0.2339023425861988,0.11227039618737766,0.3680735267007624,0.22579154898555065,0.22579154898555065,-6.462923170506717,0.1121889364759284,0.11360261250962225,0.23231973349681106,0.23231973349681106,-6.339138991761554,0.11543259232012387,0.11688714117668718,0.23205709042708184,0.23205709042708184,-6.344051573190237,0.11530209298656564,0.11675499744051619
175.0,-40.0,0.21258228893617392,-0.1062247689462828,-0.25340515741594694,0.12199005691138044,0.36819923804548643,0.2259458084169048,0.2259458084169048,-6.459957109749293,0.1318231406832984,0.09412266773360636,0.23247845294464942,0.23247845294464942,-6.336172931004132,0.13563446926977918,0.09684398367487022,0.23221563043875104,0.23221563043875104,-6.341085512432814,0.1354811312264115,0.09673449921233952
175.0,-35.0,0.19009053088383498,-0.09472995468179345,-0.2710325990023909,0.1307751543986463,0.36833270961956865,0.22610964802102,0.22610964802102,-6.456809060628919,0.1509311287493065,0.07517851927171344,0.23264702955141475,0.23264702955141475,-6.333024881883756,0.15529491588569452,0.07735211366572017,0.23238401646559095,0.23238401646559095,-6.3379374633124375,0.15511935123258633,0.07726466523300456
175.0,-30.0,0.16615320251866747,-0.08246545264398616,-0.2866509114894494,0.13854882308858532,0.3684724671178989,0.2262812673915857,0.2262812673915857,-6.453513974602185,0.1689368890615448,0.057344378330040954,0.2328236108566578,0.2328236108566578,-6.329729795857022,0.1738212666545373,0.059002344202120534,0.2325603981414036,0.2325603981414036,-6.334642377285704,0.1736247575144345,0.05893564062696912
175.0,-25.0,0.14094576224078878,-0.0695233845551843,-0.3001404960358146,0.14524128650721824,0.36861708799313914,0.2264589274337271,0.2264589274337271,-6.450105539442288,0.1852945490731145,0.041164378360612625,0.2330064074840283,0.2330064074840283,-6.326321360697126,0.1906518665223938,0.04235454096163456,0.23274298811277191,0.23274298811277191,-6.331233942125807,0.19043632998264592,0.042306658130126025
175.0,-20.0,0.1146536853973055,-0.05600340418385906,-0.31139690413375315,0.15079092315787587,0.3687652142844486,0.22664096598791963,0.22664096598791963,-6.446615874360439,0.19950519052326499,0.027135775464654652,0.23319370921691498,0.23319370921691498,-6.3228316956152755,0.2052733722844583,0.027920336932456685,0.23293007809652586,0.23293007809652586,-6.327744277043958,0.20504130577930624,0.027888772317219576
175.0,-15.0,0.08747119933012402,-0.04201190591217354,-0.32033173688098565,0.15514528066485084,0.36891556041510093,0.22682580738344502,0.22682580738344502,-6.4430753458249885,0.21113249218602806,0.015693315197416922,0.23338389482811503,0.23338389482811503,-6.319291167079827,0.2172368476036918,0.016147047224423214,0.23312004869829905,0.23312004869829905,-6.324203748508509,0.21699125610074824,0.016128792597550793
175.0,-10.0,0.05959992598511704,-0.027661053249824437,-0.3268734371747552,0.15826199882419095,0.3690669170307573,0.22701196721468786,0.22701196721468786,-6.439512478363514,0.21981666165570005,0.007195305558987855,0.23357543699422562,0.23357543699422562,-6.315728299618351,0.22617209759820972,0.007403339396015901,0.2333113743213647,0.2333113743213647,-6.320640881047033,0.22591640457934228,0.00739496974202246
175.0,-5.0,0.031247442567912752,-0.01306764342322578,-0.33096796309795046,0.16010960402196853,0.3692181521390158,0.22719805386792416,0.22719805386792416,-6.43595393022821,0.2252861556243954,0.0019118982435287206,0.23376690386657492,0.23376690386657492,-6.312169751483046,0.2317997279806517,0.0019671758859231615,0.23350262473579048,0.23350262473579048,-6.3170823329117285,0.2315376727897178,0.001964951946072683
175.0,0.0,0.002625772444218478,0.001648167251717522,-0.3325793324054837,0.1606681414971569,0.36936821082985216,0.227382768354046,0.227382768354046,-6.432424503444505,0.22736675017105576,1.6018182990205296e-05,0.23395695889911103,0.23395695889911103,-6.308640324699342,0.23394047759137335,1.648130773763278e-05,0.2336924649065221,0.2336924649065221,-6.313552906128024,0.23367600223130086,1.646267522117708e-05
175.0,5.0,-0.02605018018806943,0.016364245101999693,-0.3316900298944983,0.15992961794065796,0.369516114711723,0.22756490382976774,0.22756490382976774,-6.428947161274095,0.2259876069801372,0.0015772968496304777,0.2341443603557647,0.2341443603557647,-6.305162982528934,0.23252146000631466,0.001622900349450023,0.2338796545013029,0.2338796545013029,-6.310075563957614,0.2322585888798943,0.001621065621408507
175.0,10.0,-0.054564237395540074,0.030957930071093206,-0.3283012714574822,0.15789823458862867,0.3696609619146287,0.22774334584583775,0.22774334584583775,-6.425543032886707,0.2211840846480168,0.006559261197820959,0.23432796156583777,0.23432796156583777,-6.301758854141545,0.22757905612513304,0.006748905440704763,0.23406304814577358,0.23406304814577358,-6.306671435570227,0.22732177250566987,0.00674127564010376
175.0,15.0,-0.08270058137363898,0.0453075143401361,-0.32243312068501595,0.15459039982913117,0.36980192813076057,0.22791707389559493,0.22791707389559493,-6.422231394054436,0.21309716134727635,0.01481991254831861,0.234506712517332,0.234506712517332,-6.298447215309273,0.21925832014330315,0.015248392374028821,0.2342415970149999,0.2342415970149999,-6.303359796737955,0.21901044331683076,0.015231153698169178
175.0,20.0,-0.11024539990520207,0.059293705540553236,-0.3141244559280099,0.15003451985431987,0.36993826873814006,0.22808516431511056,0.22808516431511056,-6.419029622710097,0.2019694600491312,0.026115704265979277,0.23467966284094097,0.23467966284094097,-6.295245443964936,0.2078088898540294,0.02687077298691149,0.23441435181409098,0.23441435181409098,-6.300158025393618,0.20757395688502692,0.026840394929064003
175.0,25.0,-0.13698852840542122,0.0728010324016576,-0.30343278768242,0.14427057546594382,0.3700693216404587,0.2282467940780213,0.2282467940780213,-6.415953137892948,0.1881379936159744,0.04010880046204682,0.2348459657146016,0.2348459657146016,-6.2921689591477845,0.19357752198371683,0.041268443730884674,0.23458046667833637,0.23458046667833637,-6.297081540576467,0.19335867791980926,0.04122178875852704
175.0,30.0,-0.16272507401206812,0.0857191538761994,-0.29043392796664785,0.137349502182609,0.3701945101124963,0.2284012446026433,0.2284012446026433,-6.413015338649486,0.1720238677134281,0.056377376889215125,0.23500488178068044,0.23500488178068044,-6.289231159904324,0.17699749739008963,0.05800738439059072,0.23473920308596433,0.23473920308596433,-6.294143741333005,0.1767973974444276,0.05794180564153661
175.0,35.0,-0.18725700790407138,0.09794403806787194,-0.2752215149746678,0.12933239874131078,0.3703133447114199,0.22854790440401748,0.22854790440401748,-6.410227564789776,0.15411928853773696,0.07442861586628052,0.23515578187469646,0.23515578187469646,-6.2864433860446125,0.15857525315128815,0.0765805287234083,0.23488993258377955,0.23488993258377955,-6.291355967473295,0.15839597999767416,0.07649395258610536
175.0,40.0,-0.21039471296396042,0.10937898428848448,-0.257906397664189,0.12028959544794754,0.37042542323161015,0.22868626931919642,0.22868626931919642,-6.407599103295038,0.13497231472312257,0.09371395459607385,0.23529814725712153,0.23529814725712153,-6.2838149245498744,0.1388746936136666,0.09642345364345492,0.23503213701870135,0.23503213701870135,-6.288727505978557,0.1387176924184199,0.09631444460028143
175.0,45.0,-0.231958474982164,0.119935469825008,-0.23861588604349931,0.1102996182388275,0.3705304277574946,0.22881593912735063,0.22881593912735063,-6.405137262341306,0.11516986479557949,0.11364607433177117,0.23543156613576566,0.23543156613576566,-6.281353083596144,0.11849970654962391,0.11693185958614175,0.2351654050640808,0.2351654050640808,-6.2862656650248265,0.11836573976935197,0.11679966529472882
175.0,50.0,-0.25177990676505796,0.12953381194461283,-0.21749287372746234,0.09944808653374759,0.3706281180981513,0.22893660966917073,0.22893660966917073,-6.402847529524198,0.09531954108705365,0.13361706858211717,0.23555572555733173,0.23555572555733173,-6.279063350779036,0.09807546155679972,0.13748026400053212,0.2352894241204221,0.2352894241204221,-6.283975932207718,0.09796458487878072,0.13732483924164146
175.0,55.0,-0.2697032956746296,0.13810364471794448,-0.1946948398315672,0.08782658291227055,0.37071832124299237,0.22904806001057715,0.22904806001057715,-6.40073382256242,0.07603085765368112,0.15301720235689598,0.23567039819999708,0.23567039819999708,-6.276949643817257,0.07822909522963382,0.15744130297036316,0.2354039671228953,0.2354039671228953,-6.2818622252459395,0.07814065534807925,0.15726331177481598
175.0,60.0,-0.28558686620780277,0.14558421881266803,-0.1703927374730741,0.07553153040782198,0.3708009169176958,0.22915013474209134,0.22915013474209134,-6.398798830505298,0.057896464460606596,0.17125367028148475,0.2357754241610159,0.2357754241610159,-6.275014651760134,0.05957039248956333,0.17620503167145257,0.2355088743495286,0.2355088743495286,-6.2799272331888165,0.05950304672210339,0.17600582762742523
175.0,65.0,-0.299303950127609,0.15192453996578711,-0.1447697760871027,0.06266310901731012,0.37087581979124956,0.22924272209219643,0.22924272209219643,-6.397044432495294,0.04147394507813479,0.18776877701406167,0.2358706884372841,0.2358706884372841,-6.273260253750132,0.0426730580081642,0.19319763042911994,0.23560403092723164,0.23560403092723164,-6.278172835178814,0.04262481508544171,0.19297921584179
175.0,70.0,-0.3107440573030857,0.15708336793700886,-0.11802010451076476,0.049324237222713896,0.37094295933195914,0.22932572909016022,0.22932572909016022,-6.395472170754399,0.027268733317237115,0.20205699577292305,0.23595609537005888,0.23595609537005888,-6.271687992009237,0.028057138920914815,0.20789895644914402,0.23568934130540614,0.23568934130540614,-6.2766005734379196,0.028025419647725702,0.2076639216576804
175.0,75.0,-0.31981384073556285,0.1610291020461291,-0.09034740143881043,0.035619637367934165,0.37100225867881637,0.2293990554740435,0.2293990554740435,-6.394083745919238,0.015718648871153665,0.21368040660288973,0.23603154179858368,0.23603154179858368,-6.270299567174076,0.016173113356470484,0.21985842844211312,0.23576470243992137,0.23576470243992137,-6.275212148602757,0.01615482926120623,0.21960987317871505
175.0,80.0,-0.3264379492129445,0.1637395817107844,-0.06196337953439939,0.021654996141676076,0.37105361414005333,0.22946256834709147,0.22946256834709147,-6.392881497178495,0.007180496269379598,0.22228207207771186,0.23609689098373438,0.23609689098373438,-6.269097318433333,0.007388101933717047,0.22870878905001735,0.2358299777462399,0.2358299777462399,-6.2740098998620155,0.007379749506042751,0.22845022824019717
175.0,85.0,-0.33055976065073966,0.1652018306761886,-0.03308620932874355,0.007536223718313928,0.37109687702258604,0.2295160797022803,0.2295160797022803,-6.391868827570367,0.001919107980351073,0.22759697172192922,0.23615194948274545,0.23615194948274545,-6.268084648825204,0.0019745940738255716,0.23417735540891987,0.23588497400028807,0.23588497400028807,-6.272997230253886,0.0019723617475345045,0.23391261225275353
175.0,90.0,-0.3321419885092999,0.1654117719543913,-0.003938869204018335,-0.006631192181245622,0.3711318394214574,0.22955932884409988,0.22955932884409988,-6.391050536573061,9.914333152455412e-05,0.22946018551257527,0.23619644906276352,0.23619644906276352,-6.2672663578279,0.00010200980710418162,0.23609443925565932,0.23592942327245617,0.23592942327245617,-6.272178939256582,0.00010189448255349857,0.23582752878990262
175.0,95.0,-0.33116715283303516,0.16437393708135775,0.025252571652628824,-0.020742747465026055,0.37115822536303034,0.2295919714455357,0.2295919714455357,-6.390433027630216,0.0017798813133903565,0.22781209013214535,0.2362300354414402,0.2362300354414402,-6.266648848885053,0.0018313420242724115,0.23439869341716776,0.23596297168092056,0.23596297168092056,-6.271561430313735,0.0018292716478832032,0.23413370003303735
175.0,100.0,-0.3276379065971741,0.16210118847331886,0.054260729325025285,-0.03469541340241232,0.37117568832277925,0.2296135765152981,0.2296135765152981,-6.390024366949719,0.006913167895440444,0.22270040861985765,0.23625226516647607,0.23625226516647607,-6.2662401882045575,0.007113044444326004,0.22913922072215004,0.2359851762747154,0.2359851762747154,-6.271152769633238,0.007105002975786683,0.2288801732989287
175.0,105.0,-0.3215772073613133,0.15861446781296368,0.08285873061549029,-0.048388077862267134,0.37118381566591235,0.22962363196242921,0.22962363196242921,-6.389834180914172,0.015344597359212616,0.2142790346032166,0.23626261134111456,0.23626261134111456,-6.266050002169009,0.01578824710280133,0.22047436423831318,0.23599551075275355,0.23599551075275355,-6.270962583597691,0.015770398108132185,0.22022511264462136
175.0,110.0,-0.3130283239197427,0.15394257696086835,0.110822076032948,-0.0617219569264616,0.37118214003429734,0.2296215587914958,0.2296215587914958,-6.389873391632741,0.026817922365851544,0.20280363642564428,0.23626047822975182,0.23626047822975182,-6.266089212887578,0.02759329392514821,0.20866718430460365,0.23599338005292475,0.23599338005292475,-6.27100179431626,0.027562099039929643,0.20843128101299516
175.0,115.0,-0.3020546678988317,0.14812199132422077,0.13793052590993282,-0.0746009979062433,0.37117015717824625,0.229606733306243,0.229606733306243,-6.390153802336953,0.04098259926441841,0.18862413404182457,0.23624522410355286,0.23624522410355286,-6.26636962359179,0.04216750618830992,0.1940777179152429,0.23597814317188387,0.23597814317188387,-6.271282205020472,0.04211983480412992,0.19385830836775392
175.0,120.0,-0.28873944123878953,0.1411966993683501,0.16396999241788784,-0.08693229323755808,0.3711473492569597,0.2295785161055873,0.2295785161055873,-6.390687555307922,0.05740428430883724,0.17217423179675007,0.23621619107478886,0.23621619107478886,-6.266903376562761,0.059063982208907545,0.17715220886588134,0.2359491429656601,0.2359491429656601,-6.271815957991443,0.05899720895050076,0.17695193401515938
175.0,125.0,-0.2731850923111406,0.13321805643642137,0.18873441741451652,-0.09862652162663624,0.371113212250265,0.22953628617755722,0.22953628617755722,-6.391486493816338,0.07557800459229025,0.15395828158526698,0.23617274017651735,0.23617274017651735,-6.267702315071175,0.07776314908147984,0.15840959109503752,0.23590574118967853,0.23590574118967853,-6.2726148964998565,0.07767523596329934,0.1582305052263792
175.0,130.0,-0.2555125760914691,0.12424463660322534,0.2120276134565945,-0.10959842840221345,0.37106728586861504,0.22947947807455502,0.22947947807455502,-6.392561465427711,0.09494363717447685,0.13453584090007822,0.23611428961267109,0.23611428961267109,-6.268777286682549,0.09768868934507342,0.1384256002675977,0.23584735670560636,0.23584735670560636,-6.273689868111231,0.09757824992238114,0.1382691067832253
175.0,135.0,-0.23586041727592102,0.11434206321331922,0.23366504320388548,-0.11976735162114341,0.37100918423573637,0.22940762000974277,0.22940762000974277,-6.393921606578489,0.11490324453334623,0.11450437547639652,0.23604035395590364,0.23604035395590364,-6.270137427833328,0.11822537764517566,0.11781497631072799,0.23577350463488464,0.23577350463488464,-6.275050009262008,0.11809172100035582,0.1176817836345288
175.0,140.0,-0.21438357936688485,0.10358279724135368,0.2534755110604707,-0.1290577944400667,0.3709386256506622,0.22932037075248218,0.22932037075248218,-6.395573647535152,0.13483973831975535,0.09448063243272685,0.23595058210976663,0.23595058210976663,-6.27178946878999,0.13873828410305108,0.09721229800671556,0.2356838342779878,0.2356838342779878,-6.276702050218672,0.1385814371220507,0.09710239715593716
175.0,145.0,-0.19125214735702592,0.09204586277003485,0.27130274043892105,-0.13740003801364442,0.3708554598999092,0.22921755340471747,0.22921755340471747,-6.397521273028009,0.15413628104855345,0.07508127235616396,0.23584479206164985,0.23584479206164985,-6.273737094282846,0.15859273695704645,0.07725205510460331,0.23557816382807553,0.23557816382807553,-6.278649675711528,0.15841344403756777,0.07716471979050767
175.0,150.0,-0.1666498364597187,0.07981649071664886,0.2870068106152102,-0.14473078313246568,0.3707596918598674,0.2290991844774666,0.2290991844774666,-6.399764567624423,0.1721957914325701,0.0569033930448965,0.23572300079994507,0.23572300079994507,-6.275980388879261,0.17717439184336878,0.058548608956576285,0.2354565102543336,0.2354565102543336,-6.280892970307943,0.176974091914255,0.05848241834007861
175.0,155.0,-0.14077234408893818,0.06698566535809793,0.30046542881611304,-0.15099380338913793,0.37065150046820233,0.22896549711252975,0.22896549711252975,-6.4022995671069935,0.18845989768148824,0.040505599431041546,0.2355854482071507,0.2355854482071507,-6.278515388361832,0.19390873308106624,0.04167671512608452,0.23531911316806756,0.23531911316806756,-6.283427969790514,0.19368951457501363,0.041629598593054
175.0,160.0,-0.11382556670145964,0.05364956301111404,0.31157501591367925,-0.1561405882495379,0.370531252510113,0.22881695775762126,0.22881695775762126,-6.405117928700363,0.2024266874114965,0.026390270346124782,0.2354326142171224,0.2354326142171224,-6.281333749955199,0.20827933677487037,0.027153277442252065,0.23516645196055627,0.23516645196055627,-6.2862463313838814,0.20804387195426155,0.02712258000629474
175.0,165.0,-0.0860237069188326,0.03990887812685219,0.3202515877851439,-0.16013095134623714,0.3703995110193287,0.2286542760513294,0.2286542760513294,-6.408206724895877,0.21366663463758148,0.014987641413747874,0.23526522898583127,0.23526522898583127,-6.284422546150715,0.2198442582956904,0.015420970690140832,0.23499925596231183,0.23499925596231183,-6.289335127579396,0.2195957190519851,0.015403536910326695
175.0,170.0,-0.05758729932775056,0.025868038681165113,0.3264314188589139,-0.16293357786494064,0.37025703839790614,0.2284784080610044,0.2284784080610044,-6.411548358699993,0.22183614376494357,0.0066422642960608964,0.23508427622286696,0.23508427622286696,-6.287764179954831,0.2282499678618619,0.00683430836100514,0.23481850777081642,0.23481850777081642,-6.292676761383513,0.22799192576047642,0.006826582010340078
175.0,175.0,-0.028741185353068077,0.011634319641509256,0.33007147938764847,-0.16452648522569766,0.3701047945851186,0.2282905533061994,0.2282905533061994,-6.4151205930202355,0.22668823584031358,0.001602317465885787,0.23489099012881925,0.23489099012881925,-6.291336414275072,0.23324234575605882,0.0016486443727603529,0.2346254401913663,0.2346254401913663,-6.296248995703754,0.23297865965088754,0.0016467805404787122
175.0,180.0,0.0002875314895195726,-0.0026831300132809555,0.33114964331825225,-0.16489737341434899,0.3699439307378654,0.22809214617197468,0.22809214617197468,-6.4188966839671995,0.2280800100228486,1.213614912604503e-05,0.23468684656031968,0.23468684656031968,-6.295112505222036,0.2346743595255156,1.2487034804038513e-05,0.23442152741210143,0.23442152741210143,-6.300025086650718,0.23440905449419178,1.2472917909604347e-05
180.0,-180.0,-0.0012285806623511153,-0.002167758755302347,0.3345057830947253,-0.16534400595842572,0.3731473808278177,0.23205947925333112,0.23205947925333112,-6.344006866574439,0.23204913184966475,1.034740366636539e-05,0.23876888491957107,0.23876888491957107,-6.220222687829277,0.2387582383472217,1.0646572349383055e-05,0.23849895092839785,0.23849895092839785,-6.225135269257959,0.23848831639225565,1.0634536142204922e-05
180.0,-175.0,0.02793019443699559,-0.01657018942695396,0.3333399654601457,-0.16452588947261743,0.3731473808278179,0.23205947925333134,0.23205947925333134,-6.344006866574434,0.2303017424324627,0.0017577368208687373,0.2387688849195713,0.2387688849195713,-6.220222687829272,0.23696032763912203,0.0018085572804493646,0.23849895092839807,0.23849895092839807,-6.2251352692579545,0.23669243826563482,0.0018065126627633478
180.0,-170.0,0.05687640389196425,-0.030846510951712473,0.3296372294122398,-0.16245563162447443,0.3731473808278178,0.23205947925333117,0.23205947925333117,-6.344006866574437,0.22508225603442955,0.006977223218901738,0.23876888491957116,0.23876888491957116,-6.220222687829274,0.2315899331561164,0.007178951763454819,0.23849895092839793,0.23849895092839793,-6.225135269257956,0.2313281151432986,0.007170835785099422
180.0,-165.0,0.08538974957040359,-0.044888071902495975,0.3234257550081057,-0.15914898832627683,0.3731473808278178,0.23205947925333117,0.23205947925333117,-6.344006866574437,0.21654926410858255,0.015510215144748749,0.23876888491957116,0.23876888491957116,-6.220222687829274,0.22281023161702082,0.015958653302550415,0.23849895092839793,0.23849895092839793,-6.225135269257956,0.22255833926884125,0.01594061165955678
180.0,-160.0,0.1132532276948715,-0.058588007521942584,0.3147528153185495,-0.15463112513012992,0.37314738082781773,0.23205947925333117,0.23205947925333117,-6.344006866574437,0.2049620372966861,0.02709744195664509,0.2387688849195711,0.2387688849195711,-6.220222687829276,0.2108879898103571,0.027880895109214005,0.2384989509283979,0.2384989509283979,-6.225135269257958,0.2106495758444872,0.027849375083910676
180.0,-155.0,0.1402547803724129,-0.07184205302774102,0.3036844166514732,-0.14893642570291643,0.37314738082781773,0.23205947925333117,0.23205947925333117,-6.344006866574437,0.19067264762200023,0.04138683163133098,0.2387688849195711,0.2387688849195711,-6.220222687829276,0.1961854590204756,0.04258342589909556,0.2384989509283979,0.2384989509283979,-6.225135269257958,0.19596366662076076,0.042535284307637186
180.0,-150.0,0.1661889094831684,-0.08454933713058066,0.290304796204015,-0.1421082301458311,0.37314738082781784,0.2320594792533313,0.2320594792533313,-6.344006866574436,0.17411527095901008,0.05794420829432119,0.2387688849195712,0.2387688849195712,-6.220222687829274,0.17914936820558708,0.05961951671398414,0.238498950928398,0.238498950928398,-6.225135269257955,0.17894683551799598,0.05955211541040204
180.0,-145.0,0.1908582406451498,-0.09661314972557104,0.2747157809666156,-0.1341985051500406,0.37314738082781784,0.2320594792533313,0.2320594792533313,-6.344006866574436,0.15579299481918368,0.0762664844341476,0.2387688849195712,0.2387688849195712,-6.220222687829274,0.160297350364424,0.07847153455514724,0.238498950928398,0.238498950928398,-6.225135269257955,0.16011613033831826,0.07838282059007975
180.0,-140.0,0.2140750253524653,-0.10794167791453521,0.2570360127581363,-0.1252674484987854,0.3731473808278179,0.23205947925333134,0.23205947925333134,-6.344006866574434,0.13626253229151053,0.0957969469618209,0.2387688849195713,0.2387688849195713,-6.220222687829272,0.14020221451950873,0.09856667040006266,0.23849895092839807,0.23849895092839807,-6.2251352692579545,0.14004371252981554,0.09845523839858261
180.0,-135.0,0.2356625698548138,-0.11844870475760251,0.2374000452899798,-0.11538303092590112,0.3731473808278179,0.23205947925333134,0.23205947925333134,-6.344006866574434,0.11611730659700324,0.11594217265632818,0.2387688849195713,0.2387688849195713,-6.220222687829272,0.11947454120485981,0.11929434371471158,0.23849895092839807,0.23849895092839807,-6.2251352692579545,0.11933947235046583,0.11915947857793235
180.0,-130.0,0.255456579903617,-0.128054265436181,0.2159573201311,-0.10462047881749162,0.3731473808278179,0.23205947925333134,0.23205947925333134,-6.344006866574434,0.09596942022441322,0.13609005902891816,0.2387688849195713,0.2387688849195713,-6.220222687829272,0.09874413028543391,0.1400247546341374,0.23849895092839807,0.23849895092839807,-6.2251352692579545,0.09863249766126744,0.13986645326713068
180.0,-125.0,0.2733064111304533,-0.1366852558335105,0.1928710293674274,-0.09306170169370864,0.3731473808278177,0.23205947925333112,0.23205947925333112,-6.344006866574439,0.07643105650584923,0.15562842274748193,0.23876888491957107,0.23876888491957107,-6.220222687829277,0.0786408648069238,0.16012802011264732,0.23849895092839785,0.23849895092839785,-6.225135269257959,0.078551959409917,0.1599469915184809
180.0,-120.0,0.289076215541664,-0.1442759889011331,0.168316873611557,-0.08079466882784483,0.3731473808278178,0.23205947925333117,0.23205947925333117,-6.344006866574437,0.05809587873601074,0.17396360051732046,0.23876888491957116,0.23876888491957116,-6.220222687829274,0.059775572318150776,0.17899331260142037,0.23849895092839793,0.23849895092839793,-6.225135269257956,0.0597079945899391,0.17879095633845882
180.0,-115.0,0.3026459754036115,-0.1507686945769943,0.1424817248149958,-0.06791273974704634,0.37314738082781806,0.23205947925333156,0.23205947925333156,-6.344006866574431,0.04152099201338677,0.1905384872399447,0.23876888491957157,0.23876888491957157,-6.220222687829268,0.04272146518508774,0.1960474197344837,0.23849895092839835,0.23849895092839835,-6.225135269257949,0.042673167536882606,0.19582578339151563
180.0,-110.0,0.3139124166501012,-0.1561139594504977,0.1155622040597748,-0.05451395370993943,0.37314738082781834,0.2320594792533319,0.2320594792533319,-6.344006866574424,0.027210015883746747,0.20484946336958507,0.23876888491957188,0.23876888491957188,-6.220222687829262,0.02799672382317805,0.2107721610963937,0.23849895092839865,0.23849895092839865,-6.225135269257943,0.027965072850716078,0.21053387807768248
180.0,-105.0,0.3227897948603838,-0.1602711028283968,0.08776318515329218,-0.04070028356867458,0.3731473808278181,0.2320594792533316,0.2320594792533316,-6.34400686657443,0.01559778211508639,0.2164616971382453,0.23876888491957157,0.23876888491957157,-6.220222687829268,0.01604875204762464,0.222720132871947,0.23849895092839835,0.23849895092839835,-6.225135269257949,0.016030608545823624,0.2224683423825748
180.0,-100.0,0.3292105478259716,-0.1632084863394341,0.05929623541493284,-0.02657685969394893,0.37314738082781795,0.23205947925333145,0.23205947925333145,-6.344006866574433,0.00703712255439269,0.22502235669893866,0.23876888491957138,0.23876888491957138,-6.220222687829271,0.007240582934862322,0.23152830198470895,0.23849895092839818,0.23849895092839818,-6.225135269257952,0.007232397280979126,0.23126655364741894
180.0,-95.0,0.3331258097398404,-0.1649037547214497,0.03037800552102017,-0.01225116986940575,0.3731473808278179,0.23205947925333134,0.23205947925333134,-6.344006866574434,0.0017881485105146317,0.23027133074281672,0.2387688849195713,0.2387688849195713,-6.220222687829272,0.0018398482462338014,0.2369290366733375,0.23849895092839807,0.23849895092839807,-6.2251352692579545,0.0018377682533552225,0.23666118267504285
180.0,-90.0,0.3345057830947255,-0.1653440059584256,0.001228580662351147,0.002167758755302298,0.37314738082781784,0.2320594792533313,0.2320594792533313,-6.344006866574436,1.0347403666365168e-05,0.23204913184966494,0.2387688849195712,0.2387688849195712,-6.220222687829274,1.0646572349382826e-05,0.23875823834722187,0.238498950928398,0.238498950928398,-6.225135269257955,1.0634536142204695e-05,0.23848831639225584
180.0,-85.0,0.3333399654601456,-0.1645258894726174,-0.02793019443699554,0.01657018942695392,0.3731473808278178,0.23205947925333117,0.23205947925333117,-6.344006866574437,0.0017577368208687302,0.23030174243246251,0.23876888491957116,0.23876888491957116,-6.220222687829274,0.001808557280449357,0.2369603276391218,0.23849895092839793,0.23849895092839793,-6.225135269257956,0.00180651266276334,0.2366924382656346
180.0,-80.0,0.3296372294122398,-0.1624556316244744,-0.05687640389196429,0.03084651095171248,0.3731473808278178,0.23205947925333117,0.23205947925333117,-6.344006866574437,0.006977223218901748,0.2250822560344295,0.23876888491957116,0.23876888491957116,-6.220222687829274,0.007178951763454828,0.23158993315611637,0.23849895092839793,0.23849895092839793,-6.225135269257956,0.007170835785099431,0.23132811514329854
180.0,-75.0,0.323425755008106,-0.1591489883262768,-0.08538974957040346,0.04488807190249593,0.373147380827818,0.23205947925333148,0.23205947925333148,-6.344006866574432,0.015510215144748709,0.2165492641085828,0.23876888491957146,0.23876888491957146,-6.220222687829269,0.015958653302550373,0.2228102316170211,0.23849895092839823,0.23849895092839823,-6.225135269257951,0.015940611659556736,0.22255833926884153
180.0,-70.0,0.3147528153185499,-0.1546311251301297,-0.1132532276948714,0.05858800752194257,0.3731473808278179,0.23205947925333134,0.23205947925333134,-6.344006866574434,0.027097441956645037,0.20496203729668636,0.2387688849195713,0.2387688849195713,-6.220222687829272,0.027880895109213946,0.21088798981035742,0.23849895092839807,0.23849895092839807,-6.2251352692579545,0.027849375083910624,0.2106495758444875
180.0,-65.0,0.3036844166514736,-0.1489364257029162,-0.1402547803724128,0.07184205302774108,0.373147380827818,0.23205947925333148,0.23205947925333148,-6.344006866574432,0.04138683163133094,0.1906726476220005,0.23876888491957146,0.23876888491957146,-6.220222687829269,0.04258342589909553,0.19618545902047585,0.23849895092839823,0.23849895092839823,-6.225135269257951,0.042535284307637145,0.195963666620761
180.0,-60.0,0.2903047962040153,-0.1421082301458308,-0.1661889094831684,0.08454933713058083,0.37314738082781795,0.23205947925333145,0.23205947925333145,-6.344006866574433,0.05794420829432123,0.1741152709590102,0.23876888491957138,0.23876888491957138,-6.220222687829271,0.05961951671398419,0.1791493682055872,0.23849895092839818,0.23849895092839818,-6.225135269257952,0.05955211541040208,0.1789468355179961
180.0,-55.0,0.2747157809666159,-0.1341985051500404,-0.1908582406451497,0.0966131497255712,0.37314738082781795,0.23205947925333145,0.23205947925333145,-6.344006866574433,0.07626648443414757,0.15579299481918388,0.23876888491957138,0.23876888491957138,-6.220222687829271,0.07847153455514722,0.16029735036442422,0.23849895092839818,0.23849895092839818,-6.225135269257952,0.07838282059007973,0.16011613033831848
180.0,-50.0,0.2570360127581366,-0.1252674484987852,-0.2140750253524651,0.10794167791453518,0.3731473808278179,0.23205947925333134,0.23205947925333134,-6.344006866574434,0.09579694696182071,0.13626253229151067,0.2387688849195713,0.2387688849195713,-6.220222687829272,0.09856667040006248,0.14020221451950887,0.23849895092839807,0.23849895092839807,-6.2251352692579545,0.09845523839858245,0.1400437125298157
180.0,-45.0,0.2374000452899802,-0.11538303092590078,-0.2356625698548136,0.11844870475760248,0.37314738082781795,0.23205947925333145,0.23205947925333145,-6.344006866574433,0.11594217265632802,0.11611730659700345,0.23876888491957138,0.23876888491957138,-6.220222687829271,0.1192943437147114,0.11947454120486001,0.23849895092839818,0.23849895092839818,-6.225135269257952,0.11915947857793219,0.11933947235046603
180.0,-40.0,0.2159573201311003,-0.10462047881749138,-0.2554565799036168,0.128054265436181,0.3731473808278179,0.23205947925333134,0.23205947925333134,-6.344006866574434,0.13609005902891796,0.09596942022441338,0.2387688849195713,0.2387688849195713,-6.220222687829272,0.14002475463413724,0.09874413028543406,0.23849895092839807,0.23849895092839807,-6.2251352692579545,0.13986645326713049,0.0986324976612676
180.0,-35.0,0.1928710293674277,-0.09306170169370849,-0.2733064111304532,0.1366852558335107,0.37314738082781784,0.2320594792533313,0.2320594792533313,-6.344006866574436,0.15562842274748193,0.07643105650584936,0.2387688849195712,0.2387688849195712,-6.220222687829274,0.16012802011264732,0.07864086480692392,0.238498950928398,0.238498950928398,-6.225135269257955,0.1599469915184809,0.07855195940991712
180.0,-30.0,0.1683168736115573,-0.08079466882784478,-0.289076215541664,0.1442759889011334,0.37314738082781806,0.23205947925333156,0.23205947925333156,-6.344006866574431,0.17396360051732057,0.0580958787360109,0.23876888491957157,0.23876888491957157,-6.220222687829268,0.1789933126014205,0.05977557231815095,0.23849895092839835,0.23849895092839835,-6.225135269257949,0.17879095633845896,0.05970799458993926
180.0,-25.0,0.142481724814996,-0.0679127397470463,-0.3026459754036113,0.15076869457699446,0.373147380827818,0.23205947925333148,0.23205947925333148,-6.344006866574432,0.1905384872399446,0.041520992013386854,0.23876888491957146,0.23876888491957146,-6.220222687829269,0.1960474197344836,0.04272146518508782,0.23849895092839823,0.23849895092839823,-6.225135269257951,0.19582578339151555,0.042673167536882675
180.0,-20.0,0.1155622040597749,-0.054513953709939306,-0.313912416650101,0.15611395945049777,0.3731473808278181,0.2320594792533316,0.2320594792533316,-6.34400686657443,0.20484946336958493,0.027210015883746753,0.23876888491957157,0.23876888491957157,-6.220222687829268,0.21077216109639357,0.027996723823178058,0.23849895092839835,0.23849895092839835,-6.225135269257949,0.21053387807768234,0.027965072850716085
180.0,-15.0,0.08776318515329222,-0.04070028356867447,-0.3227897948603836,0.16027110282839688,0.373147380827818,0.23205947925333148,0.23205947925333148,-6.344006866574432,0.21646169713824523,0.015597782115086386,0.23876888491957146,0.23876888491957146,-6.220222687829269,0.22272013287194695,0.016048752047624636,0.23849895092839823,0.23849895092839823,-6.225135269257951,0.2224683423825747,0.01603060854582362
180.0,-10.0,0.05929623541493288,-0.026576859693948858,-0.3292105478259716,0.16320848633943397,0.37314738082781784,0.2320594792533313,0.2320594792533313,-6.344006866574436,0.22502235669893858,0.007037122554392692,0.2387688849195712,0.2387688849195712,-6.220222687829274,0.23152830198470892,0.0072405829348623245,0.238498950928398,0.238498950928398,-6.225135269257955,0.2312665536474189,0.007232397280979129
180.0,-5.0,0.03037800552102009,-0.012251169869405647,-0.3331258097398401,0.16490375472144958,0.37314738082781757,0.23205947925333095,0.23205947925333095,-6.344006866574442,0.2302713307428163,0.0017881485105146193,0.23876888491957093,0.23876888491957093,-6.220222687829279,0.2369290366733371,0.0018398482462337886,0.2384989509283977,0.2384989509283977,-6.225135269257961,0.23666118267504244,0.00183776825335521
180.0,0.0,0.0012285806623511788,0.002167758755302349,-0.3345057830947252,0.16534400595842547,0.37314738082781745,0.23205947925333084,0.23205947925333084,-6.3440068665744445,0.2320491318496645,1.0347403666365668e-05,0.23876888491957077,0.23876888491957077,-6.220222687829282,0.23875823834722137,1.0646572349383338e-05,0.23849895092839754,0.23849895092839754,-6.225135269257964,0.23848831639225535,1.0634536142205207e-05
180.0,5.0,-0.02793019443699557,0.01657018942695393,-0.3333399654601456,0.16452588947261737,0.3731473808278178,0.23205947925333117,0.23205947925333117,-6.344006866574437,0.23030174243246251,0.0017577368208687336,0.23876888491957116,0.23876888491957116,-6.220222687829274,0.2369603276391218,0.001808557280449361,0.23849895092839793,0.23849895092839793,-6.225135269257956,0.2366924382656346,0.001806512662763344
180.0,10.0,-0.05687640389196427,0.030846510951712466,-0.3296372294122398,0.16245563162447427,0.37314738082781773,0.23205947925333117,0.23205947925333117,-6.344006866574437,0.22508225603442947,0.00697722321890174,0.2387688849195711,0.2387688849195711,-6.220222687829276,0.23158993315611634,0.0071789517634548205,0.2384989509283979,0.2384989509283979,-6.225135269257958,0.23132811514329849,0.007170835785099424
180.0,15.0,-0.08538974957040348,0.04488807190249598,-0.3234257550081057,0.15914898832627689,0.3731473808278178,0.23205947925333117,0.23205947925333117,-6.344006866574437,0.21654926410858258,0.015510215144748722,0.23876888491957116,0.23876888491957116,-6.220222687829274,0.22281023161702088,0.015958653302550387,0.23849895092839793,0.23849895092839793,-6.225135269257956,0.22255833926884128,0.01594061165955675
180.0,20.0,-0.1132532276948715,0.05858800752194263,-0.3147528153185497,0.15463112513012986,0.3731473808278179,0.23205947925333134,0.23205947925333134,-6.344006866574434,0.20496203729668624,0.027097441956645093,0.2387688849195713,0.2387688849195713,-6.220222687829272,0.21088798981035728,0.027880895109214005,0.23849895092839807,0.23849895092839807,-6.2251352692579545,0.21064957584448737,0.02784937508391068
180.0,25.0,-0.140254780372413,0.07184205302774105,-0.3036844166514733,0.14893642570291638,0.37314738082781784,0.2320594792533313,0.2320594792533313,-6.344006866574436,0.19067264762200023,0.04138683163133104,0.2387688849195712,0.2387688849195712,-6.220222687829274,0.1961854590204756,0.042583425899095625,0.238498950928398,0.238498950928398,-6.225135269257955,0.19596366662076076,0.04253528430763724
180.0,30.0,-0.1661889094831685,0.0845493371305806,-0.2903047962040152,0.142108230145831,0.373147380827818,0.23205947925333148,0.23205947925333148,-6.344006866574432,0.17411527095901025,0.057944208294321224,0.23876888491957146,0.23876888491957146,-6.220222687829269,0.17914936820558727,0.059619516713984175,0.23849895092839823,0.23849895092839823,-6.225135269257951,0.17894683551799612,0.059552115410402076
180.0,35.0,-0.19085824064515,0.09661314972557103,-0.2747157809666156,0.1341985051500406,0.3731473808278179,0.23205947925333134,0.23205947925333134,-6.344006866574434,0.15579299481918368,0.07626648443414771,0.2387688849195713,0.2387688849195713,-6.220222687829272,0.160297350364424,0.07847153455514737,0.23849895092839807,0.23849895092839807,-6.2251352692579545,0.16011613033831826,0.07838282059007988
180.0,40.0,-0.2140750253524653,0.10794167791453509,-0.2570360127581363,0.1252674484987855,0.37314738082781795,0.23205947925333145,0.23205947925333145,-6.344006866574433,0.1362625322915106,0.09579694696182085,0.23876888491957138,0.23876888491957138,-6.220222687829271,0.1402022145195088,0.09856667040006262,0.23849895092839818,0.23849895092839818,-6.225135269257952,0.1400437125298156,0.0984552383985826
180.0,45.0,-0.2356625698548138,0.11844870475760248,-0.2374000452899798,0.11538303092590109,0.3731473808278179,0.23205947925333134,0.23205947925333134,-6.344006866574434,0.11611730659700324,0.11594217265632815,0.2387688849195713,0.2387688849195713,-6.220222687829272,0.1194745412048598,0.11929434371471155,0.23849895092839807,0.23849895092839807,-6.2251352692579545,0.11933947235046583,0.11915947857793231
180.0,50.0,-0.255456579903617,0.128054265436181,-0.2159573201311,0.10462047881749159,0.3731473808278179,0.23205947925333134,0.23205947925333134,-6.344006866574434,0.09596942022441322,0.13609005902891816,0.2387688849195713,0.2387688849195713,-6.220222687829272,0.09874413028543391,0.1400247546341374,0.23849895092839807,0.23849895092839807,-6.2251352692579545,0.09863249766126744,0.13986645326713068
180.0,55.0,-0.2733064111304535,0.1366852558335106,-0.1928710293674275,0.09306170169370867,0.373147380827818,0.23205947925333148,0.23205947925333148,-6.344006866574432,0.07643105650584929,0.1556284227474822,0.23876888491957146,0.23876888491957146,-6.220222687829269,0.07864086480692385,0.1601280201126476,0.23849895092839823,0.23849895092839823,-6.225135269257951,0.07855195940991705,0.15994699151848116
180.0,60.0,-0.289076215541664,0.1442759889011332,-0.1683168736115572,0.08079466882784493,0.3731473808278179,0.23205947925333134,0.23205947925333134,-6.344006866574434,0.058095878736010874,0.17396360051732046,0.2387688849195713,0.2387688849195713,-6.220222687829272,0.05977557231815092,0.1789933126014204,0.23849895092839807,0.23849895092839807,-6.2251352692579545,0.05970799458993923,0.17879095633845885
180.0,65.0,-0.3026459754036114,0.1507686945769943,-0.1424817248149959,0.0679127397470464,0.37314738082781795,0.23205947925333145,0.23205947925333145,-6.344006866574433,0.04152099201338683,0.1905384872399446,0.23876888491957138,0.23876888491957138,-6.220222687829271,0.0427214651850878,0.19604741973448359,0.23849895092839818,0.23849895092839818,-6.225135269257952,0.04267316753688266,0.19582578339151552
180.0,70.0,-0.3139124166501011,0.1561139594504977,-0.1155622040597748,0.05451395370993943,0.37314738082781823,0.23205947925333176,0.23205947925333176,-6.344006866574427,0.027210015883746747,0.20484946336958496,0.2387688849195717,0.2387688849195717,-6.220222687829264,0.02799672382317805,0.2107721610963936,0.23849895092839848,0.23849895092839848,-6.2251352692579465,0.027965072850716078,0.21053387807768237
180.0,75.0,-0.3227897948603838,0.1602711028283968,-0.08776318515329214,0.04070028356867454,0.3731473808278181,0.2320594792533316,0.2320594792533316,-6.34400686657443,0.01559778211508637,0.2164616971382453,0.23876888491957157,0.23876888491957157,-6.220222687829268,0.016048752047624622,0.222720132871947,0.23849895092839835,0.23849895092839835,-6.225135269257949,0.016030608545823607,0.2224683423825748
180.0,80.0,-0.3292105478259718,0.1632084863394341,-0.05929623541493293,0.02657685969394898,0.3731473808278181,0.2320594792533316,0.2320594792533316,-6.34400686657443,0.007037122554392711,0.2250223566989389,0.23876888491957157,0.23876888491957157,-6.220222687829268,0.007240582934862343,0.23152830198470925,0.23849895092839835,0.23849895092839835,-6.225135269257949,0.007232397280979148,0.23126655364741922
180.0,85.0,-0.3331258097398405,0.1649037547214496,-0.03037800552102011,0.01225116986940571,0.3731473808278179,0.23205947925333134,0.23205947925333134,-6.344006866574434,0.0017881485105146239,0.23027133074281683,0.2387688849195713,0.2387688849195713,-6.220222687829272,0.0018398482462337936,0.23692903667333762,0.23849895092839807,0.23849895092839807,-6.2251352692579545,0.0018377682533552145,0.23666118267504296
180.0,90.0,-0.3345057830947257,0.1653440059584255,-0.001228580662351191,-0.002167758755302277,0.37314738082781795,0.23205947925333145,0.23205947925333145,-6.344006866574433,1.0347403666365197e-05,0.23204913184966502,0.23876888491957138,0.23876888491957138,-6.220222687829271,1.0646572349382855e-05,0.23875823834722198,0.23849895092839818,0.23849895092839818,-6.225135269257952,1.0634536142204724e-05,0.23848831639225593
180.0,95.0,-0.3333399654601458,0.1645258894726173,0.0279301944369956,-0.01657018942695391,0.37314738082781795,0.23205947925333145,0.23205947925333145,-6.344006866574433,0.0017577368208687352,0.23030174243246274,0.23876888491957138,0.23876888491957138,-6.220222687829271,0.001808557280449362,0.23696032763912206,0.23849895092839818,0.23849895092839818,-6.225135269257952,0.0018065126627633454,0.23669243826563488
180.0,100.0,-0.3296372294122401,0.1624556316244743,0.05687640389196425,-0.03084651095171247,0.3731473808278181,0.2320594792533316,0.2320594792533316,-6.34400686657443,0.006977223218901737,0.2250822560344298,0.23876888491957157,0.23876888491957157,-6.220222687829268,0.007178951763454818,0.2315899331561167,0.23849895092839835,0.23849895092839835,-6.225135269257949,0.007170835785099421,0.23132811514329887
180.0,105.0,-0.3234257550081059,0.1591489883262767,0.08538974957040345,-0.04488807190249593,0.3731473808278179,0.23205947925333134,0.23205947925333134,-6.344006866574434,0.015510215144748709,0.2165492641085827,0.2387688849195713,0.2387688849195713,-6.220222687829272,0.015958653302550373,0.222810231617021,0.23849895092839807,0.23849895092839807,-6.2251352692579545,0.015940611659556736,0.2225583392688414
180.0,110.0,-0.31475281531855,0.1546311251301297,0.1132532276948714,-0.0585880075219426,0.373147380827818,0.23205947925333148,0.23205947925333148,-6.344006866574432,0.02709744195664504,0.20496203729668644,0.23876888491957146,0.23876888491957146,-6.220222687829269,0.027880895109213953,0.2108879898103575,0.23849895092839823,0.23849895092839823,-6.225135269257951,0.027849375083910624,0.2106495758444876
180.0,115.0,-0.3036844166514735,0.1489364257029162,0.1402547803724127,-0.07184205302774109,0.37314738082781784,0.2320594792533313,0.2320594792533313,-6.344006866574436,0.041386831631330924,0.19067264762200034,0.2387688849195712,0.2387688849195712,-6.220222687829274,0.0425834258990955,0.1961854590204757,0.238498950928398,0.238498950928398,-6.225135269257955,0.04253528430763712,0.1959636666207609
180.0,120.0,-0.2903047962040153,0.1421082301458308,0.1661889094831682,-0.08454933713058078,0.37314738082781784,0.2320594792533313,0.2320594792533313,-6.344006866574436,0.05794420829432112,0.1741152709590102,0.2387688849195712,0.2387688849195712,-6.220222687829274,0.059619516713984064,0.1791493682055872,0.238498950928398,0.238498950928398,-6.225135269257955,0.059552115410401965,0.1789468355179961
180.0,125.0,-0.2747157809666158,0.1341985051500403,0.1908582406451498,-0.09661314972557117,0.3731473808278179,0.23205947925333134,0.23205947925333134,-6.344006866574434,0.07626648443414763,0.15579299481918377,0.2387688849195713,0.2387688849195713,-6.220222687829272,0.07847153455514727,0.16029735036442405,0.23849895092839807,0.23849895092839807,-6.2251352692579545,0.07838282059007978,0.16011613033831834
180.0,130.0,-0.2570360127581366,0.1252674484987852,0.2140750253524651,-0.10794167791453521,0.3731473808278179,0.23205947925333134,0.23205947925333134,-6.344006866574434,0.09579694696182071,0.13626253229151067,0.2387688849195713,0.2387688849195713,-6.220222687829272,0.09856667040006248,0.14020221451950887,0.23849895092839807,0.23849895092839807,-6.2251352692579545,0.09845523839858245,0.1400437125298157
180.0,135.0,-0.2374000452899802,0.11538303092590091,0.2356625698548135,-0.11844870475760251,0.373147380827818,0.23205947925333148,0.23205947925333148,-6.344006866574432,0.11594217265632792,0.11611730659700349,0.23876888491957146,0.23876888491957146,-6.220222687829269,0.11929434371471132,0.11947454120486006,0.23849895092839823,0.23849895092839823,-6.225135269257951,0.11915947857793209,0.11933947235046606
180.0,140.0,-0.2159573201311003,0.10462047881749151,0.2554565799036166,-0.1280542654361811,0.37314738082781784,0.2320594792533313,0.2320594792533313,-6.344006866574436,0.13609005902891785,0.09596942022441343,0.2387688849195712,0.2387688849195712,-6.220222687829274,0.1400247546341371,0.09874413028543415,0.238498950928398,0.238498950928398,-6.225135269257955,0.13986645326713038,0.09863249766126765
180.0,145.0,-0.1928710293674275,0.09306170169370853,0.2733064111304531,-0.1366852558335108,0.37314738082781773,0.23205947925333117,0.23205947925333117,-6.344006866574437,0.15562842274748193,0.07643105650584926,0.2387688849195711,0.2387688849195711,-6.220222687829276,0.16012802011264732,0.07864086480692382,0.2384989509283979,0.2384989509283979,-6.225135269257958,0.1599469915184809,0.07855195940991702
180.0,150.0,-0.1683168736115572,0.08079466882784479,0.2890762155416639,-0.1442759889011334,0.3731473808278179,0.23205947925333134,0.23205947925333134,-6.344006866574434,0.17396360051732046,0.05809587873601084,0.2387688849195713,0.2387688849195713,-6.220222687829272,0.1789933126014204,0.05977557231815087,0.23849895092839807,0.23849895092839807,-6.2251352692579545,0.17879095633845885,0.05970799458993918
180.0,155.0,-0.1424817248149959,0.06791273974704629,0.3026459754036112,-0.15076869457699443,0.37314738082781784,0.2320594792533313,0.2320594792533313,-6.344006866574436,0.1905384872399445,0.04152099201338681,0.2387688849195712,0.2387688849195712,-6.220222687829274,0.1960474197344835,0.04272146518508777,0.238498950928398,0.238498950928398,-6.225135269257955,0.1958257833915154,0.04267316753688264
180.0,160.0,-0.1155622040597749,0.054513953709939306,0.3139124166501008,-0.15611395945049783,0.37314738082781795,0.23205947925333145,0.23205947925333145,-6.344006866574433,0.2048494633695847,0.027210015883746753,0.23876888491957138,0.23876888491957138,-6.220222687829271,0.21077216109639338,0.027996723823178058,0.23849895092839818,0.23849895092839818,-6.225135269257952,0.21053387807768212,0.027965072850716085
180.0,165.0,-0.08776318515329228,0.0407002835686745,0.3227897948603836,-0.16027110282839682,0.37314738082781806,0.23205947925333156,0.23205947925333156,-6.344006866574431,0.21646169713824515,0.015597782115086407,0.23876888491957157,0.23876888491957157,-6.220222687829268,0.22272013287194686,0.016048752047624657,0.23849895092839835,0.23849895092839835,-6.225135269257949,0.22246834238257465,0.01603060854582364
180.0,170.0,-0.05929623541493287,0.026576859693948834,0.3292105478259715,-0.16320848633943402,0.3731473808278178,0.23205947925333117,0.23205947925333117,-6.344006866574437,0.2250223566989385,0.007037122554392685,0.23876888491957116,0.23876888491957116,-6.220222687829274,0.2315283019847088,0.007240582934862317,0.23849895092839793,0.23849895092839793,-6.225135269257956,0.2312665536474188,0.007232397280979122
180.0,175.0,-0.03037800552102014,0.012251169869405682,0.33312580973984,-0.16490375472144964,0.37314738082781745,0.23205947925333084,0.23205947925333084,-6.3440068665744445,0.2302713307428163,0.0017881485105146256,0.23876888491957077,0.23876888491957077,-6.220222687829282,0.23692903667333706,0.0018398482462337953,0.23849895092839754,0.23849895092839754,-6.225135269257964,0.2366611826750424,0.0018377682533552162
180.0,180.0,-0.0012285806623511973,-0.002167758755302306,0.3345057830947253,-0.16534400595842572,0.3731473808278177,0.23205947925333112,0.23205947925333112,-6.344006866574439,0.23204913184966475,1.0347403666365434e-05,0.23876888491957107,0.23876888491957107,-6.220222687829277,0.2387582383472217,1.0646572349383099e-05,0.23849895092839785,0.23849895092839785,-6.225135269257959,0.23848831639225565,1.0634536142204968e-05
